     1     1  2001        0.00
     2     1  2001        0.00
     3     1  2001        0.00
     4     1  2001        0.00
     5     1  2001        0.00
     6     1  2001        0.00
     7     1  2001        0.00
     8     1  2001        0.00
     9     1  2001        0.00
    10     1  2001        0.00
    11     1  2001        0.00
    12     1  2001        0.00
    13     1  2001        0.00
    14     1  2001        0.00
    15     1  2001        0.00
    16     1  2001        0.00
    17     1  2001        0.00
    18     1  2001        0.00
    19     1  2001        0.00
    20     1  2001        0.00
    21     1  2001        0.00
    22     1  2001        0.00
    23     1  2001        0.00
    24     1  2001        0.00
    25     1  2001        0.00
    26     1  2001        0.00
    27     1  2001        0.00
    28     1  2001        0.00
    29     1  2001        0.00
    30     1  2001        0.20
    31     1  2001        0.00
     1     2  2001        0.00
     2     2  2001        0.00
     3     2  2001        0.00
     4     2  2001        0.00
     5     2  2001        0.60
     6     2  2001        0.00
     7     2  2001        0.20
     8     2  2001        0.00
     9     2  2001        0.20
    10     2  2001        0.00
    11     2  2001        0.00
    12     2  2001        0.00
    13     2  2001        0.00
    14     2  2001        0.00
    15     2  2001        0.00
    16     2  2001        0.00
    17     2  2001        0.00
    18     2  2001        0.00
    19     2  2001        0.00
    20     2  2001        0.00
    21     2  2001        0.20
    22     2  2001        0.20
    23     2  2001        0.40
    24     2  2001        0.79
    25     2  2001        1.19
    26     2  2001        1.98
    27     2  2001        0.98
    28     2  2001        1.21
     1     3  2001        1.60
     2     3  2001        1.80
     3     3  2001        0.40
     4     3  2001        0.00
     5     3  2001        0.00
     6     3  2001        0.00
     7     3  2001        0.00
     8     3  2001        0.20
     9     3  2001        0.00
    10     3  2001        0.00
    11     3  2001        0.00
    12     3  2001        0.00
    13     3  2001        0.00
    14     3  2001        0.00
    15     3  2001        0.00
    16     3  2001        0.59
    17     3  2001        1.22
    18     3  2001        0.20
    19     3  2001        0.40
    20     3  2001        0.20
    21     3  2001        1.18
    22     3  2001        0.00
    23     3  2001        0.00
    24     3  2001        0.00
    25     3  2001        0.20
    26     3  2001        0.00
    27     3  2001        0.00
    28     3  2001        0.00
    29     3  2001        0.00
    30     3  2001        0.00
    31     3  2001        0.00
     1     4  2001        0.00
     2     4  2001        0.00
     3     4  2001        0.00
     4     4  2001        0.00
     5     4  2001        0.00
     6     4  2001        0.00
     7     4  2001        0.00
     8     4  2001        0.40
     9     4  2001        0.00
    10     4  2001        2.75
    11     4  2001        0.20
    12     4  2001        0.00
    13     4  2001        0.00
    14     4  2001        0.00
    15     4  2001        0.00
    16     4  2001        0.00
    17     4  2001        0.00
    18     4  2001        0.00
    19     4  2001        0.00
    20     4  2001        0.00
    21     4  2001        0.00
    22     4  2001        0.00
    23     4  2001        0.00
    24     4  2001        0.00
    25     4  2001        0.00
    26     4  2001        0.00
    27     4  2001        0.00
    28     4  2001        0.00
    29     4  2001        0.00
    30     4  2001        0.00
     1     5  2001        1.39
     2     5  2001        0.99
     3     5  2001        2.56
     4     5  2001        0.60
     5     5  2001        2.56
     6     5  2001        0.00
     7     5  2001        0.20
     8     5  2001        0.00
     9     5  2001        0.20
    10     5  2001        1.38
    11     5  2001        2.36
    12     5  2001        0.42
    13     5  2001        0.00
    14     5  2001        0.00
    15     5  2001        0.59
    16     5  2001        0.99
    17     5  2001        0.00
    18     5  2001        0.59
    19     5  2001        0.00
    20     5  2001        0.00
    21     5  2001        0.00
    22     5  2001        1.21
    23     5  2001        0.20
    24     5  2001        0.00
    25     5  2001        0.00
    26     5  2001        0.00
    27     5  2001        0.00
    28     5  2001        0.00
    29     5  2001        0.00
    30     5  2001        0.00
    31     5  2001        0.00
     1     6  2001        0.00
     2     6  2001        0.00
     3     6  2001        0.00
     4     6  2001        0.00
     5     6  2001        0.00
     6     6  2001        0.00
     7     6  2001        0.00
     8     6  2001        0.00
     9     6  2001        0.00
    10     6  2001        0.00
    11     6  2001        0.00
    12     6  2001        0.00
    13     6  2001        0.00
    14     6  2001        0.00
    15     6  2001        0.00
    16     6  2001        0.00
    17     6  2001        0.00
    18     6  2001        0.00
    19     6  2001        0.00
    20     6  2001        0.00
    21     6  2001        0.00
    22     6  2001        0.00
    23     6  2001        0.00
    24     6  2001        0.00
    25     6  2001        0.00
    26     6  2001        0.00
    27     6  2001        0.00
    28     6  2001        0.00
    29     6  2001        0.00
    30     6  2001        0.00
     1     7  2001        0.00
     2     7  2001        0.00
     3     7  2001        0.00
     4     7  2001        0.00
     5     7  2001        0.00
     6     7  2001        0.00
     7     7  2001        0.00
     8     7  2001        0.00
     9     7  2001        0.00
    10     7  2001        0.00
    11     7  2001        0.00
    12     7  2001        0.00
    13     7  2001        0.00
    14     7  2001        0.00
    15     7  2001        0.00
    16     7  2001        0.00
    17     7  2001        0.00
    18     7  2001        0.00
    19     7  2001        0.00
    20     7  2001        0.00
    21     7  2001        0.00
    22     7  2001        0.00
    23     7  2001        0.00
    24     7  2001        0.00
    25     7  2001        0.00
    26     7  2001        0.00
    27     7  2001        0.00
    28     7  2001        0.00
    29     7  2001        0.00
    30     7  2001        0.00
    31     7  2001        0.00
     1     8  2001        0.00
     2     8  2001        0.00
     3     8  2001        0.00
     4     8  2001        0.20
     5     8  2001        0.00
     6     8  2001        0.00
     7     8  2001        0.00
     8     8  2001        0.00
     9     8  2001        0.00
    10     8  2001        0.00
    11     8  2001        0.00
    12     8  2001        0.00
    13     8  2001        0.59
    14     8  2001        0.00
    15     8  2001        0.00
    16     8  2001        0.00
    17     8  2001        0.00
    18     8  2001        0.00
    19     8  2001        0.00
    20     8  2001        0.00
    21     8  2001        0.00
    22     8  2001        0.00
    23     8  2001        0.00
    24     8  2001        0.00
    25     8  2001        0.00
    26     8  2001        0.00
    27     8  2001        0.00
    28     8  2001        0.00
    29     8  2001        0.00
    30     8  2001        0.00
    31     8  2001        0.00
     1     9  2001        0.00
     2     9  2001        0.00
     3     9  2001        0.00
     4     9  2001        0.00
     5     9  2001        0.00
     6     9  2001        0.00
     7     9  2001        0.00
     8     9  2001        0.20
     9     9  2001        0.00
    10     9  2001        0.00
    11     9  2001        0.00
    12     9  2001        0.00
    13     9  2001        0.00
    14     9  2001        0.00
    15     9  2001        0.00
    16     9  2001        0.00
    17     9  2001        0.00
    18     9  2001        0.00
    19     9  2001        0.00
    20     9  2001        0.00
    21     9  2001        0.00
    22     9  2001        0.00
    23     9  2001        0.00
    24     9  2001        0.00
    25     9  2001        0.00
    26     9  2001        0.00
    27     9  2001        0.00
    28     9  2001        0.00
    29     9  2001        0.00
    30     9  2001        0.00
     1    10  2001        0.00
     2    10  2001        0.00
     3    10  2001        0.00
     4    10  2001        0.00
     5    10  2001        0.00
     6    10  2001        0.00
     7    10  2001        0.00
     8    10  2001        0.00
     9    10  2001        0.00
    10    10  2001        0.00
    11    10  2001        0.00
    12    10  2001        0.00
    13    10  2001        0.00
    14    10  2001        0.00
    15    10  2001        0.00
    16    10  2001        0.00
    17    10  2001        0.00
    18    10  2001        0.00
    19    10  2001        0.00
    20    10  2001        0.00
    21    10  2001        0.00
    22    10  2001        0.00
    23    10  2001        0.00
    24    10  2001        0.00
    25    10  2001        0.00
    26    10  2001        0.00
    27    10  2001        0.00
    28    10  2001        0.00
    29    10  2001        0.00
    30    10  2001        0.00
    31    10  2001        0.00
     1    11  2001        0.00
     2    11  2001        0.00
     3    11  2001        0.00
     4    11  2001        0.00
     5    11  2001        0.00
     6    11  2001        0.00
     7    11  2001        0.00
     8    11  2001        0.00
     9    11  2001        0.00
    10    11  2001        0.00
    11    11  2001        0.00
    12    11  2001        0.00
    13    11  2001        0.00
    14    11  2001        0.00
    15    11  2001        0.00
    16    11  2001        0.59
    17    11  2001        0.00
    18    11  2001        0.00
    19    11  2001        0.00
    20    11  2001        0.00
    21    11  2001        0.00
    22    11  2001        0.00
    23    11  2001        0.00
    24    11  2001        0.00
    25    11  2001        0.00
    26    11  2001        0.00
    27    11  2001        0.00
    28    11  2001        0.00
    29    11  2001        0.00
    30    11  2001        0.00
     1    12  2001        0.00
     2    12  2001        0.00
     3    12  2001        0.00
     4    12  2001        0.00
     5    12  2001        0.00
     6    12  2001        0.00
     7    12  2001        0.00
     8    12  2001        0.00
     9    12  2001        0.00
    10    12  2001        0.00
    11    12  2001        0.00
    12    12  2001        0.00
    13    12  2001        0.00
    14    12  2001        0.00
    15    12  2001        0.00
    16    12  2001        0.00
    17    12  2001        0.00
    18    12  2001        0.00
    19    12  2001        0.00
    20    12  2001        0.00
    21    12  2001        0.00
    22    12  2001        0.00
    23    12  2001        0.00
    24    12  2001        0.00
    25    12  2001        0.00
    26    12  2001        0.00
    27    12  2001        0.00
    28    12  2001        0.00
    29    12  2001        0.00
    30    12  2001        0.00
    31    12  2001        0.00
     1     1  2002        0.00
     2     1  2002        0.00
     3     1  2002        0.00
     4     1  2002        0.00
     5     1  2002        0.00
     6     1  2002        0.00
     7     1  2002        0.00
     8     1  2002        0.00
     9     1  2002        0.00
    10     1  2002        0.00
    11     1  2002        0.00
    12     1  2002        0.00
    13     1  2002        0.00
    14     1  2002        0.00
    15     1  2002        0.00
    16     1  2002        0.00
    17     1  2002        0.00
    18     1  2002        0.00
    19     1  2002        0.00
    20     1  2002        0.00
    21     1  2002        0.00
    22     1  2002        0.00
    23     1  2002        0.00
    24     1  2002        0.00
    25     1  2002        0.00
    26     1  2002        0.00
    27     1  2002        0.00
    28     1  2002        0.00
    29     1  2002        0.00
    30     1  2002        0.00
    31     1  2002        0.00
     1     2  2002        0.00
     2     2  2002        0.00
     3     2  2002        0.00
     4     2  2002        0.00
     5     2  2002        0.00
     6     2  2002        0.00
     7     2  2002        0.00
     8     2  2002        0.00
     9     2  2002        0.00
    10     2  2002        0.00
    11     2  2002        0.00
    12     2  2002        0.00
    13     2  2002        0.00
    14     2  2002        0.00
    15     2  2002        0.00
    16     2  2002        0.00
    17     2  2002        0.00
    18     2  2002        0.00
    19     2  2002        0.00
    20     2  2002        0.00
    21     2  2002        0.00
    22     2  2002        0.00
    23     2  2002        0.00
    24     2  2002        0.00
    25     2  2002        0.00
    26     2  2002        0.00
    27     2  2002        0.00
    28     2  2002        0.00
     1     3  2002        0.00
     2     3  2002        0.00
     3     3  2002        0.00
     4     3  2002        0.00
     5     3  2002        0.00
     6     3  2002        0.00
     7     3  2002        0.00
     8     3  2002        0.00
     9     3  2002        0.00
    10     3  2002        0.00
    11     3  2002        0.00
    12     3  2002        0.00
    13     3  2002        0.00
    14     3  2002        0.00
    15     3  2002        0.00
    16     3  2002        0.00
    17     3  2002        0.00
    18     3  2002        0.00
    19     3  2002        0.00
    20     3  2002        0.00
    21     3  2002        0.00
    22     3  2002        0.00
    23     3  2002        0.00
    24     3  2002        0.00
    25     3  2002        0.00
    26     3  2002        0.00
    27     3  2002        0.00
    28     3  2002        0.00
    29     3  2002        0.00
    30     3  2002        0.00
    31     3  2002        0.00
     1     4  2002        0.00
     2     4  2002        0.00
     3     4  2002        0.00
     4     4  2002        0.00
     5     4  2002        0.00
     6     4  2002        0.00
     7     4  2002        0.00
     8     4  2002        0.00
     9     4  2002        0.00
    10     4  2002        0.00
    11     4  2002        0.60
    12     4  2002        0.00
    13     4  2002        0.00
    14     4  2002        0.39
    15     4  2002        0.00
    16     4  2002        0.00
    17     4  2002        0.20
    18     4  2002        0.00
    19     4  2002        0.00
    20     4  2002        9.11
    21     4  2002        0.00
    22     4  2002        0.00
    23     4  2002        0.00
    24     4  2002        0.20
    25     4  2002        0.00
    26     4  2002        0.00
    27     4  2002        0.79
    28     4  2002        0.00
    29     4  2002        0.00
    30     4  2002        0.42
     1     5  2002        5.31
     2     5  2002        1.38
     3     5  2002        1.58
     4     5  2002        0.00
     5     5  2002        1.38
     6     5  2002        4.32
     7     5  2002        1.78
     8     5  2002        2.37
     9     5  2002        3.74
    10     5  2002        2.95
    11     5  2002        1.38
    12     5  2002        2.37
    13     5  2002        0.00
    14     5  2002        1.38
    15     5  2002        0.59
    16     5  2002        0.20
    17     5  2002        0.20
    18     5  2002        0.20
    19     5  2002        0.00
    20     5  2002        0.00
    21     5  2002        0.20
    22     5  2002        0.60
    23     5  2002        2.76
    24     5  2002        0.40
    25     5  2002        1.78
    26     5  2002        0.62
    27     5  2002        0.79
    28     5  2002        1.20
    29     5  2002        0.79
    30     5  2002        3.15
    31     5  2002        1.77
     1     6  2002        0.00
     2     6  2002        0.00
     3     6  2002        0.00
     4     6  2002        4.72
     5     6  2002        1.77
     6     6  2002        0.00
     7     6  2002        0.99
     8     6  2002        0.00
     9     6  2002        3.53
    10     6  2002        0.00
    11     6  2002        0.00
    12     6  2002        0.00
    13     6  2002        0.00
    14     6  2002        0.00
    15     6  2002        0.00
    16     6  2002        0.00
    17     6  2002        0.00
    18     6  2002        0.00
    19     6  2002        0.00
    20     6  2002        0.00
    21     6  2002        0.00
    22     6  2002        0.00
    23     6  2002        0.00
    24     6  2002        0.00
    25     6  2002        0.00
    26     6  2002        0.00
    27     6  2002        0.00
    28     6  2002        0.00
    29     6  2002        0.00
    30     6  2002        0.00
     1     7  2002        0.00
     2     7  2002        1.57
     3     7  2002        4.33
     4     7  2002        0.20
     5     7  2002        0.00
     6     7  2002        0.00
     7     7  2002        0.00
     8     7  2002        0.00
     9     7  2002        0.00
    10     7  2002        0.00
    11     7  2002        0.00
    12     7  2002        0.00
    13     7  2002        0.00
    14     7  2002        0.00
    15     7  2002        0.62
    16     7  2002        0.20
    17     7  2002        0.00
    18     7  2002        0.20
    19     7  2002        2.16
    20     7  2002        6.11
    21     7  2002        5.30
    22     7  2002        0.99
    23     7  2002        2.95
    24     7  2002        0.00
    25     7  2002        0.00
    26     7  2002        0.20
    27     7  2002        0.79
    28     7  2002        1.97
    29     7  2002        3.93
    30     7  2002        4.56
    31     7  2002        9.24
     1     8  2002        3.15
     2     8  2002        4.32
     3     8  2002        5.11
     4     8  2002        4.14
     5     8  2002        7.47
     6     8  2002        6.52
     7     8  2002        3.35
     8     8  2002        4.53
     9     8  2002        1.58
    10     8  2002        1.77
    11     8  2002        0.79
    12     8  2002        0.20
    13     8  2002        0.00
    14     8  2002        1.19
    15     8  2002        5.12
    16     8  2002        2.36
    17     8  2002        2.36
    18     8  2002        0.99
    19     8  2002        0.59
    20     8  2002        1.38
    21     8  2002        0.00
    22     8  2002        0.00
    23     8  2002        0.00
    24     8  2002        3.15
    25     8  2002        3.37
    26     8  2002        5.12
    27     8  2002        6.88
    28     8  2002        2.98
    29     8  2002        1.38
    30     8  2002        2.56
    31     8  2002        0.00
     1     9  2002        1.21
     2     9  2002        1.60
     3     9  2002        0.59
     4     9  2002        0.00
     5     9  2002        0.00
     6     9  2002        3.74
     7     9  2002        0.42
     8     9  2002        0.59
     9     9  2002        0.99
    10     9  2002        0.00
    11     9  2002        9.48
    12     9  2002        2.37
    13     9  2002        1.41
    14     9  2002        0.00
    15     9  2002        1.99
    16     9  2002        9.23
    17     9  2002        3.17
    18     9  2002        0.20
    19     9  2002        0.79
    20     9  2002        2.76
    21     9  2002        6.89
    22     9  2002        9.82
    23     9  2002        1.78
    24     9  2002        1.78
    25     9  2002        1.19
    26     9  2002        1.98
    27     9  2002        1.38
    28     9  2002        3.93
    29     9  2002        1.02
    30     9  2002        0.20
     1    10  2002        4.34
     2    10  2002        4.13
     3    10  2002        0.40
     4    10  2002        1.58
     5    10  2002        2.95
     6    10  2002        1.22
     7    10  2002        3.55
     8    10  2002        0.40
     9    10  2002        0.20
    10    10  2002        3.15
    11    10  2002        0.62
    12    10  2002        2.16
    13    10  2002        1.80
    14    10  2002        6.67
    15    10  2002        2.36
    16    10  2002        5.54
    17    10  2002        4.72
    18    10  2002        7.67
    19    10  2002        0.40
    20    10  2002        0.00
    21    10  2002        4.92
    22    10  2002        0.40
    23    10  2002        0.00
    24    10  2002        0.00
    25    10  2002        0.00
    26    10  2002        0.00
    27    10  2002        0.40
    28    10  2002        0.42
    29    10  2002        0.39
    30    10  2002        0.20
    31    10  2002        0.00
     1    11  2002        0.00
     2    11  2002        0.00
     3    11  2002        0.00
     4    11  2002        0.00
     5    11  2002        0.40
     6    11  2002        0.20
     7    11  2002        0.00
     8    11  2002        0.00
     9    11  2002        0.00
    10    11  2002        0.20
    11    11  2002        0.40
    12    11  2002        1.60
    13    11  2002        0.20
    14    11  2002        0.00
    15    11  2002        0.00
    16    11  2002        0.00
    17    11  2002        0.00
    18    11  2002        0.00
    19    11  2002        0.00
    20    11  2002        0.00
    21    11  2002        0.00
    22    11  2002        0.00
    23    11  2002        0.00
    24    11  2002        0.00
    25    11  2002        0.00
    26    11  2002        0.00
    27    11  2002        0.00
    28    11  2002        0.00
    29    11  2002        0.00
    30    11  2002        0.00
     1    12  2002        0.00
     2    12  2002        0.00
     3    12  2002        0.00
     4    12  2002        0.00
     5    12  2002        0.00
     6    12  2002        0.00
     7    12  2002        0.00
     8    12  2002        0.00
     9    12  2002        0.00
    10    12  2002        0.00
    11    12  2002        0.00
    12    12  2002        0.00
    13    12  2002        0.00
    14    12  2002        0.20
    15    12  2002        0.59
    16    12  2002        0.00
    17    12  2002        0.60
    18    12  2002        0.00
    19    12  2002        0.00
    20    12  2002        0.00
    21    12  2002        0.00
    22    12  2002        0.62
    23    12  2002        0.20
    24    12  2002        0.40
    25    12  2002        0.20
    26    12  2002        0.00
    27    12  2002        0.00
    28    12  2002        0.00
    29    12  2002        0.00
    30    12  2002        0.20
    31    12  2002        0.40
     1     1  2003        0.20
     2     1  2003        0.20
     3     1  2003        0.00
     4     1  2003        0.00
     5     1  2003        0.20
     6     1  2003        1.97
     7     1  2003        3.56
     8     1  2003        0.20
     9     1  2003        0.00
    10     1  2003        0.00
    11     1  2003        0.00
    12     1  2003        0.00
    13     1  2003        3.57
    14     1  2003        0.20
    15     1  2003        0.78
    16     1  2003        0.59
    17     1  2003        0.00
    18     1  2003        0.20
    19     1  2003        0.62
    20     1  2003        0.00
    21     1  2003        0.40
    22     1  2003        1.37
    23     1  2003        0.20
    24     1  2003        0.00
    25     1  2003        0.00
    26     1  2003        0.20
    27     1  2003        0.00
    28     1  2003        0.00
    29     1  2003        0.00
    30     1  2003        0.00
    31     1  2003        1.57
     1     2  2003        2.35
     2     2  2003        0.00
     3     2  2003        7.87
     4     2  2003        0.40
     5     2  2003        0.20
     6     2  2003        0.20
     7     2  2003        0.00
     8     2  2003        0.42
     9     2  2003        0.00
    10     2  2003        0.00
    11     2  2003        0.00
    12     2  2003        0.00
    13     2  2003        0.00
    14     2  2003        0.00
    15     2  2003        0.00
    16     2  2003        0.00
    17     2  2003        0.00
    18     2  2003        0.00
    19     2  2003        0.00
    20     2  2003        0.00
    21     2  2003        0.00
    22     2  2003        0.00
    23     2  2003        0.00
    24     2  2003        0.00
    25     2  2003        0.20
    26     2  2003        0.00
    27     2  2003        0.00
    28     2  2003        0.00
     1     3  2003        0.00
     2     3  2003        0.00
     3     3  2003        0.00
     4     3  2003        0.00
     5     3  2003        0.00
     6     3  2003        0.00
     7     3  2003        0.00
     8     3  2003        0.00
     9     3  2003        0.00
    10     3  2003        0.00
    11     3  2003        0.00
    12     3  2003        0.00
    13     3  2003        0.00
    14     3  2003        0.00
    15     3  2003        0.00
    16     3  2003        0.00
    17     3  2003        0.00
    18     3  2003        0.00
    19     3  2003        0.00
    20     3  2003        0.00
    21     3  2003        0.00
    22     3  2003        0.00
    23     3  2003        0.00
    24     3  2003        0.00
    25     3  2003        0.00
    26     3  2003        0.00
    27     3  2003        0.00
    28     3  2003        0.00
    29     3  2003        0.00
    30     3  2003        0.00
    31     3  2003        0.00
     1     4  2003        0.00
     2     4  2003        0.20
     3     4  2003        5.31
     4     4  2003        0.00
     5     4  2003        3.35
     6     4  2003        0.20
     7     4  2003        0.62
     8     4  2003        0.00
     9     4  2003        0.20
    10     4  2003        0.00
    11     4  2003        0.39
    12     4  2003        0.00
    13     4  2003        0.00
    14     4  2003        0.00
    15     4  2003        0.00
    16     4  2003        0.00
    17     4  2003        0.00
    18     4  2003        0.00
    19     4  2003        0.00
    20     4  2003        0.00
    21     4  2003        0.20
    22     4  2003        0.20
    23     4  2003        0.40
    24     4  2003        0.20
    25     4  2003        1.18
    26     4  2003        0.20
    27     4  2003        0.00
    28     4  2003        0.00
    29     4  2003        0.00
    30     4  2003        0.00
     1     5  2003        0.00
     2     5  2003        0.00
     3     5  2003        1.77
     4     5  2003        0.59
     5     5  2003        0.00
     6     5  2003        0.20
     7     5  2003        1.97
     8     5  2003        0.20
     9     5  2003        0.60
    10     5  2003        0.00
    11     5  2003        0.00
    12     5  2003        0.00
    13     5  2003        0.00
    14     5  2003        0.00
    15     5  2003        0.00
    16     5  2003        0.00
    17     5  2003        0.00
    18     5  2003        0.00
    19     5  2003        0.60
    20     5  2003        0.00
    21     5  2003        0.00
    22     5  2003        0.00
    23     5  2003        0.00
    24     5  2003        0.20
    25     5  2003        0.40
    26     5  2003        0.20
    27     5  2003        0.00
    28     5  2003        0.79
    29     5  2003        0.39
    30     5  2003        1.01
    31     5  2003        0.40
     1     6  2003        0.00
     2     6  2003        0.98
     3     6  2003        0.00
     4     6  2003        0.20
     5     6  2003        0.99
     6     6  2003        0.00
     7     6  2003        0.00
     8     6  2003        0.99
     9     6  2003        3.73
    10     6  2003        0.20
    11     6  2003        0.59
    12     6  2003        0.00
    13     6  2003        0.20
    14     6  2003        0.20
    15     6  2003        0.00
    16     6  2003        0.00
    17     6  2003        1.18
    18     6  2003        0.00
    19     6  2003        0.59
    20     6  2003        0.00
    21     6  2003        0.20
    22     6  2003        0.59
    23     6  2003        0.00
    24     6  2003        0.00
    25     6  2003        0.00
    26     6  2003        0.00
    27     6  2003        0.00
    28     6  2003        0.00
    29     6  2003        0.00
    30     6  2003        0.20
     1     7  2003        0.00
     2     7  2003        0.00
     3     7  2003        0.00
     4     7  2003        0.00
     5     7  2003        0.00
     6     7  2003        0.20
     7     7  2003        0.00
     8     7  2003        0.00
     9     7  2003        0.20
    10     7  2003        0.00
    11     7  2003        1.22
    12     7  2003        0.20
    13     7  2003        0.79
    14     7  2003        0.00
    15     7  2003        0.00
    16     7  2003        0.20
    17     7  2003        0.20
    18     7  2003        0.59
    19     7  2003        0.00
    20     7  2003        0.79
    21     7  2003        1.78
    22     7  2003        0.00
    23     7  2003        0.79
    24     7  2003        0.00
    25     7  2003        0.20
    26     7  2003        0.00
    27     7  2003        0.00
    28     7  2003        0.20
    29     7  2003        0.00
    30     7  2003        0.00
    31     7  2003        0.20
     1     8  2003        0.00
     2     8  2003        0.00
     3     8  2003        0.00
     4     8  2003        0.00
     5     8  2003        0.00
     6     8  2003        0.00
     7     8  2003        0.00
     8     8  2003        0.00
     9     8  2003        0.20
    10     8  2003        0.00
    11     8  2003        0.00
    12     8  2003        0.00
    13     8  2003        0.00
    14     8  2003        0.00
    15     8  2003        0.00
    16     8  2003        0.00
    17     8  2003        0.00
    18     8  2003        0.00
    19     8  2003        0.00
    20     8  2003        0.00
    21     8  2003        0.00
    22     8  2003        0.00
    23     8  2003        0.00
    24     8  2003        0.00
    25     8  2003        0.40
    26     8  2003        2.40
    27     8  2003        0.40
    28     8  2003        0.00
    29     8  2003        0.00
    30     8  2003        0.00
    31     8  2003        0.00
     1     9  2003        0.00
     2     9  2003        0.00
     3     9  2003        0.00
     4     9  2003        0.00
     5     9  2003        0.00
     6     9  2003        0.00
     7     9  2003        4.13
     8     9  2003        0.20
     9     9  2003        0.00
    10     9  2003        0.00
    11     9  2003        0.00
    12     9  2003        0.00
    13     9  2003        0.00
    14     9  2003        0.00
    15     9  2003        0.00
    16     9  2003        0.00
    17     9  2003        0.20
    18     9  2003        0.20
    19     9  2003        0.00
    20     9  2003        0.00
    21     9  2003        0.00
    22     9  2003        0.00
    23     9  2003        0.00
    24     9  2003        0.20
    25     9  2003        0.20
    26     9  2003        0.00
    27     9  2003        5.53
    28     9  2003        4.31
    29     9  2003        1.58
    30     9  2003        0.00
     1    10  2003        0.00
     2    10  2003        0.00
     3    10  2003        0.00
     4    10  2003        0.00
     5    10  2003        0.00
     6    10  2003        0.00
     7    10  2003        0.00
     8    10  2003        0.00
     9    10  2003        0.00
    10    10  2003        0.00
    11    10  2003        0.00
    12    10  2003        0.00
    13    10  2003        0.00
    14    10  2003        0.00
    15    10  2003        0.00
    16    10  2003        0.00
    17    10  2003        0.00
    18    10  2003        0.00
    19    10  2003        0.20
    20    10  2003        0.00
    21    10  2003        0.00
    22    10  2003        0.00
    23    10  2003        0.00
    24    10  2003        0.00
    25    10  2003        0.00
    26    10  2003        0.00
    27    10  2003        0.00
    28    10  2003        0.00
    29    10  2003        0.00
    30    10  2003        0.00
    31    10  2003        0.00
     1    11  2003        0.00
     2    11  2003        0.00
     3    11  2003        0.00
     4    11  2003        0.62
     5    11  2003        0.20
     6    11  2003        0.79
     7    11  2003        3.34
     8    11  2003        4.32
     9    11  2003        3.73
    10    11  2003        2.76
    11    11  2003        0.00
    12    11  2003        0.00
    13    11  2003        0.59
    14    11  2003        0.00
    15    11  2003        0.00
    16    11  2003        0.00
    17    11  2003        0.00
    18    11  2003        0.98
    19    11  2003        1.39
    20    11  2003        0.20
    21    11  2003        1.38
    22    11  2003        0.82
    23    11  2003        1.38
    24    11  2003        0.20
    25    11  2003        0.00
    26    11  2003        0.20
    27    11  2003        0.00
    28    11  2003        0.00
    29    11  2003        0.00
    30    11  2003        0.00
     1    12  2003        0.00
     2    12  2003        0.00
     3    12  2003        0.00
     4    12  2003        0.00
     5    12  2003        0.00
     6    12  2003        0.59
     7    12  2003        0.00
     8    12  2003        0.00
     9    12  2003        0.00
    10    12  2003        0.00
    11    12  2003        0.00
    12    12  2003        0.00
    13    12  2003        0.00
    14    12  2003        0.00
    15    12  2003        0.00
    16    12  2003        0.00
    17    12  2003        0.00
    18    12  2003        0.00
    19    12  2003        0.00
    20    12  2003        0.00
    21    12  2003        0.00
    22    12  2003        0.00
    23    12  2003        0.00
    24    12  2003        0.00
    25    12  2003        0.00
    26    12  2003        0.00
    27    12  2003        0.20
    28    12  2003        0.00
    29    12  2003        0.20
    30    12  2003        0.00
    31    12  2003        0.20
     1     1  2004        0.81
     2     1  2004        0.40
     3     1  2004        0.00
     4     1  2004        0.40
     5     1  2004        0.99
     6     1  2004        1.59
     7     1  2004        0.39
     8     1  2004        0.00
     9     1  2004        0.20
    10     1  2004        0.42
    11     1  2004        0.20
    12     1  2004        0.20
    13     1  2004        0.00
    14     1  2004        0.00
    15     1  2004        0.00
    16     1  2004        0.00
    17     1  2004        0.00
    18     1  2004        0.00
    19     1  2004        0.00
    20     1  2004        0.00
    21     1  2004        0.00
    22     1  2004        0.00
    23     1  2004        0.00
    24     1  2004        0.59
    25     1  2004        0.00
    26     1  2004        0.00
    27     1  2004        2.37
    28     1  2004        0.20
    29     1  2004        2.78
    30     1  2004        1.41
    31     1  2004        0.00
     1     2  2004        0.20
     2     2  2004        0.00
     3     2  2004        0.00
     4     2  2004        0.00
     5     2  2004        0.00
     6     2  2004        1.38
     7     2  2004        0.00
     8     2  2004        0.00
     9     2  2004        0.00
    10     2  2004        0.00
    11     2  2004        0.00
    12     2  2004        0.20
    13     2  2004        0.00
    14     2  2004        0.00
    15     2  2004        0.00
    16     2  2004        0.00
    17     2  2004        0.00
    18     2  2004        0.20
    19     2  2004        0.00
    20     2  2004        1.38
    21     2  2004        0.00
    22     2  2004        0.00
    23     2  2004        0.00
    24     2  2004        0.00
    25     2  2004        0.20
    26     2  2004        0.00
    27     2  2004        0.62
    28     2  2004        1.79
    29     2  2004        0.99
     1     3  2004        0.20
     2     3  2004        0.79
     3     3  2004        0.00
     4     3  2004        0.00
     5     3  2004        0.00
     6     3  2004        0.99
     7     3  2004        0.00
     8     3  2004        0.40
     9     3  2004        0.00
    10     3  2004        0.20
    11     3  2004        2.37
    12     3  2004        0.00
    13     3  2004        0.00
    14     3  2004        2.36
    15     3  2004        0.79
    16     3  2004        1.39
    17     3  2004        0.40
    18     3  2004        1.18
    19     3  2004        1.41
    20     3  2004        0.20
    21     3  2004        1.37
    22     3  2004        2.95
    23     3  2004        2.75
    24     3  2004        0.20
    25     3  2004        0.00
    26     3  2004        0.20
    27     3  2004        1.58
    28     3  2004        0.60
    29     3  2004        0.40
    30     3  2004        0.42
    31     3  2004        0.00
     1     4  2004        0.20
     2     4  2004        0.00
     3     4  2004        0.00
     4     4  2004        0.00
     5     4  2004        0.00
     6     4  2004        0.59
     7     4  2004        0.00
     8     4  2004        0.00
     9     4  2004        0.00
    10     4  2004        0.00
    11     4  2004        0.00
    12     4  2004        0.00
    13     4  2004        0.00
    14     4  2004        0.00
    15     4  2004        0.00
    16     4  2004        0.00
    17     4  2004        0.00
    18     4  2004        0.00
    19     4  2004        0.00
    20     4  2004        0.00
    21     4  2004        0.00
    22     4  2004        0.00
    23     4  2004        0.00
    24     4  2004        0.20
    25     4  2004        0.00
    26     4  2004        0.00
    27     4  2004        0.00
    28     4  2004        0.00
    29     4  2004        0.00
    30     4  2004        0.00
     1     5  2004        0.79
     2     5  2004        0.79
     3     5  2004        0.00
     4     5  2004        1.58
     5     5  2004        0.00
     6     5  2004        1.37
     7     5  2004        0.62
     8     5  2004        0.20
     9     5  2004        0.00
    10     5  2004        0.60
    11     5  2004        0.20
    12     5  2004        0.40
    13     5  2004        0.42
    14     5  2004        6.48
    15     5  2004        1.78
    16     5  2004        2.38
    17     5  2004        4.72
    18     5  2004        4.51
    19     5  2004        3.54
    20     5  2004        1.97
    21     5  2004        0.80
    22     5  2004        1.78
    23     5  2004        0.20
    24     5  2004        1.97
    25     5  2004        0.79
    26     5  2004        0.00
    27     5  2004        0.00
    28     5  2004        0.00
    29     5  2004        0.00
    30     5  2004        0.00
    31     5  2004        0.00
     1     6  2004        0.00
     2     6  2004        0.00
     3     6  2004        0.00
     4     6  2004        0.00
     5     6  2004        0.40
     6     6  2004        0.00
     7     6  2004        0.00
     8     6  2004        0.00
     9     6  2004        0.82
    10     6  2004        0.20
    11     6  2004        0.00
    12     6  2004        0.00
    13     6  2004        0.00
    14     6  2004        0.20
    15     6  2004        0.00
    16     6  2004        0.00
    17     6  2004        0.00
    18     6  2004        0.00
    19     6  2004        0.00
    20     6  2004        0.00
    21     6  2004        0.00
    22     6  2004        0.20
    23     6  2004        0.00
    24     6  2004        0.00
    25     6  2004        0.00
    26     6  2004        0.00
    27     6  2004        0.20
    28     6  2004        1.01
    29     6  2004        1.21
    30     6  2004        1.22
     1     7  2004        1.58
     2     7  2004        0.99
     3     7  2004        0.20
     4     7  2004        2.16
     5     7  2004        1.21
     6     7  2004        0.20
     7     7  2004        0.00
     8     7  2004        0.39
     9     7  2004        0.59
    10     7  2004        0.00
    11     7  2004        0.00
    12     7  2004        0.00
    13     7  2004        0.00
    14     7  2004        0.00
    15     7  2004        0.40
    16     7  2004        0.40
    17     7  2004        0.42
    18     7  2004        0.00
    19     7  2004        0.40
    20     7  2004        2.16
    21     7  2004        2.95
    22     7  2004        1.19
    23     7  2004        0.00
    24     7  2004        0.79
    25     7  2004        5.14
    26     7  2004        0.20
    27     7  2004        0.00
    28     7  2004        0.20
    29     7  2004        0.00
    30     7  2004        0.00
    31     7  2004        0.00
     1     8  2004        0.00
     2     8  2004        0.00
     3     8  2004        0.00
     4     8  2004        2.16
     5     8  2004        0.00
     6     8  2004        0.00
     7     8  2004        0.00
     8     8  2004        0.00
     9     8  2004        0.00
    10     8  2004        0.00
    11     8  2004        0.00
    12     8  2004        0.00
    13     8  2004        0.00
    14     8  2004        0.00
    15     8  2004        0.00
    16     8  2004        0.00
    17     8  2004        0.20
    18     8  2004        0.00
    19     8  2004        0.00
    20     8  2004        0.40
    21     8  2004        0.20
    22     8  2004        0.00
    23     8  2004        0.98
    24     8  2004        0.00
    25     8  2004        0.00
    26     8  2004        0.00
    27     8  2004        0.00
    28     8  2004        0.00
    29     8  2004        0.20
    30     8  2004        0.00
    31     8  2004        0.00
     1     9  2004        0.00
     2     9  2004        0.00
     3     9  2004        0.00
     4     9  2004        0.00
     5     9  2004        0.00
     6     9  2004        0.00
     7     9  2004        0.00
     8     9  2004        0.00
     9     9  2004        0.00
    10     9  2004        0.00
    11     9  2004        0.00
    12     9  2004        0.00
    13     9  2004        0.20
    14     9  2004        0.40
    15     9  2004        0.00
    16     9  2004        0.00
    17     9  2004        0.00
    18     9  2004        0.00
    19     9  2004        0.00
    20     9  2004        0.00
    21     9  2004        0.00
    22     9  2004        0.00
    23     9  2004        0.00
    24     9  2004        0.00
    25     9  2004        0.00
    26     9  2004        0.00
    27     9  2004        0.00
    28     9  2004        0.00
    29     9  2004        0.00
    30     9  2004        0.00
     1    10  2004        0.00
     2    10  2004        0.00
     3    10  2004        0.00
     4    10  2004        0.00
     5    10  2004        0.20
     6    10  2004        0.00
     7    10  2004        0.00
     8    10  2004        0.98
     9    10  2004        0.00
    10    10  2004        0.20
    11    10  2004        0.20
    12    10  2004        0.00
    13    10  2004        0.00
    14    10  2004        0.00
    15    10  2004        0.00
    16    10  2004        0.00
    17    10  2004        0.00
    18    10  2004        0.00
    19    10  2004        0.00
    20    10  2004        0.00
    21    10  2004        0.00
    22    10  2004        0.00
    23    10  2004        0.20
    24    10  2004        0.00
    25    10  2004        0.00
    26    10  2004        0.00
    27    10  2004        0.00
    28    10  2004        0.00
    29    10  2004        0.00
    30    10  2004        0.20
    31    10  2004        0.39
     1    11  2004        0.00
     2    11  2004        0.00
     3    11  2004        0.20
     4    11  2004        0.20
     5    11  2004        0.59
     6    11  2004        0.20
     7    11  2004        0.00
     8    11  2004        0.00
     9    11  2004        2.58
    10    11  2004        0.59
    11    11  2004        0.80
    12    11  2004        0.00
    13    11  2004        0.00
    14    11  2004        0.00
    15    11  2004        0.40
    16    11  2004        0.00
    17    11  2004        0.42
    18    11  2004        1.60
    19    11  2004        1.19
    20    11  2004        0.62
    21    11  2004        0.20
    22    11  2004        2.55
    23    11  2004        1.02
    24    11  2004        0.60
    25    11  2004        0.80
    26    11  2004        0.60
    27    11  2004        0.59
    28    11  2004        0.40
    29    11  2004        2.35
    30    11  2004        0.20
     1    12  2004        0.00
     2    12  2004        0.00
     3    12  2004        0.40
     4    12  2004        0.20
     5    12  2004        0.00
     6    12  2004        0.20
     7    12  2004        0.00
     8    12  2004        0.20
     9    12  2004        0.20
    10    12  2004        0.20
    11    12  2004        0.00
    12    12  2004        0.00
    13    12  2004        0.00
    14    12  2004        0.00
    15    12  2004        0.00
    16    12  2004        0.00
    17    12  2004        0.00
    18    12  2004        0.00
    19    12  2004        0.00
    20    12  2004        0.00
    21    12  2004        0.00
    22    12  2004        0.00
    23    12  2004        0.00
    24    12  2004        0.00
    25    12  2004        0.00
    26    12  2004        0.20
    27    12  2004        0.00
    28    12  2004        0.99
    29    12  2004        0.62
    30    12  2004        0.00
    31    12  2004        1.41
     1     1  2005        0.80
     2     1  2005        0.82
     3     1  2005        0.99
     4     1  2005        0.59
     5     1  2005        4.32
     6     1  2005        7.11
     7     1  2005        0.20
     8     1  2005        0.80
     9     1  2005        1.96
    10     1  2005        1.19
    11     1  2005        2.95
    12     1  2005        1.41
    13     1  2005       21.29
    14     1  2005        2.57
    15     1  2005        0.82
    16     1  2005        0.00
    17     1  2005        0.00
    18     1  2005        0.00
    19     1  2005        0.00
    20     1  2005        0.00
    21     1  2005        0.00
    22     1  2005        0.40
    23     1  2005        0.40
    24     1  2005        0.00
    25     1  2005        0.00
    26     1  2005        0.00
    27     1  2005        0.00
    28     1  2005        0.00
    29     1  2005        0.00
    30     1  2005        0.00
    31     1  2005        0.00
     1     2  2005        0.00
     2     2  2005        0.00
     3     2  2005        0.00
     4     2  2005        0.00
     5     2  2005        0.00
     6     2  2005        0.00
     7     2  2005        0.00
     8     2  2005        0.00
     9     2  2005        0.20
    10     2  2005        0.00
    11     2  2005        0.20
    12     2  2005        0.20
    13     2  2005        0.00
    14     2  2005        0.00
    15     2  2005        0.00
    16     2  2005        0.20
    17     2  2005        0.00
    18     2  2005        0.00
    19     2  2005        0.20
    20     2  2005        0.00
    21     2  2005        0.00
    22     2  2005        0.20
    23     2  2005        0.00
    24     2  2005        0.20
    25     2  2005        3.33
    26     2  2005        0.79
    27     2  2005        0.00
    28     2  2005        0.59
     1     3  2005        0.20
     2     3  2005        0.00
     3     3  2005        0.00
     4     3  2005        0.00
     5     3  2005        0.59
     6     3  2005        0.00
     7     3  2005        0.00
     8     3  2005        0.00
     9     3  2005        0.20
    10     3  2005        0.00
    11     3  2005        0.20
    12     3  2005        0.20
    13     3  2005        0.00
    14     3  2005        0.00
    15     3  2005        0.00
    16     3  2005        0.00
    17     3  2005        0.00
    18     3  2005        0.00
    19     3  2005        0.81
    20     3  2005        0.00
    21     3  2005        0.00
    22     3  2005        0.20
    23     3  2005        0.00
    24     3  2005        2.55
    25     3  2005        0.99
    26     3  2005        0.20
    27     3  2005        0.00
    28     3  2005        0.79
    29     3  2005        0.00
    30     3  2005        0.00
    31     3  2005        0.20
     1     4  2005        0.79
     2     4  2005        0.00
     3     4  2005        0.39
     4     4  2005        0.59
     5     4  2005        0.20
     6     4  2005        0.20
     7     4  2005        0.00
     8     4  2005        0.20
     9     4  2005        0.00
    10     4  2005        0.59
    11     4  2005        0.00
    12     4  2005        0.59
    13     4  2005        0.20
    14     4  2005        0.20
    15     4  2005        1.57
    16     4  2005        6.88
    17     4  2005        0.99
    18     4  2005        0.99
    19     4  2005        3.34
    20     4  2005        0.00
    21     4  2005        0.79
    22     4  2005        0.59
    23     4  2005        0.00
    24     4  2005        0.99
    25     4  2005        0.42
    26     4  2005        1.18
    27     4  2005        0.60
    28     4  2005        0.00
    29     4  2005        0.00
    30     4  2005        0.20
     1     5  2005        0.20
     2     5  2005        0.62
     3     5  2005        0.00
     4     5  2005        0.00
     5     5  2005        0.39
     6     5  2005        1.42
     7     5  2005        0.40
     8     5  2005        0.00
     9     5  2005        0.00
    10     5  2005        0.00
    11     5  2005        0.00
    12     5  2005        0.00
    13     5  2005        0.00
    14     5  2005        0.00
    15     5  2005        0.00
    16     5  2005        0.00
    17     5  2005        0.00
    18     5  2005        0.00
    19     5  2005        0.20
    20     5  2005        0.00
    21     5  2005        0.41
    22     5  2005        0.00
    23     5  2005        0.00
    24     5  2005        0.00
    25     5  2005        0.00
    26     5  2005        0.00
    27     5  2005        0.00
    28     5  2005        0.00
    29     5  2005        0.00
    30     5  2005        0.00
    31     5  2005        0.00
     1     6  2005        0.00
     2     6  2005        0.20
     3     6  2005        0.00
     4     6  2005        0.80
     5     6  2005        0.20
     6     6  2005        0.20
     7     6  2005        0.20
     8     6  2005        0.40
     9     6  2005        0.00
    10     6  2005        0.00
    11     6  2005        0.20
    12     6  2005        0.40
    13     6  2005        0.20
    14     6  2005        0.00
    15     6  2005        0.00
    16     6  2005        0.40
    17     6  2005        0.20
    18     6  2005        0.20
    19     6  2005        0.20
    20     6  2005        0.59
    21     6  2005        0.00
    22     6  2005        0.40
    23     6  2005        0.00
    24     6  2005        0.00
    25     6  2005        0.00
    26     6  2005        0.00
    27     6  2005        0.00
    28     6  2005        0.00
    29     6  2005        0.00
    30     6  2005        0.00
     1     7  2005        0.00
     2     7  2005        0.00
     3     7  2005        0.20
     4     7  2005        0.79
     5     7  2005        0.00
     6     7  2005        0.00
     7     7  2005        0.20
     8     7  2005        2.37
     9     7  2005        0.20
    10     7  2005        0.00
    11     7  2005        0.00
    12     7  2005        1.97
    13     7  2005        0.20
    14     7  2005        0.20
    15     7  2005        1.60
    16     7  2005        0.40
    17     7  2005        0.98
    18     7  2005        1.77
    19     7  2005        1.19
    20     7  2005        0.20
    21     7  2005        0.00
    22     7  2005        0.00
    23     7  2005        0.00
    24     7  2005        0.00
    25     7  2005        0.00
    26     7  2005        0.00
    27     7  2005        0.00
    28     7  2005        0.00
    29     7  2005        0.39
    30     7  2005        0.79
    31     7  2005        0.20
     1     8  2005        0.79
     2     8  2005        0.79
     3     8  2005        0.00
     4     8  2005        1.18
     5     8  2005        0.00
     6     8  2005        0.20
     7     8  2005        0.40
     8     8  2005        0.00
     9     8  2005        0.62
    10     8  2005        0.20
    11     8  2005        0.00
    12     8  2005        0.00
    13     8  2005        0.00
    14     8  2005        0.00
    15     8  2005        0.00
    16     8  2005        0.00
    17     8  2005        0.00
    18     8  2005        0.00
    19     8  2005        0.00
    20     8  2005        0.39
    21     8  2005        0.20
    22     8  2005        0.59
    23     8  2005        0.59
    24     8  2005        0.00
    25     8  2005        0.00
    26     8  2005        0.00
    27     8  2005        0.00
    28     8  2005        0.00
    29     8  2005        0.00
    30     8  2005        0.00
    31     8  2005        0.00
     1     9  2005        0.00
     2     9  2005        0.00
     3     9  2005        0.00
     4     9  2005        0.00
     5     9  2005        0.39
     6     9  2005        0.59
     7     9  2005        0.40
     8     9  2005        0.00
     9     9  2005        3.15
    10     9  2005        1.97
    11     9  2005        0.99
    12     9  2005        1.39
    13     9  2005        1.19
    14     9  2005        0.59
    15     9  2005        0.59
    16     9  2005        0.82
    17     9  2005        0.00
    18     9  2005        0.00
    19     9  2005        0.20
    20     9  2005        0.00
    21     9  2005        0.00
    22     9  2005        2.59
    23     9  2005        0.60
    24     9  2005        0.62
    25     9  2005        0.99
    26     9  2005        0.20
    27     9  2005        0.20
    28     9  2005        0.00
    29     9  2005        0.20
    30     9  2005        0.20
     1    10  2005        1.41
     2    10  2005        1.57
     3    10  2005        0.39
     4    10  2005        1.19
     5    10  2005        0.62
     6    10  2005        0.00
     7    10  2005        0.20
     8    10  2005        0.00
     9    10  2005        0.00
    10    10  2005        0.00
    11    10  2005        0.00
    12    10  2005        0.00
    13    10  2005        0.00
    14    10  2005        0.00
    15    10  2005        0.00
    16    10  2005        0.00
    17    10  2005        0.00
    18    10  2005        0.00
    19    10  2005        0.00
    20    10  2005        0.00
    21    10  2005        0.20
    22    10  2005        0.00
    23    10  2005        0.00
    24    10  2005        0.00
    25    10  2005        0.00
    26    10  2005        0.00
    27    10  2005        0.00
    28    10  2005        0.59
    29    10  2005        0.40
    30    10  2005        0.20
    31    10  2005        0.40
     1    11  2005        2.36
     2    11  2005        0.20
     3    11  2005        0.20
     4    11  2005        0.00
     5    11  2005        0.00
     6    11  2005        0.00
     7    11  2005        0.00
     8    11  2005        0.20
     9    11  2005        0.00
    10    11  2005        0.00
    11    11  2005        0.00
    12    11  2005        0.00
    13    11  2005        0.00
    14    11  2005        0.00
    15    11  2005        0.00
    16    11  2005        0.00
    17    11  2005        0.00
    18    11  2005        0.20
    19    11  2005        0.00
    20    11  2005        0.00
    21    11  2005        0.00
    22    11  2005        0.00
    23    11  2005        0.20
    24    11  2005        0.00
    25    11  2005        0.20
    26    11  2005        0.00
    27    11  2005        0.00
    28    11  2005        0.20
    29    11  2005        0.00
    30    11  2005        0.00
     1    12  2005        0.00
     2    12  2005        0.00
     3    12  2005        0.00
     4    12  2005        0.00
     5    12  2005        0.00
     6    12  2005        0.00
     7    12  2005        0.00
     8    12  2005        0.00
     9    12  2005        0.00
    10    12  2005        0.00
    11    12  2005        0.00
    12    12  2005        0.00
    13    12  2005        0.00
    14    12  2005        0.00
    15    12  2005        0.00
    16    12  2005        0.00
    17    12  2005        0.00
    18    12  2005        0.20
    19    12  2005        0.00
    20    12  2005        0.00
    21    12  2005        0.00
    22    12  2005        0.00
    23    12  2005        0.00
    24    12  2005        0.00
    25    12  2005        0.00
    26    12  2005        0.00
    27    12  2005        0.00
    28    12  2005        0.00
    29    12  2005        0.00
    30    12  2005        0.00
    31    12  2005        0.00
     1     1  2006        0.00
     2     1  2006        0.00
     3     1  2006        0.00
     4     1  2006        0.00
     5     1  2006        0.00
     6     1  2006        0.00
     7     1  2006        0.00
     8     1  2006        0.00
     9     1  2006        0.00
    10     1  2006        0.00
    11     1  2006        0.00
    12     1  2006        0.00
    13     1  2006        0.00
    14     1  2006        0.00
    15     1  2006        0.00
    16     1  2006        0.00
    17     1  2006        0.00
    18     1  2006        0.00
    19     1  2006        0.00
    20     1  2006        0.00
    21     1  2006        0.00
    22     1  2006        0.00
    23     1  2006        0.00
    24     1  2006        0.00
    25     1  2006        0.00
    26     1  2006        0.00
    27     1  2006        0.00
    28     1  2006        0.00
    29     1  2006        0.00
    30     1  2006        0.00
    31     1  2006        0.40
     1     2  2006        0.20
     2     2  2006        0.00
     3     2  2006        0.00
     4     2  2006        0.00
     5     2  2006        0.00
     6     2  2006        0.00
     7     2  2006        0.00
     8     2  2006        0.00
     9     2  2006        0.00
    10     2  2006        0.00
    11     2  2006        0.00
    12     2  2006        0.00
    13     2  2006        0.00
    14     2  2006        0.00
    15     2  2006        0.00
    16     2  2006        0.20
    17     2  2006        0.00
    18     2  2006        1.18
    19     2  2006        0.00
    20     2  2006        0.00
    21     2  2006        0.40
    22     2  2006        0.00
    23     2  2006        0.00
    24     2  2006        0.00
    25     2  2006        0.00
    26     2  2006        0.39
    27     2  2006        0.00
    28     2  2006        0.00
     1     3  2006        0.00
     2     3  2006        0.00
     3     3  2006        0.00
     4     3  2006        0.00
     5     3  2006        0.00
     6     3  2006        0.00
     7     3  2006        0.00
     8     3  2006        0.00
     9     3  2006        0.00
    10     3  2006        0.00
    11     3  2006        0.00
    12     3  2006        0.00
    13     3  2006        0.00
    14     3  2006        0.00
    15     3  2006        0.00
    16     3  2006        0.00
    17     3  2006        0.00
    18     3  2006        0.00
    19     3  2006        0.00
    20     3  2006        0.59
    21     3  2006        0.00
    22     3  2006        0.40
    23     3  2006        0.00
    24     3  2006        0.00
    25     3  2006        0.00
    26     3  2006        0.00
    27     3  2006        0.00
    28     3  2006        0.39
    29     3  2006        0.00
    30     3  2006        1.01
    31     3  2006        0.00
     1     4  2006        0.20
     2     4  2006        0.40
     3     4  2006        1.21
     4     4  2006        1.39
     5     4  2006        1.60
     6     4  2006        1.39
     7     4  2006        1.19
     8     4  2006        0.40
     9     4  2006        1.02
    10     4  2006        1.00
    11     4  2006        0.80
    12     4  2006        1.57
    13     4  2006        0.40
    14     4  2006        1.39
    15     4  2006        0.40
    16     4  2006        0.20
    17     4  2006        0.00
    18     4  2006        0.00
    19     4  2006        0.60
    20     4  2006        0.00
    21     4  2006        0.20
    22     4  2006        0.39
    23     4  2006        0.60
    24     4  2006        1.38
    25     4  2006        0.79
    26     4  2006        0.40
    27     4  2006        0.40
    28     4  2006        0.20
    29     4  2006        0.40
    30     4  2006        1.60
     1     5  2006        1.38
     2     5  2006        0.40
     3     5  2006        1.19
     4     5  2006        0.20
     5     5  2006        0.20
     6     5  2006        0.20
     7     5  2006        0.40
     8     5  2006        0.20
     9     5  2006        0.40
    10     5  2006        0.40
    11     5  2006        2.16
    12     5  2006        0.00
    13     5  2006        0.20
    14     5  2006        1.98
    15     5  2006        2.95
    16     5  2006        0.00
    17     5  2006        0.79
    18     5  2006        0.20
    19     5  2006        0.40
    20     5  2006        1.58
    21     5  2006        0.00
    22     5  2006        0.00
    23     5  2006        0.00
    24     5  2006        0.00
    25     5  2006        0.00
    26     5  2006        0.00
    27     5  2006        0.20
    28     5  2006        0.00
    29     5  2006        0.00
    30     5  2006        0.00
    31     5  2006        0.00
     1     6  2006        0.00
     2     6  2006        0.00
     3     6  2006        0.00
     4     6  2006        0.00
     5     6  2006        0.00
     6     6  2006        0.00
     7     6  2006        1.38
     8     6  2006        0.59
     9     6  2006        0.20
    10     6  2006        0.00
    11     6  2006        0.00
    12     6  2006        0.00
    13     6  2006        0.00
    14     6  2006        0.00
    15     6  2006        0.00
    16     6  2006        0.00
    17     6  2006        0.00
    18     6  2006        0.00
    19     6  2006        0.00
    20     6  2006        0.00
    21     6  2006        0.20
    22     6  2006        0.00
    23     6  2006        0.59
    24     6  2006        0.40
    25     6  2006        0.20
    26     6  2006        0.20
    27     6  2006        0.20
    28     6  2006        0.20
    29     6  2006        1.02
    30     6  2006        1.39
     1     7  2006        0.80
     2     7  2006        0.99
     3     7  2006        0.00
     4     7  2006        0.40
     5     7  2006        0.00
     6     7  2006        0.00
     7     7  2006        0.00
     8     7  2006        0.20
     9     7  2006        0.99
    10     7  2006        0.00
    11     7  2006        0.00
    12     7  2006        0.00
    13     7  2006        0.00
    14     7  2006        0.00
    15     7  2006        0.00
    16     7  2006        0.20
    17     7  2006        0.00
    18     7  2006        0.00
    19     7  2006        0.00
    20     7  2006        0.00
    21     7  2006        0.00
    22     7  2006        0.00
    23     7  2006        0.00
    24     7  2006        0.40
    25     7  2006        0.00
    26     7  2006        0.00
    27     7  2006        0.00
    28     7  2006        0.00
    29     7  2006        0.00
    30     7  2006        3.14
    31     7  2006        1.38
     1     8  2006        1.57
     2     8  2006        2.36
     3     8  2006        0.40
     4     8  2006        0.99
     5     8  2006        1.18
     6     8  2006        0.20
     7     8  2006        0.40
     8     8  2006        1.20
     9     8  2006        1.38
    10     8  2006        0.20
    11     8  2006        0.40
    12     8  2006        1.57
    13     8  2006        1.18
    14     8  2006        4.14
    15     8  2006        0.00
    16     8  2006        0.00
    17     8  2006        0.00
    18     8  2006        0.00
    19     8  2006        0.00
    20     8  2006        0.00
    21     8  2006        0.20
    22     8  2006        0.00
    23     8  2006        0.00
    24     8  2006        0.00
    25     8  2006        0.00
    26     8  2006        0.00
    27     8  2006        0.20
    28     8  2006        0.20
    29     8  2006        0.00
    30     8  2006        0.00
    31     8  2006        0.00
     1     9  2006        0.00
     2     9  2006        0.00
     3     9  2006        0.20
     4     9  2006        0.59
     5     9  2006        0.62
     6     9  2006        0.00
     7     9  2006        0.00
     8     9  2006        0.00
     9     9  2006        0.00
    10     9  2006        0.00
    11     9  2006        0.00
    12     9  2006        0.00
    13     9  2006        0.00
    14     9  2006        0.00
    15     9  2006        0.00
    16     9  2006        1.19
    17     9  2006        0.39
    18     9  2006        0.00
    19     9  2006        0.20
    20     9  2006        1.38
    21     9  2006        0.80
    22     9  2006        0.80
    23     9  2006        0.00
    24     9  2006        0.40
    25     9  2006        1.38
    26     9  2006        0.20
    27     9  2006        0.62
    28     9  2006        0.20
    29     9  2006        0.20
    30     9  2006        0.00
     1    10  2006        0.20
     2    10  2006        0.00
     3    10  2006        0.00
     4    10  2006        0.39
     5    10  2006        0.00
     6    10  2006        0.00
     7    10  2006        0.00
     8    10  2006        0.00
     9    10  2006        0.00
    10    10  2006        0.00
    11    10  2006        0.00
    12    10  2006        0.20
    13    10  2006        0.00
    14    10  2006        0.00
    15    10  2006        0.20
    16    10  2006        0.20
    17    10  2006        0.00
    18    10  2006        0.20
    19    10  2006        0.00
    20    10  2006        0.20
    21    10  2006        1.57
    22    10  2006        0.00
    23    10  2006        0.42
    24    10  2006        0.00
    25    10  2006        0.39
    26    10  2006        2.95
    27    10  2006        3.74
    28    10  2006        1.57
    29    10  2006        0.00
    30    10  2006        0.00
    31    10  2006        0.00
     1    11  2006        0.00
     2    11  2006        0.00
     3    11  2006        0.00
     4    11  2006        0.00
     5    11  2006        0.00
     6    11  2006        0.00
     7    11  2006        0.00
     8    11  2006        0.00
     9    11  2006        0.00
    10    11  2006        0.00
    11    11  2006        0.00
    12    11  2006        0.00
    13    11  2006        0.00
    14    11  2006        0.00
    15    11  2006        0.00
    16    11  2006        0.00
    17    11  2006        0.00
    18    11  2006        0.39
    19    11  2006        1.38
    20    11  2006        0.00
    21    11  2006        0.00
    22    11  2006        0.00
    23    11  2006        0.00
    24    11  2006        0.00
    25    11  2006        0.59
    26    11  2006        0.00
    27    11  2006        4.13
    28    11  2006        0.20
    29    11  2006        0.00
    30    11  2006        0.00
     1    12  2006        0.00
     2    12  2006        0.00
     3    12  2006        0.00
     4    12  2006        0.62
     5    12  2006        0.00
     6    12  2006        0.59
     7    12  2006        0.42
     8    12  2006        0.00
     9    12  2006        1.18
    10    12  2006        0.20
    11    12  2006        1.18
    12    12  2006        0.39
    13    12  2006        0.40
    14    12  2006        2.56
    15    12  2006        0.00
    16    12  2006        0.39
    17    12  2006        0.20
    18    12  2006        0.79
    19    12  2006        0.20
    20    12  2006        0.20
    21    12  2006        1.97
    22    12  2006        0.20
    23    12  2006        0.39
    24    12  2006        0.00
    25    12  2006        0.00
    26    12  2006        0.00
    27    12  2006        0.00
    28    12  2006        0.00
    29    12  2006        0.00
    30    12  2006        0.00
    31    12  2006        0.00
     1     1  2007        0.00
     2     1  2007        0.00
     3     1  2007        0.00
     4     1  2007        0.00
     5     1  2007        0.00
     6     1  2007        0.00
     7     1  2007        0.00
     8     1  2007        0.00
     9     1  2007        0.00
    10     1  2007        0.00
    11     1  2007        0.00
    12     1  2007        0.00
    13     1  2007        0.00
    14     1  2007        0.00
    15     1  2007        0.00
    16     1  2007        0.00
    17     1  2007        0.00
