     1     1  2001        0.59
     2     1  2001        0.00
     3     1  2001        0.00
     4     1  2001        0.00
     5     1  2001        0.00
     6     1  2001        0.00
     7     1  2001        0.00
     8     1  2001        0.00
     9     1  2001        0.00
    10     1  2001        0.00
    11     1  2001        0.00
    12     1  2001        0.00
    13     1  2001        0.00
    14     1  2001        0.20
    15     1  2001        0.00
    16     1  2001        0.00
    17     1  2001        0.00
    18     1  2001        0.00
    19     1  2001        0.00
    20     1  2001        0.00
    21     1  2001        0.00
    22     1  2001        0.00
    23     1  2001        0.00
    24     1  2001        0.00
    25     1  2001        0.00
    26     1  2001        0.00
    27     1  2001        0.00
    28     1  2001        0.00
    29     1  2001        0.00
    30     1  2001        0.00
    31     1  2001        0.00
     1     2  2001        0.00
     2     2  2001        0.00
     3     2  2001        0.00
     4     2  2001        0.00
     5     2  2001        0.00
     6     2  2001        0.00
     7     2  2001        0.00
     8     2  2001        0.00
     9     2  2001        0.00
    10     2  2001        0.00
    11     2  2001        0.00
    12     2  2001        0.00
    13     2  2001        0.00
    14     2  2001        0.00
    15     2  2001        0.00
    16     2  2001        0.00
    17     2  2001        0.00
    18     2  2001        0.00
    19     2  2001        0.00
    20     2  2001        0.20
    21     2  2001        0.40
    22     2  2001        1.60
    23     2  2001        0.79
    24     2  2001        0.79
    25     2  2001        2.37
    26     2  2001        0.80
    27     2  2001        0.60
    28     2  2001        0.60
     1     3  2001        0.20
     2     3  2001        0.20
     3     3  2001        0.00
     4     3  2001        0.00
     5     3  2001        0.59
     6     3  2001        0.00
     7     3  2001        3.95
     8     3  2001        0.20
     9     3  2001        0.00
    10     3  2001        0.00
    11     3  2001        0.00
    12     3  2001        0.00
    13     3  2001        0.00
    14     3  2001        0.00
    15     3  2001        0.00
    16     3  2001        0.00
    17     3  2001        0.00
    18     3  2001        0.20
    19     3  2001        0.00
    20     3  2001        0.00
    21     3  2001        0.62
    22     3  2001        0.59
    23     3  2001        0.81
    24     3  2001        0.00
    25     3  2001        0.00
    26     3  2001        0.00
    27     3  2001        0.00
    28     3  2001        0.00
    29     3  2001        0.00
    30     3  2001        0.00
    31     3  2001        0.00
     1     4  2001        0.00
     2     4  2001        0.00
     3     4  2001        0.00
     4     4  2001        0.00
     5     4  2001        0.20
     6     4  2001        0.00
     7     4  2001        0.00
     8     4  2001        0.00
     9     4  2001        0.00
    10     4  2001        1.97
    11     4  2001        0.00
    12     4  2001        0.00
    13     4  2001        0.00
    14     4  2001        0.20
    15     4  2001        0.00
    16     4  2001        0.40
    17     4  2001        0.00
    18     4  2001        0.00
    19     4  2001        0.00
    20     4  2001        0.00
    21     4  2001        0.00
    22     4  2001        0.00
    23     4  2001        0.00
    24     4  2001        0.00
    25     4  2001        0.00
    26     4  2001        0.00
    27     4  2001        0.00
    28     4  2001        0.00
    29     4  2001        0.00
    30     4  2001        0.00
     1     5  2001        0.00
     2     5  2001        0.79
     3     5  2001        0.39
     4     5  2001        0.00
     5     5  2001        0.60
     6     5  2001        0.60
     7     5  2001        0.42
     8     5  2001        0.40
     9     5  2001        2.16
    10     5  2001        0.20
    11     5  2001        2.16
    12     5  2001        0.00
    13     5  2001        1.38
    14     5  2001        0.00
    15     5  2001        0.40
    16     5  2001        0.00
    17     5  2001        0.00
    18     5  2001        0.79
    19     5  2001        0.00
    20     5  2001        0.20
    21     5  2001        0.00
    22     5  2001        0.20
    23     5  2001        0.00
    24     5  2001        0.00
    25     5  2001        0.00
    26     5  2001        0.00
    27     5  2001        0.00
    28     5  2001        0.00
    29     5  2001        0.00
    30     5  2001        0.00
    31     5  2001        0.00
     1     6  2001        0.00
     2     6  2001        0.00
     3     6  2001        0.00
     4     6  2001        0.00
     5     6  2001        0.00
     6     6  2001        0.00
     7     6  2001        0.00
     8     6  2001        0.00
     9     6  2001        0.20
    10     6  2001        0.20
    11     6  2001        0.00
    12     6  2001        0.00
    13     6  2001        0.00
    14     6  2001        0.00
    15     6  2001        0.20
    16     6  2001        0.00
    17     6  2001        0.00
    18     6  2001        0.00
    19     6  2001        0.00
    20     6  2001        0.00
    21     6  2001        0.00
    22     6  2001        0.00
    23     6  2001        0.00
    24     6  2001        0.00
    25     6  2001        0.00
    26     6  2001        0.20
    27     6  2001        0.00
    28     6  2001        0.00
    29     6  2001        0.00
    30     6  2001        0.00
     1     7  2001        0.00
     2     7  2001        0.81
     3     7  2001        0.39
     4     7  2001        0.00
     5     7  2001        0.00
     6     7  2001        0.00
     7     7  2001        0.00
     8     7  2001        0.00
     9     7  2001        0.00
    10     7  2001        0.00
    11     7  2001        0.00
    12     7  2001        0.00
    13     7  2001        0.00
    14     7  2001        0.00
    15     7  2001        0.00
    16     7  2001        0.00
    17     7  2001        0.00
    18     7  2001        0.00
    19     7  2001        0.00
    20     7  2001        0.00
    21     7  2001        0.00
    22     7  2001        0.00
    23     7  2001        0.00
    24     7  2001        0.00
    25     7  2001        0.00
    26     7  2001        0.00
    27     7  2001        0.00
    28     7  2001        0.00
    29     7  2001        0.00
    30     7  2001        0.00
    31     7  2001        0.00
     1     8  2001        0.00
     2     8  2001        0.00
     3     8  2001        0.00
     4     8  2001        0.00
     5     8  2001        0.00
     6     8  2001        0.00
     7     8  2001        0.00
     8     8  2001        0.00
     9     8  2001        0.40
    10     8  2001        0.00
    11     8  2001        0.00
    12     8  2001        0.00
    13     8  2001        0.20
    14     8  2001        1.01
    15     8  2001        0.00
    16     8  2001        0.00
    17     8  2001        0.00
    18     8  2001        0.00
    19     8  2001        0.00
    20     8  2001        0.00
    21     8  2001        0.00
    22     8  2001        0.00
    23     8  2001        0.00
    24     8  2001        0.00
    25     8  2001        0.00
    26     8  2001        0.00
    27     8  2001        0.00
    28     8  2001        0.00
    29     8  2001        0.00
    30     8  2001        0.00
    31     8  2001        0.00
     1     9  2001        0.00
     2     9  2001        0.00
     3     9  2001        0.00
     4     9  2001        0.00
     5     9  2001        0.00
     6     9  2001        0.00
     7     9  2001        0.00
     8     9  2001        0.00
     9     9  2001        0.00
    10     9  2001        0.00
    11     9  2001        0.00
    12     9  2001        0.20
    13     9  2001        0.00
    14     9  2001        0.00
    15     9  2001        0.00
    16     9  2001        0.00
    17     9  2001        0.00
    18     9  2001        0.00
    19     9  2001        0.00
    20     9  2001        0.00
    21     9  2001        0.00
    22     9  2001        0.00
    23     9  2001        0.00
    24     9  2001        0.00
    25     9  2001        0.00
    26     9  2001        0.00
    27     9  2001        0.00
    28     9  2001        0.00
    29     9  2001        0.00
    30     9  2001        0.00
     1    10  2001        0.00
     2    10  2001        0.00
     3    10  2001        0.00
     4    10  2001        0.00
     5    10  2001        0.00
     6    10  2001        0.00
     7    10  2001        0.00
     8    10  2001        0.00
     9    10  2001        0.00
    10    10  2001        0.00
    11    10  2001        0.00
    12    10  2001        0.00
    13    10  2001        0.00
    14    10  2001        0.00
    15    10  2001        0.00
    16    10  2001        0.00
    17    10  2001        0.00
    18    10  2001        0.00
    19    10  2001        0.00
    20    10  2001        0.00
    21    10  2001        0.00
    22    10  2001        0.00
    23    10  2001        0.00
    24    10  2001        0.00
    25    10  2001        0.00
    26    10  2001        0.00
    27    10  2001        0.00
    28    10  2001        0.00
    29    10  2001        0.00
    30    10  2001        0.00
    31    10  2001        0.00
     1    11  2001        0.00
     2    11  2001        0.00
     3    11  2001        0.00
     4    11  2001        0.00
     5    11  2001        0.00
     6    11  2001        0.00
     7    11  2001        0.00
     8    11  2001        0.00
     9    11  2001        0.00
    10    11  2001        0.00
    11    11  2001        0.00
    12    11  2001        0.00
    13    11  2001        0.00
    14    11  2001        0.00
    15    11  2001        0.00
    16    11  2001        0.40
    17    11  2001        0.00
    18    11  2001        0.00
    19    11  2001        0.00
    20    11  2001        0.00
    21    11  2001        0.00
    22    11  2001        0.00
    23    11  2001        0.20
    24    11  2001        0.00
    25    11  2001        0.00
    26    11  2001        0.00
    27    11  2001        0.00
    28    11  2001        0.00
    29    11  2001        0.00
    30    11  2001        0.00
     1    12  2001        0.00
     2    12  2001        0.00
     3    12  2001        0.00
     4    12  2001        0.00
     5    12  2001        0.00
     6    12  2001        0.00
     7    12  2001        0.00
     8    12  2001        0.00
     9    12  2001        0.00
    10    12  2001        0.00
    11    12  2001        0.00
    12    12  2001        0.00
    13    12  2001        0.00
    14    12  2001        0.00
    15    12  2001        0.00
    16    12  2001        0.00
    17    12  2001        0.00
    18    12  2001        0.00
    19    12  2001        0.00
    20    12  2001        0.00
    21    12  2001        0.00
    22    12  2001        0.00
    23    12  2001        0.00
    24    12  2001        0.79
    25    12  2001        0.20
    26    12  2001        0.00
    27    12  2001        0.00
    28    12  2001        0.00
    29    12  2001        0.00
    30    12  2001        0.00
    31    12  2001        0.00
     1     1  2002        0.00
     2     1  2002        0.00
     3     1  2002        0.00
     4     1  2002        0.00
     5     1  2002        0.00
     6     1  2002        0.00
     7     1  2002        0.00
     8     1  2002        0.00
     9     1  2002        0.00
    10     1  2002        0.00
    11     1  2002        0.00
    12     1  2002        0.00
    13     1  2002        0.00
    14     1  2002        0.00
    15     1  2002        0.00
    16     1  2002        0.00
    17     1  2002        0.00
    18     1  2002        0.00
    19     1  2002        0.00
    20     1  2002        0.00
    21     1  2002        0.00
    22     1  2002        0.00
    23     1  2002        0.00
    24     1  2002        0.00
    25     1  2002        0.00
    26     1  2002        0.00
    27     1  2002        0.00
    28     1  2002        0.00
    29     1  2002        0.00
    30     1  2002        0.00
    31     1  2002        0.00
     1     2  2002        0.00
     2     2  2002        0.00
     3     2  2002        0.00
     4     2  2002        0.00
     5     2  2002        0.00
     6     2  2002        0.00
     7     2  2002        0.00
     8     2  2002        0.00
     9     2  2002        0.00
    10     2  2002        0.00
    11     2  2002        0.00
    12     2  2002        0.00
    13     2  2002        0.00
    14     2  2002        0.00
    15     2  2002        0.00
    16     2  2002        0.00
    17     2  2002        0.00
    18     2  2002        0.00
    19     2  2002        0.00
    20     2  2002        0.00
    21     2  2002        0.00
    22     2  2002        0.00
    23     2  2002        0.00
    24     2  2002        0.00
    25     2  2002        0.00
    26     2  2002        0.00
    27     2  2002        0.00
    28     2  2002        0.00
     1     3  2002        0.00
     2     3  2002        2.95
     3     3  2002        0.79
     4     3  2002        1.02
     5     3  2002        0.00
     6     3  2002        0.00
     7     3  2002        0.00
     8     3  2002        0.00
     9     3  2002        0.00
    10     3  2002        0.00
    11     3  2002        0.00
    12     3  2002        0.00
    13     3  2002        0.00
    14     3  2002        0.00
    15     3  2002        0.00
    16     3  2002        0.00
    17     3  2002        0.00
    18     3  2002        0.00
    19     3  2002        0.00
    20     3  2002        0.00
    21     3  2002        0.00
    22     3  2002        0.00
    23     3  2002        0.00
    24     3  2002        0.00
    25     3  2002        0.00
    26     3  2002        0.00
    27     3  2002        0.00
    28     3  2002        0.00
    29     3  2002        0.00
    30     3  2002        0.00
    31     3  2002        0.20
     1     4  2002        0.00
     2     4  2002        0.00
     3     4  2002        0.00
     4     4  2002        0.00
     5     4  2002        0.00
     6     4  2002        0.00
     7     4  2002        0.00
     8     4  2002        0.00
     9     4  2002        0.00
    10     4  2002        0.00
    11     4  2002        0.00
    12     4  2002        0.00
    13     4  2002        0.20
    14     4  2002        0.00
    15     4  2002        0.00
    16     4  2002        0.00
    17     4  2002        0.00
    18     4  2002        0.00
    19     4  2002        0.00
    20     4  2002        0.00
    21     4  2002        0.00
    22     4  2002        0.00
    23     4  2002        0.00
    24     4  2002        0.00
    25     4  2002        0.00
    26     4  2002        0.20
    27     4  2002        0.20
    28     4  2002        3.34
    29     4  2002        0.80
    30     4  2002        0.20
     1     5  2002        0.79
     2     5  2002       10.23
     3     5  2002        4.32
     4     5  2002        0.40
     5     5  2002        1.57
     6     5  2002        3.72
     7     5  2002        0.99
     8     5  2002        0.40
     9     5  2002        0.20
    10     5  2002        6.50
    11     5  2002        4.72
    12     5  2002        0.00
    13     5  2002        0.00
    14     5  2002        0.59
    15     5  2002        1.58
    16     5  2002        0.42
    17     5  2002        1.96
    18     5  2002        1.38
    19     5  2002        0.00
    20     5  2002        0.00
    21     5  2002        0.20
    22     5  2002        0.00
    23     5  2002        0.79
    24     5  2002        4.33
    25     5  2002        0.40
    26     5  2002        0.00
    27     5  2002        0.00
    28     5  2002        1.01
    29     5  2002        1.77
    30     5  2002        3.94
    31     5  2002        3.14
     1     6  2002        0.20
     2     6  2002        0.00
     3     6  2002        0.62
     4     6  2002        0.00
     5     6  2002        0.00
     6     6  2002        0.00
     7     6  2002        0.00
     8     6  2002        0.00
     9     6  2002        0.00
    10     6  2002        0.00
    11     6  2002        0.00
    12     6  2002        0.00
    13     6  2002        0.00
    14     6  2002        0.00
    15     6  2002        0.00
    16     6  2002        0.00
    17     6  2002        0.00
    18     6  2002        0.00
    19     6  2002        0.00
    20     6  2002        0.00
    21     6  2002        0.00
    22     6  2002        0.00
    23     6  2002        0.00
    24     6  2002        0.00
    25     6  2002        0.00
    26     6  2002        0.00
    27     6  2002        0.00
    28     6  2002        0.00
    29     6  2002        0.00
    30     6  2002        0.00
     1     7  2002        0.00
     2     7  2002        0.00
     3     7  2002        0.00
     4     7  2002        0.62
     5     7  2002        0.20
     6     7  2002        0.40
     7     7  2002        0.00
     8     7  2002        0.00
     9     7  2002        0.00
    10     7  2002        0.00
    11     7  2002        0.00
    12     7  2002        0.00
    13     7  2002        0.00
    14     7  2002        0.00
    15     7  2002        0.00
    16     7  2002        0.00
    17     7  2002        0.00
    18     7  2002        0.00
    19     7  2002        0.99
    20     7  2002        5.49
    21     7  2002        2.16
    22     7  2002        1.96
    23     7  2002        0.42
    24     7  2002        0.00
    25     7  2002        0.00
    26     7  2002        0.00
    27     7  2002        0.00
    28     7  2002        5.90
    29     7  2002        1.57
    30     7  2002        8.45
    31     7  2002        1.38
     1     8  2002        0.20
     2     8  2002        1.19
     3     8  2002        2.36
     4     8  2002        0.40
     5     8  2002        0.20
     6     8  2002        1.19
     7     8  2002        4.35
     8     8  2002        5.11
     9     8  2002        0.80
    10     8  2002        0.20
    11     8  2002        0.59
    12     8  2002        0.20
    13     8  2002        2.18
    14     8  2002        3.57
    15     8  2002        2.95
    16     8  2002        0.20
    17     8  2002        0.42
    18     8  2002        0.98
    19     8  2002        0.00
    20     8  2002        0.00
    21     8  2002        0.00
    22     8  2002        0.00
    23     8  2002        0.00
    24     8  2002        0.00
    25     8  2002        0.00
    26     8  2002        0.79
    27     8  2002        0.80
    28     8  2002        4.71
    29     8  2002        2.97
    30     8  2002        0.60
    31     8  2002        0.82
     1     9  2002        0.00
     2     9  2002        0.80
     3     9  2002        1.57
     4     9  2002        0.60
     5     9  2002        0.42
     6     9  2002        0.00
     7     9  2002        0.00
     8     9  2002        1.18
     9     9  2002        0.39
    10     9  2002        0.20
    11     9  2002        0.00
    12     9  2002        0.00
    13     9  2002        0.00
    14     9  2002        0.00
    15     9  2002        0.00
    16     9  2002        0.99
    17     9  2002        0.42
    18     9  2002        0.20
    19     9  2002        0.20
    20     9  2002        0.59
    21     9  2002        0.00
    22     9  2002        0.00
    23     9  2002        0.40
    24     9  2002        0.20
    25     9  2002        0.20
    26     9  2002        0.00
    27     9  2002        0.00
    28     9  2002        0.00
    29     9  2002        0.20
    30     9  2002        0.00
     1    10  2002        1.20
     2    10  2002        0.98
     3    10  2002        5.94
     4    10  2002        4.33
     5    10  2002        0.60
     6    10  2002        3.17
     7    10  2002        0.62
     8    10  2002        0.99
     9    10  2002        2.19
    10    10  2002        2.55
    11    10  2002        3.15
    12    10  2002        7.47
    13    10  2002        5.70
    14    10  2002        9.64
    15    10  2002       17.51
    16    10  2002       13.76
    17    10  2002        3.18
    18    10  2002        8.24
    19    10  2002        4.32
    20    10  2002       10.03
    21    10  2002        3.93
    22    10  2002        3.14
    23    10  2002        6.09
    24    10  2002        0.20
    25    10  2002        0.00
    26    10  2002        0.20
    27    10  2002        0.20
    28    10  2002        0.62
    29    10  2002        0.79
    30    10  2002        0.20
    31    10  2002        0.00
     1    11  2002        0.20
     2    11  2002        0.00
     3    11  2002        0.20
     4    11  2002        0.00
     5    11  2002        0.42
     6    11  2002        0.40
     7    11  2002        0.40
     8    11  2002        0.40
     9    11  2002        0.62
    10    11  2002        0.40
    11    11  2002        0.40
    12    11  2002        0.00
    13    11  2002        0.00
    14    11  2002        0.20
    15    11  2002        0.00
    16    11  2002        0.00
    17    11  2002        0.00
    18    11  2002        0.00
    19    11  2002        0.00
    20    11  2002        0.00
    21    11  2002        0.00
    22    11  2002        0.00
    23    11  2002        0.20
    24    11  2002        0.00
    25    11  2002        0.00
    26    11  2002        0.00
    27    11  2002        0.00
    28    11  2002        0.00
    29    11  2002        0.00
    30    11  2002        0.00
     1    12  2002        0.00
     2    12  2002        0.59
     3    12  2002        0.00
     4    12  2002        0.00
     5    12  2002        0.00
     6    12  2002        0.20
     7    12  2002        0.00
     8    12  2002        0.00
     9    12  2002        0.00
    10    12  2002        0.00
    11    12  2002        0.00
    12    12  2002        0.00
    13    12  2002        0.00
    14    12  2002        0.00
    15    12  2002        0.59
    16    12  2002        0.59
    17    12  2002        0.79
    18    12  2002        0.00
    19    12  2002        0.20
    20    12  2002        0.20
    21    12  2002        0.00
    22    12  2002        0.60
    23    12  2002        0.20
    24    12  2002        0.20
    25    12  2002        0.00
    26    12  2002        0.20
    27    12  2002        0.40
    28    12  2002        0.40
    29    12  2002        0.20
    30    12  2002        0.40
    31    12  2002        0.42
     1     1  2003        0.60
     2     1  2003        1.19
     3     1  2003        0.40
     4     1  2003        1.02
     5     1  2003        0.39
     6     1  2003        0.00
     7     1  2003        0.00
     8     1  2003        0.79
     9     1  2003        0.00
    10     1  2003        0.20
    11     1  2003        0.40
    12     1  2003        0.20
    13     1  2003        0.00
    14     1  2003        0.42
    15     1  2003        0.20
    16     1  2003        0.20
    17     1  2003        0.00
    18     1  2003        0.00
    19     1  2003        0.20
    20     1  2003        1.97
    21     1  2003        0.20
    22     1  2003        0.00
    23     1  2003        0.20
    24     1  2003        0.62
    25     1  2003        0.20
    26     1  2003        0.00
    27     1  2003        0.00
    28     1  2003        0.00
    29     1  2003        0.00
    30     1  2003        0.00
    31     1  2003        0.00
     1     2  2003        2.75
     2     2  2003        1.19
     3     2  2003        0.20
     4     2  2003        0.40
     5     2  2003        0.00
     6     2  2003        0.42
     7     2  2003        0.20
     8     2  2003        0.00
     9     2  2003        0.00
    10     2  2003        0.00
    11     2  2003        0.00
    12     2  2003        0.00
    13     2  2003        0.00
    14     2  2003        0.00
    15     2  2003        0.00
    16     2  2003        0.00
    17     2  2003        0.00
    18     2  2003        0.00
    19     2  2003        0.00
    20     2  2003        0.00
    21     2  2003        0.00
    22     2  2003        0.98
    23     2  2003        1.58
    24     2  2003        0.20
    25     2  2003        0.20
    26     2  2003        0.00
    27     2  2003        0.00
    28     2  2003        0.00
     1     3  2003        0.59
     2     3  2003        0.00
     3     3  2003        0.00
     4     3  2003        0.00
     5     3  2003        0.00
     6     3  2003        0.00
     7     3  2003        0.00
     8     3  2003        0.20
     9     3  2003        0.00
    10     3  2003        0.00
    11     3  2003        0.00
    12     3  2003        0.00
    13     3  2003        0.00
    14     3  2003        0.00
    15     3  2003        0.00
    16     3  2003        0.00
    17     3  2003        0.00
    18     3  2003        0.00
    19     3  2003        0.00
    20     3  2003        0.00
    21     3  2003        0.00
    22     3  2003        0.00
    23     3  2003        0.00
    24     3  2003        0.00
    25     3  2003        0.00
    26     3  2003        0.00
    27     3  2003        0.00
    28     3  2003        0.00
    29     3  2003        0.98
    30     3  2003        1.58
    31     3  2003        1.37
     1     4  2003        0.00
     2     4  2003        3.14
     3     4  2003        1.96
     4     4  2003        0.00
     5     4  2003        0.00
     6     4  2003        0.00
     7     4  2003        0.00
     8     4  2003        0.00
     9     4  2003        0.00
    10     4  2003        0.00
    11     4  2003        0.00
    12     4  2003        0.00
    13     4  2003        0.20
    14     4  2003        0.00
    15     4  2003        0.00
    16     4  2003        0.00
    17     4  2003        0.79
    18     4  2003        0.00
    19     4  2003        0.00
    20     4  2003        0.00
    21     4  2003        0.00
    22     4  2003        1.78
    23     4  2003        0.79
    24     4  2003        0.00
    25     4  2003        0.00
    26     4  2003        0.00
    27     4  2003        0.00
    28     4  2003        0.00
    29     4  2003        0.20
    30     4  2003        0.00
     1     5  2003        0.00
     2     5  2003        0.00
     3     5  2003        0.20
     4     5  2003        0.00
     5     5  2003        0.00
     6     5  2003        0.00
     7     5  2003        0.20
     8     5  2003        0.78
     9     5  2003        0.00
    10     5  2003        0.00
    11     5  2003        0.00
    12     5  2003        0.00
    13     5  2003        0.00
    14     5  2003        0.00
    15     5  2003        0.00
    16     5  2003        0.00
    17     5  2003        0.00
    18     5  2003        0.00
    19     5  2003        0.00
    20     5  2003        0.00
    21     5  2003        0.00
    22     5  2003        0.00
    23     5  2003        0.00
    24     5  2003        0.20
    25     5  2003        0.79
    26     5  2003        0.00
    27     5  2003        0.00
    28     5  2003        0.40
    29     5  2003        0.00
    30     5  2003        0.00
    31     5  2003        0.00
     1     6  2003        0.00
     2     6  2003        0.00
     3     6  2003        0.00
     4     6  2003        0.00
     5     6  2003        0.00
     6     6  2003        0.00
     7     6  2003        0.00
     8     6  2003        0.00
     9     6  2003        0.00
    10     6  2003        1.77
    11     6  2003        0.00
    12     6  2003        0.00
    13     6  2003        0.20
    14     6  2003        0.00
    15     6  2003        0.00
    16     6  2003        0.00
    17     6  2003        0.20
    18     6  2003        0.98
    19     6  2003        0.00
    20     6  2003        0.00
    21     6  2003        0.00
    22     6  2003        0.00
    23     6  2003        0.20
    24     6  2003        0.00
    25     6  2003        0.00
    26     6  2003        0.00
    27     6  2003        0.00
    28     6  2003        2.36
    29     6  2003        0.00
    30     6  2003        0.00
     1     7  2003        0.20
     2     7  2003        1.38
     3     7  2003        0.40
     4     7  2003        0.00
     5     7  2003        0.00
     6     7  2003        0.00
     7     7  2003        0.59
     8     7  2003        0.59
     9     7  2003        0.20
    10     7  2003        0.00
    11     7  2003        0.39
    12     7  2003        0.40
    13     7  2003        0.42
    14     7  2003        1.18
    15     7  2003        0.40
    16     7  2003        0.00
    17     7  2003        0.00
    18     7  2003        0.00
    19     7  2003        0.00
    20     7  2003        0.00
    21     7  2003        1.21
    22     7  2003        0.20
    23     7  2003        0.00
    24     7  2003        0.20
    25     7  2003        0.00
    26     7  2003        0.00
    27     7  2003        0.00
    28     7  2003        0.00
    29     7  2003        0.00
    30     7  2003        0.42
    31     7  2003        0.00
     1     8  2003        0.00
     2     8  2003        0.00
     3     8  2003        0.00
     4     8  2003        0.00
     5     8  2003        0.00
     6     8  2003        0.00
     7     8  2003        0.00
     8     8  2003        0.00
     9     8  2003        0.00
    10     8  2003        0.00
    11     8  2003        0.00
    12     8  2003        0.00
    13     8  2003        0.00
    14     8  2003        0.00
    15     8  2003        0.00
    16     8  2003        0.00
    17     8  2003        0.00
    18     8  2003        0.00
    19     8  2003        0.00
    20     8  2003        0.00
    21     8  2003        0.00
    22     8  2003        0.40
    23     8  2003        0.20
    24     8  2003        0.99
    25     8  2003        0.00
    26     8  2003        0.00
    27     8  2003        0.00
    28     8  2003        0.20
    29     8  2003        0.00
    30     8  2003        0.00
    31     8  2003        0.00
     1     9  2003        0.20
     2     9  2003        2.75
     3     9  2003        0.00
     4     9  2003        0.00
     5     9  2003        0.20
     6     9  2003        0.59
     7     9  2003        0.00
     8     9  2003        0.00
     9     9  2003        0.00
    10     9  2003        0.00
    11     9  2003        0.62
    12     9  2003        0.00
    13     9  2003        0.00
    14     9  2003        0.00
    15     9  2003        0.20
    16     9  2003        0.40
    17     9  2003        0.99
    18     9  2003        2.96
    19     9  2003        1.38
    20     9  2003        0.00
    21     9  2003        0.00
    22     9  2003        0.00
    23     9  2003        0.00
    24     9  2003        0.00
    25     9  2003        0.00
    26     9  2003        0.00
    27     9  2003        0.20
    28     9  2003        0.00
    29     9  2003        0.60
    30     9  2003        0.20
     1    10  2003        0.00
     2    10  2003        0.00
     3    10  2003        0.00
     4    10  2003        0.00
     5    10  2003        0.20
     6    10  2003        0.00
     7    10  2003        0.00
     8    10  2003        0.00
     9    10  2003        0.00
    10    10  2003        0.00
    11    10  2003        0.00
    12    10  2003        0.00
    13    10  2003        0.00
    14    10  2003        0.00
    15    10  2003        0.00
    16    10  2003        0.00
    17    10  2003        0.00
    18    10  2003        0.00
    19    10  2003        0.20
    20    10  2003        0.00
    21    10  2003        0.00
    22    10  2003        0.00
    23    10  2003        0.00
    24    10  2003        0.00
    25    10  2003        0.00
    26    10  2003        0.00
    27    10  2003        0.00
    28    10  2003        0.00
    29    10  2003        0.00
    30    10  2003        0.00
    31    10  2003        0.00
     1    11  2003        0.00
     2    11  2003        0.00
     3    11  2003        0.00
     4    11  2003        0.00
     5    11  2003        0.00
     6    11  2003        0.79
     7    11  2003        1.19
     8    11  2003        0.79
     9    11  2003        0.00
    10    11  2003        0.20
    11    11  2003        0.00
    12    11  2003        0.00
    13    11  2003        0.00
    14    11  2003        0.00
    15    11  2003        0.00
    16    11  2003        0.00
    17    11  2003        0.00
    18    11  2003        0.00
    19    11  2003        0.00
    20    11  2003        0.00
    21    11  2003        0.00
    22    11  2003        0.59
    23    11  2003        0.00
    24    11  2003        0.00
    25    11  2003        0.00
    26    11  2003        0.00
    27    11  2003        0.00
    28    11  2003        0.00
    29    11  2003        0.00
    30    11  2003        0.00
     1    12  2003        0.00
     2    12  2003        0.00
     3    12  2003        0.00
     4    12  2003        0.00
     5    12  2003        0.00
     6    12  2003        0.59
     7    12  2003        1.18
     8    12  2003        0.00
     9    12  2003        0.00
    10    12  2003        0.00
    11    12  2003        0.00
    12    12  2003        0.00
    13    12  2003        0.00
    14    12  2003        0.00
    15    12  2003        0.00
    16    12  2003        0.00
    17    12  2003        0.00
    18    12  2003        0.00
    19    12  2003        0.20
    20    12  2003        0.00
    21    12  2003        0.20
    22    12  2003        0.00
    23    12  2003        0.00
    24    12  2003        0.00
    25    12  2003        0.00
    26    12  2003        0.00
    27    12  2003        0.20
    28    12  2003        0.20
    29    12  2003        0.00
    30    12  2003        0.20
    31    12  2003        0.40
     1     1  2004        2.17
     2     1  2004        0.40
     3     1  2004        5.30
     4     1  2004        2.95
     5     1  2004        1.78
     6     1  2004        3.74
     7     1  2004        3.73
     8     1  2004        0.80
     9     1  2004        1.78
    10     1  2004        0.20
    11     1  2004        0.00
    12     1  2004        0.20
    13     1  2004        0.00
    14     1  2004        0.00
    15     1  2004        0.00
    16     1  2004        0.00
    17     1  2004        0.00
    18     1  2004        0.39
    19     1  2004        0.00
    20     1  2004        0.00
    21     1  2004        0.00
    22     1  2004        0.00
    23     1  2004        1.58
    24     1  2004        0.00
    25     1  2004        0.00
    26     1  2004        0.00
    27     1  2004        0.00
    28     1  2004        0.00
    29     1  2004        0.00
    30     1  2004        1.02
    31     1  2004        0.20
     1     2  2004        0.00
     2     2  2004        0.00
     3     2  2004        0.79
     4     2  2004        1.19
     5     2  2004        0.20
     6     2  2004        0.00
     7     2  2004        0.00
     8     2  2004        0.00
     9     2  2004        0.00
    10     2  2004        0.20
    11     2  2004        0.00
    12     2  2004        0.00
    13     2  2004        1.58
    14     2  2004        0.00
    15     2  2004        0.00
    16     2  2004        1.57
    17     2  2004        0.00
    18     2  2004        1.18
    19     2  2004        0.00
    20     2  2004        0.00
    21     2  2004        0.00
    22     2  2004        0.59
    23     2  2004        0.00
    24     2  2004        0.00
    25     2  2004        0.79
    26     2  2004        0.59
    27     2  2004        0.79
    28     2  2004        2.55
    29     2  2004        1.01
     1     3  2004        0.60
     2     3  2004        0.79
     3     3  2004        0.79
     4     3  2004        0.60
     5     3  2004        0.39
     6     3  2004        0.00
     7     3  2004        0.00
     8     3  2004        0.00
     9     3  2004        0.00
    10     3  2004        0.20
    11     3  2004        0.00
    12     3  2004        0.40
    13     3  2004        0.00
    14     3  2004        0.20
    15     3  2004        1.57
    16     3  2004        2.35
    17     3  2004        0.79
    18     3  2004        0.40
    19     3  2004        0.20
    20     3  2004        0.59
    21     3  2004        0.20
    22     3  2004        0.00
    23     3  2004        1.99
    24     3  2004        1.19
    25     3  2004        1.58
    26     3  2004        0.79
    27     3  2004        0.00
    28     3  2004        1.80
    29     3  2004        2.95
    30     3  2004        4.13
    31     3  2004        0.99
     1     4  2004        0.00
     2     4  2004        0.00
     3     4  2004        0.79
     4     4  2004        0.00
     5     4  2004        0.00
     6     4  2004        0.00
     7     4  2004        0.00
     8     4  2004        0.00
     9     4  2004        0.00
    10     4  2004        0.00
    11     4  2004        0.00
    12     4  2004        0.00
    13     4  2004        0.00
    14     4  2004        0.00
    15     4  2004        0.00
    16     4  2004        0.00
    17     4  2004        0.00
    18     4  2004        0.00
    19     4  2004        0.00
    20     4  2004        0.00
    21     4  2004        0.00
    22     4  2004        0.40
    23     4  2004        0.60
    24     4  2004        0.20
    25     4  2004        0.60
    26     4  2004        0.40
    27     4  2004        0.00
    28     4  2004        0.00
    29     4  2004        0.00
    30     4  2004        0.00
     1     5  2004        0.00
     2     5  2004        0.00
     3     5  2004        0.59
     4     5  2004        0.00
     5     5  2004        0.62
     6     5  2004        0.00
     7     5  2004        0.20
     8     5  2004        0.00
     9     5  2004        0.20
    10     5  2004        0.20
    11     5  2004        0.00
    12     5  2004        1.21
    13     5  2004        0.20
    14     5  2004        0.00
    15     5  2004        1.18
    16     5  2004        1.58
    17     5  2004        0.59
    18     5  2004        0.42
    19     5  2004        0.00
    20     5  2004        4.13
    21     5  2004        0.20
    22     5  2004        0.59
    23     5  2004        0.00
    24     5  2004        0.20
    25     5  2004        1.18
    26     5  2004        2.76
    27     5  2004        0.00
    28     5  2004        0.00
    29     5  2004        0.00
    30     5  2004        0.00
    31     5  2004        0.00
     1     6  2004        0.00
     2     6  2004        0.20
     3     6  2004        0.00
     4     6  2004        0.59
     5     6  2004        0.00
     6     6  2004        0.00
     7     6  2004        0.00
     8     6  2004        0.40
     9     6  2004        0.00
    10     6  2004        0.00
    11     6  2004        0.00
    12     6  2004        0.00
    13     6  2004        0.00
    14     6  2004        0.00
    15     6  2004        0.00
    16     6  2004        0.00
    17     6  2004        0.00
    18     6  2004        0.00
    19     6  2004        0.20
    20     6  2004        0.00
    21     6  2004        0.00
    22     6  2004        0.00
    23     6  2004        0.40
    24     6  2004        0.20
    25     6  2004        0.40
    26     6  2004        0.00
    27     6  2004        0.00
    28     6  2004        0.82
    29     6  2004        5.10
    30     6  2004        3.53
     1     7  2004        1.38
     2     7  2004        0.99
     3     7  2004        0.00
     4     7  2004        0.39
     5     7  2004        0.00
     6     7  2004        1.96
     7     7  2004        0.00
     8     7  2004        0.00
     9     7  2004        0.00
    10     7  2004        0.62
    11     7  2004        0.00
    12     7  2004        0.20
    13     7  2004        0.20
    14     7  2004        1.58
    15     7  2004        0.20
    16     7  2004        0.00
    17     7  2004        0.20
    18     7  2004        0.00
    19     7  2004        0.20
    20     7  2004        0.00
    21     7  2004        1.18
    22     7  2004        0.00
    23     7  2004        1.58
    24     7  2004        1.97
    25     7  2004        0.20
    26     7  2004        0.00
    27     7  2004        0.79
    28     7  2004        0.00
    29     7  2004        0.00
    30     7  2004        0.20
    31     7  2004        0.00
     1     8  2004        0.00
     2     8  2004        0.00
     3     8  2004        0.00
     4     8  2004        0.00
     5     8  2004        0.40
     6     8  2004        0.00
     7     8  2004        0.00
     8     8  2004        0.00
     9     8  2004        0.00
    10     8  2004        0.00
    11     8  2004        0.00
    12     8  2004        0.00
    13     8  2004        0.00
    14     8  2004        0.00
    15     8  2004        0.00
    16     8  2004        0.40
    17     8  2004        0.00
    18     8  2004        0.20
    19     8  2004        0.20
    20     8  2004        0.00
    21     8  2004        0.20
    22     8  2004        0.79
    23     8  2004        0.20
    24     8  2004        0.00
    25     8  2004        0.20
    26     8  2004        0.00
    27     8  2004        0.00
    28     8  2004        0.59
    29     8  2004        0.00
    30     8  2004        0.00
    31     8  2004        0.00
     1     9  2004        0.00
     2     9  2004        0.00
     3     9  2004        0.00
     4     9  2004        0.00
     5     9  2004        0.00
     6     9  2004        0.00
     7     9  2004        0.00
     8     9  2004        0.00
     9     9  2004        0.00
    10     9  2004        0.00
    11     9  2004        1.17
    12     9  2004        0.00
    13     9  2004        0.00
    14     9  2004        0.20
    15     9  2004        0.40
    16     9  2004        0.40
    17     9  2004        0.00
    18     9  2004        0.00
    19     9  2004        0.00
    20     9  2004        0.00
    21     9  2004        0.00
    22     9  2004        0.00
    23     9  2004        0.00
    24     9  2004        0.00
    25     9  2004        0.00
    26     9  2004        0.00
    27     9  2004        0.00
    28     9  2004        0.00
    29     9  2004        0.00
    30     9  2004        0.00
     1    10  2004        0.00
     2    10  2004        0.00
     3    10  2004        0.00
     4    10  2004        0.00
     5    10  2004        0.00
     6    10  2004        0.00
     7    10  2004        0.00
     8    10  2004        0.00
     9    10  2004        0.00
    10    10  2004        0.00
    11    10  2004        0.20
    12    10  2004        0.00
    13    10  2004        0.00
    14    10  2004        0.00
    15    10  2004        0.00
    16    10  2004        0.20
    17    10  2004        0.00
    18    10  2004        0.00
    19    10  2004        0.00
    20    10  2004        0.00
    21    10  2004        0.00
    22    10  2004        0.00
    23    10  2004        0.00
    24    10  2004        0.00
    25    10  2004        0.00
    26    10  2004        0.00
    27    10  2004        0.00
    28    10  2004        0.00
    29    10  2004        0.00
    30    10  2004        0.00
    31    10  2004        0.20
     1    11  2004        0.20
     2    11  2004        0.00
     3    11  2004        0.59
     4    11  2004        0.62
     5    11  2004        0.40
     6    11  2004        0.00
     7    11  2004        0.59
     8    11  2004        0.20
     9    11  2004        0.00
    10    11  2004        0.00
    11    11  2004        0.00
    12    11  2004        0.40
    13    11  2004        0.79
    14    11  2004        0.20
    15    11  2004        0.40
    16    11  2004        0.40
    17    11  2004        1.41
    18    11  2004        0.80
    19    11  2004        0.82
    20    11  2004        1.77
    21    11  2004        2.36
    22    11  2004        1.02
    23    11  2004        3.35
    24    11  2004        3.93
    25    11  2004        2.36
    26    11  2004        1.58
    27    11  2004        2.16
    28    11  2004        0.40
    29    11  2004        0.99
    30    11  2004        0.99
     1    12  2004        0.20
     2    12  2004        1.38
     3    12  2004        0.20
     4    12  2004        0.00
     5    12  2004        0.00
     6    12  2004        0.59
     7    12  2004        0.00
     8    12  2004        0.00
     9    12  2004        0.00
    10    12  2004        0.00
    11    12  2004        0.00
    12    12  2004        0.00
    13    12  2004        0.20
    14    12  2004        0.00
    15    12  2004        0.20
    16    12  2004        0.20
    17    12  2004        0.00
    18    12  2004        0.40
    19    12  2004        0.42
    20    12  2004        0.00
    21    12  2004        0.00
    22    12  2004        0.00
    23    12  2004        0.79
    24    12  2004        0.00
    25    12  2004        0.00
    26    12  2004        2.35
    27    12  2004        1.97
    28    12  2004        3.94
    29    12  2004        6.48
    30    12  2004        4.73
    31    12  2004        3.15
     1     1  2005        0.60
     2     1  2005        0.82
     3     1  2005        0.20
     4     1  2005        0.20
     5     1  2005        0.20
     6     1  2005        0.40
     7     1  2005        0.60
     8     1  2005        0.80
     9     1  2005        1.00
    10     1  2005        1.57
    11     1  2005        2.95
    12     1  2005        0.20
    13     1  2005        1.98
    14     1  2005        0.20
    15     1  2005        0.00
    16     1  2005        0.00
    17     1  2005        0.20
    18     1  2005        0.20
    19     1  2005        0.20
    20     1  2005        0.00
    21     1  2005        0.00
    22     1  2005        0.00
    23     1  2005        0.00
    24     1  2005        0.00
    25     1  2005        0.20
    26     1  2005        0.00
    27     1  2005        0.00
    28     1  2005        0.00
    29     1  2005        0.00
    30     1  2005        0.00
    31     1  2005        0.00
     1     2  2005        0.40
     2     2  2005        0.00
     3     2  2005        1.21
     4     2  2005        0.00
     5     2  2005        0.40
     6     2  2005        0.00
     7     2  2005        0.00
     8     2  2005        0.00
     9     2  2005        0.00
    10     2  2005        0.00
    11     2  2005        0.00
    12     2  2005        0.20
    13     2  2005        0.00
    14     2  2005        0.00
    15     2  2005        2.95
    16     2  2005        1.58
    17     2  2005        0.00
    18     2  2005        2.95
    19     2  2005        0.79
    20     2  2005        0.00
    21     2  2005        0.40
    22     2  2005        0.99
    23     2  2005        0.20
    24     2  2005        0.59
    25     2  2005        0.40
    26     2  2005        0.20
    27     2  2005        0.40
    28     2  2005        0.60
     1     3  2005        1.19
     2     3  2005        0.99
     3     3  2005        0.20
     4     3  2005        0.40
     5     3  2005        0.00
     6     3  2005        0.20
     7     3  2005        0.00
     8     3  2005        0.00
     9     3  2005        0.00
    10     3  2005        0.20
    11     3  2005        0.20
    12     3  2005        1.18
    13     3  2005        0.00
    14     3  2005        0.20
    15     3  2005        0.00
    16     3  2005        0.00
    17     3  2005        0.00
    18     3  2005        0.00
    19     3  2005        0.00
    20     3  2005        0.00
    21     3  2005        0.62
    22     3  2005        0.00
    23     3  2005        0.20
    24     3  2005        0.20
    25     3  2005        0.00
    26     3  2005        0.39
    27     3  2005        1.43
    28     3  2005        0.59
    29     3  2005        0.20
    30     3  2005        0.59
    31     3  2005        1.79
     1     4  2005        0.59
     2     4  2005        0.00
     3     4  2005        0.20
     4     4  2005        0.82
     5     4  2005        0.40
     6     4  2005        2.75
     7     4  2005        1.81
     8     4  2005        0.20
     9     4  2005        0.98
    10     4  2005        0.20
    11     4  2005        0.79
    12     4  2005        0.80
    13     4  2005        0.60
    14     4  2005        0.60
    15     4  2005        0.60
    16     4  2005        0.00
    17     4  2005        0.20
    18     4  2005        0.42
    19     4  2005        0.20
    20     4  2005        0.00
    21     4  2005        0.00
    22     4  2005        0.39
    23     4  2005        0.79
    24     4  2005        0.59
    25     4  2005        1.77
    26     4  2005        1.40
    27     4  2005        0.00
    28     4  2005        0.40
    29     4  2005        0.00
    30     4  2005        0.20
     1     5  2005        0.40
     2     5  2005        0.00
     3     5  2005        0.00
     4     5  2005        0.20
     5     5  2005        0.20
     6     5  2005        0.00
     7     5  2005        0.00
     8     5  2005        0.20
     9     5  2005        0.62
    10     5  2005        0.20
    11     5  2005        0.60
    12     5  2005        0.20
    13     5  2005        0.00
    14     5  2005        0.20
    15     5  2005        0.00
    16     5  2005        0.20
    17     5  2005        0.00
    18     5  2005        0.00
    19     5  2005        0.00
    20     5  2005        0.00
    21     5  2005        0.00
    22     5  2005        0.00
    23     5  2005        0.00
    24     5  2005        0.00
    25     5  2005        0.00
    26     5  2005        0.20
    27     5  2005        1.39
    28     5  2005        0.00
    29     5  2005        0.40
    30     5  2005        0.20
    31     5  2005        0.00
     1     6  2005        0.00
     2     6  2005        0.00
     3     6  2005        0.20
     4     6  2005        0.20
     5     6  2005        0.20
     6     6  2005        0.00
     7     6  2005        0.20
     8     6  2005        0.40
     9     6  2005        0.00
    10     6  2005        0.60
    11     6  2005        0.40
    12     6  2005        0.20
    13     6  2005        0.20
    14     6  2005        0.00
    15     6  2005        0.60
    16     6  2005        0.40
    17     6  2005        0.20
    18     6  2005        0.20
    19     6  2005        0.20
    20     6  2005        0.40
    21     6  2005        0.20
    22     6  2005        0.20
    23     6  2005        0.40
    24     6  2005        0.60
    25     6  2005        0.20
    26     6  2005        0.00
    27     6  2005        0.00
    28     6  2005        0.00
    29     6  2005        0.00
    30     6  2005        0.00
     1     7  2005        0.00
     2     7  2005        0.00
     3     7  2005        0.00
     4     7  2005        0.00
     5     7  2005        0.00
     6     7  2005        0.20
     7     7  2005        0.00
     8     7  2005        0.40
     9     7  2005        0.20
    10     7  2005        0.59
    11     7  2005        0.79
    12     7  2005        0.20
    13     7  2005        0.60
    14     7  2005        0.20
    15     7  2005        0.40
    16     7  2005        0.81
    17     7  2005        0.20
    18     7  2005        0.40
    19     7  2005        0.40
    20     7  2005        0.00
    21     7  2005        0.00
    22     7  2005        0.00
    23     7  2005        0.00
    24     7  2005        0.00
    25     7  2005        0.00
    26     7  2005        0.00
    27     7  2005        0.00
    28     7  2005        0.00
    29     7  2005        0.00
    30     7  2005        0.00
    31     7  2005        0.20
     1     8  2005        0.82
     2     8  2005        0.00
     3     8  2005        2.37
     4     8  2005        0.20
     5     8  2005        0.00
     6     8  2005        0.00
     7     8  2005        0.00
     8     8  2005        0.20
     9     8  2005        0.62
    10     8  2005        0.20
    11     8  2005        0.00
    12     8  2005        0.00
    13     8  2005        0.00
    14     8  2005        0.39
    15     8  2005        0.00
    16     8  2005        0.00
    17     8  2005        0.00
    18     8  2005        0.00
    19     8  2005        0.00
    20     8  2005        0.20
    21     8  2005        0.20
    22     8  2005        0.59
    23     8  2005        0.00
    24     8  2005        0.20
    25     8  2005        1.76
    26     8  2005        1.38
    27     8  2005        0.00
    28     8  2005        0.40
    29     8  2005        0.40
    30     8  2005        0.00
    31     8  2005        0.00
     1     9  2005        0.00
     2     9  2005        0.00
     3     9  2005        0.62
     4     9  2005        0.60
     5     9  2005        0.00
     6     9  2005        0.60
     7     9  2005        0.20
     8     9  2005        1.97
     9     9  2005        0.80
    10     9  2005        0.00
    11     9  2005        0.20
    12     9  2005        0.59
    13     9  2005        0.20
    14     9  2005        0.59
    15     9  2005        1.38
    16     9  2005        0.00
    17     9  2005        0.00
    18     9  2005        0.00
    19     9  2005        0.39
    20     9  2005        0.00
    21     9  2005        0.00
    22     9  2005        0.00
    23     9  2005        0.00
    24     9  2005        0.20
    25     9  2005        0.00
    26     9  2005        0.20
    27     9  2005        0.00
    28     9  2005        0.20
    29     9  2005        0.42
    30     9  2005        0.40
     1    10  2005        0.80
     2    10  2005        0.60
     3    10  2005        0.00
     4    10  2005        0.00
     5    10  2005        0.60
     6    10  2005        0.40
     7    10  2005        0.39
     8    10  2005        0.00
     9    10  2005        0.20
    10    10  2005        0.00
    11    10  2005        0.00
    12    10  2005        0.00
    13    10  2005        0.00
    14    10  2005        0.00
    15    10  2005        0.00
    16    10  2005        0.00
    17    10  2005        0.00
    18    10  2005        0.00
    19    10  2005        0.00
    20    10  2005        0.00
    21    10  2005        0.00
    22    10  2005        0.00
    23    10  2005        0.00
    24    10  2005        0.00
    25    10  2005        0.20
    26    10  2005        0.00
    27    10  2005        0.79
    28    10  2005        0.00
    29    10  2005        0.20
    30    10  2005        0.40
    31    10  2005        0.59
     1    11  2005        0.39
     2    11  2005        2.16
     3    11  2005        0.60
     4    11  2005        1.58
     5    11  2005        0.00
     6    11  2005        1.38
     7    11  2005        0.39
     8    11  2005        1.58
     9    11  2005        0.40
    10    11  2005        0.60
    11    11  2005        0.00
    12    11  2005        0.00
    13    11  2005        0.00
    14    11  2005        0.00
    15    11  2005        0.20
    16    11  2005        0.00
    17    11  2005        0.00
    18    11  2005        0.00
    19    11  2005        0.00
    20    11  2005        0.00
    21    11  2005        0.00
    22    11  2005        0.20
    23    11  2005        0.20
    24    11  2005        0.79
    25    11  2005        0.00
    26    11  2005        0.40
    27    11  2005        0.00
    28    11  2005        0.00
    29    11  2005        0.00
    30    11  2005        0.00
     1    12  2005        0.00
     2    12  2005        0.00
     3    12  2005        0.00
     4    12  2005        0.00
     5    12  2005        0.00
     6    12  2005        0.00
     7    12  2005        0.00
     8    12  2005        0.00
     9    12  2005        0.00
    10    12  2005        0.20
    11    12  2005        2.56
    12    12  2005        0.98
    13    12  2005        1.57
    14    12  2005        0.42
    15    12  2005        0.00
    16    12  2005        0.00
    17    12  2005        0.00
    18    12  2005        0.00
    19    12  2005        0.00
    20    12  2005        0.00
    21    12  2005        0.00
    22    12  2005        0.00
    23    12  2005        0.00
    24    12  2005        0.00
    25    12  2005        0.00
    26    12  2005        0.00
    27    12  2005        0.00
    28    12  2005        0.00
    29    12  2005        0.00
    30    12  2005        0.59
    31    12  2005        0.20
     1     1  2006        0.00
     2     1  2006        0.00
     3     1  2006        0.00
     4     1  2006        0.00
     5     1  2006        0.00
     6     1  2006        0.00
     7     1  2006        0.00
     8     1  2006        0.00
     9     1  2006        0.00
    10     1  2006        0.00
    11     1  2006        0.00
    12     1  2006        0.00
    13     1  2006        0.00
    14     1  2006        0.00
    15     1  2006        0.00
    16     1  2006        0.20
    17     1  2006        0.59
    18     1  2006        0.00
    19     1  2006        2.17
    20     1  2006        0.20
    21     1  2006        0.00
    22     1  2006        0.00
    23     1  2006        0.00
    24     1  2006        0.00
    25     1  2006        0.00
    26     1  2006        0.62
    27     1  2006        0.20
    28     1  2006        0.00
    29     1  2006        0.00
    30     1  2006        0.20
    31     1  2006        0.20
     1     2  2006        0.00
     2     2  2006        0.00
     3     2  2006        0.00
     4     2  2006        0.00
     5     2  2006        0.00
     6     2  2006        0.00
     7     2  2006        0.00
     8     2  2006        0.20
     9     2  2006        0.59
    10     2  2006        0.98
    11     2  2006        0.00
    12     2  2006        0.00
    13     2  2006        0.79
    14     2  2006        0.00
    15     2  2006        0.00
    16     2  2006        0.20
    17     2  2006        0.20
    18     2  2006        0.00
    19     2  2006        0.00
    20     2  2006        0.00
    21     2  2006        0.59
    22     2  2006        0.00
    23     2  2006        0.00
    24     2  2006        1.01
    25     2  2006        0.00
    26     2  2006        0.00
    27     2  2006        0.00
    28     2  2006        0.00
     1     3  2006        0.00
     2     3  2006        0.00
     3     3  2006        0.00
     4     3  2006        0.00
     5     3  2006        0.00
     6     3  2006        0.00
     7     3  2006        0.00
     8     3  2006        0.00
     9     3  2006        0.00
    10     3  2006        0.00
    11     3  2006        0.00
    12     3  2006        0.00
    13     3  2006        0.00
    14     3  2006        0.00
    15     3  2006        0.00
    16     3  2006        0.00
    17     3  2006        0.00
    18     3  2006        0.00
    19     3  2006        0.00
    20     3  2006        0.00
    21     3  2006        0.20
    22     3  2006        0.20
    23     3  2006        0.00
    24     3  2006        0.20
    25     3  2006        0.20
    26     3  2006        0.00
    27     3  2006        0.60
    28     3  2006        0.79
    29     3  2006        0.00
    30     3  2006        0.20
    31     3  2006        1.18
     1     4  2006        1.41
     2     4  2006        0.00
     3     4  2006        0.40
     4     4  2006        0.20
     5     4  2006        0.60
     6     4  2006        0.20
     7     4  2006        0.62
     8     4  2006        0.80
     9     4  2006        0.00
    10     4  2006        0.40
    11     4  2006        1.37
    12     4  2006        0.79
    13     4  2006        0.40
    14     4  2006        0.40
    15     4  2006        0.00
    16     4  2006        0.20
    17     4  2006        0.20
    18     4  2006        0.00
    19     4  2006        0.20
    20     4  2006        0.20
    21     4  2006        0.40
    22     4  2006        1.38
    23     4  2006        1.57
    24     4  2006        1.39
    25     4  2006        0.79
    26     4  2006        1.99
    27     4  2006        1.81
    28     4  2006        0.99
    29     4  2006        0.98
    30     4  2006        0.39
     1     5  2006        0.00
     2     5  2006        0.00
     3     5  2006        0.00
     4     5  2006        0.79
     5     5  2006        0.00
     6     5  2006        0.20
     7     5  2006        0.20
     8     5  2006        2.36
     9     5  2006        0.98
    10     5  2006        0.59
    11     5  2006        1.38
    12     5  2006        0.20
    13     5  2006        1.97
    14     5  2006        3.55
    15     5  2006        0.59
    16     5  2006        1.78
    17     5  2006        0.40
    18     5  2006        0.00
    19     5  2006        0.00
    20     5  2006        0.00
    21     5  2006        0.00
    22     5  2006        0.00
    23     5  2006        0.20
    24     5  2006        0.39
    25     5  2006        0.00
    26     5  2006        0.20
    27     5  2006        0.00
    28     5  2006        1.22
    29     5  2006        1.38
    30     5  2006        0.00
    31     5  2006        0.00
     1     6  2006        0.00
     2     6  2006        0.00
     3     6  2006        0.20
     4     6  2006        0.62
     5     6  2006        0.20
     6     6  2006        0.00
     7     6  2006        0.00
     8     6  2006        0.99
     9     6  2006        1.80
    10     6  2006        0.59
    11     6  2006        0.20
    12     6  2006        0.00
    13     6  2006        0.00
    14     6  2006        0.00
    15     6  2006        0.00
    16     6  2006        0.00
    17     6  2006        0.00
    18     6  2006        1.02
    19     6  2006        0.40
    20     6  2006        0.20
    21     6  2006        0.20
    22     6  2006        0.20
    23     6  2006        0.20
    24     6  2006        0.79
    25     6  2006        1.38
    26     6  2006        0.00
    27     6  2006        0.00
    28     6  2006        0.40
    29     6  2006        0.99
    30     6  2006        2.56
     1     7  2006        1.21
     2     7  2006        0.99
     3     7  2006        2.76
     4     7  2006        0.59
     5     7  2006        0.79
     6     7  2006        0.00
     7     7  2006        0.00
     8     7  2006        1.38
     9     7  2006        0.00
    10     7  2006        0.20
    11     7  2006        0.00
    12     7  2006        0.00
    13     7  2006        0.00
    14     7  2006        0.00
    15     7  2006        0.78
    16     7  2006        0.00
    17     7  2006        0.20
    18     7  2006        0.60
    19     7  2006        1.38
    20     7  2006        0.99
    21     7  2006        0.00
    22     7  2006        0.00
    23     7  2006        0.00
    24     7  2006        0.00
    25     7  2006        0.00
    26     7  2006        0.00
    27     7  2006        0.20
    28     7  2006        0.00
    29     7  2006        2.95
    30     7  2006        1.78
    31     7  2006        0.20
     1     8  2006        0.59
     2     8  2006        1.41
     3     8  2006        2.35
     4     8  2006        0.82
     5     8  2006        0.79
     6     8  2006        1.80
     7     8  2006        0.00
     8     8  2006        0.40
     9     8  2006        0.79
    10     8  2006        1.57
    11     8  2006        0.40
    12     8  2006        0.59
    13     8  2006        0.79
    14     8  2006        0.60
    15     8  2006        0.00
    16     8  2006        0.99
    17     8  2006        0.00
    18     8  2006        0.00
    19     8  2006        0.00
    20     8  2006        0.00
    21     8  2006        0.00
    22     8  2006        0.00
    23     8  2006        0.00
    24     8  2006        0.00
    25     8  2006        0.00
    26     8  2006        0.00
    27     8  2006        0.00
    28     8  2006        0.39
    29     8  2006        0.81
    30     8  2006        0.00
    31     8  2006        0.00
     1     9  2006        0.00
     2     9  2006        0.00
     3     9  2006        0.00
     4     9  2006        0.00
     5     9  2006        0.20
     6     9  2006        0.00
     7     9  2006        0.00
     8     9  2006        0.00
     9     9  2006        0.00
    10     9  2006        0.00
    11     9  2006        0.00
    12     9  2006        0.00
    13     9  2006        0.00
    14     9  2006        0.00
    15     9  2006        0.00
    16     9  2006        0.00
    17     9  2006        0.00
    18     9  2006        0.00
    19     9  2006        0.00
    20     9  2006        0.00
    21     9  2006        0.20
    22     9  2006        0.79
    23     9  2006        0.60
    24     9  2006        0.20
    25     9  2006        0.40
    26     9  2006        0.81
    27     9  2006        0.20
    28     9  2006        0.20
    29     9  2006        0.00
    30     9  2006        0.00
     1    10  2006        0.00
     2    10  2006        0.00
     3    10  2006        0.00
     4    10  2006        0.00
     5    10  2006        0.00
     6    10  2006        0.00
     7    10  2006        0.00
     8    10  2006        0.00
     9    10  2006        0.00
    10    10  2006        0.00
    11    10  2006        0.00
    12    10  2006        0.00
    13    10  2006        0.00
    14    10  2006        0.60
    15    10  2006        0.00
    16    10  2006        0.82
    17    10  2006        0.00
    18    10  2006        0.20
    19    10  2006        0.60
    20    10  2006        0.62
    21    10  2006        0.20
    22    10  2006        0.39
    23    10  2006        0.20
    24    10  2006        1.18
    25    10  2006        2.76
    26    10  2006        1.18
    27    10  2006        0.60
    28    10  2006        0.20
    29    10  2006        0.00
    30    10  2006        0.00
    31    10  2006        0.00
     1    11  2006        0.00
     2    11  2006        0.00
     3    11  2006        0.00
     4    11  2006        0.00
     5    11  2006        0.00
     6    11  2006        0.00
     7    11  2006        0.00
     8    11  2006        0.00
     9    11  2006        0.00
    10    11  2006        0.00
    11    11  2006        0.00
    12    11  2006        0.00
    13    11  2006        0.00
    14    11  2006        0.00
    15    11  2006        0.00
    16    11  2006        0.00
    17    11  2006        0.00
    18    11  2006        0.00
    19    11  2006        0.00
    20    11  2006        0.20
    21    11  2006        0.79
    22    11  2006        0.00
    23    11  2006        0.20
    24    11  2006        0.00
    25    11  2006        0.00
    26    11  2006        0.20
    27    11  2006        0.00
    28    11  2006        0.00
    29    11  2006        0.00
    30    11  2006        0.00
     1    12  2006        0.00
     2    12  2006        0.00
     3    12  2006        0.00
     4    12  2006        0.00
     5    12  2006        0.00
     6    12  2006        0.20
     7    12  2006        0.00
     8    12  2006        0.20
     9    12  2006        0.40
    10    12  2006        0.39
    11    12  2006        0.20
    12    12  2006        0.40
    13    12  2006        0.40
    14    12  2006        1.00
    15    12  2006        1.38
    16    12  2006        0.20
    17    12  2006        0.20
    18    12  2006        0.00
    19    12  2006        0.00
    20    12  2006        0.20
    21    12  2006        0.00
    22    12  2006        0.00
    23    12  2006        0.20
    24    12  2006        1.21
    25    12  2006        0.00
    26    12  2006        0.00
    27    12  2006        0.00
    28    12  2006        0.00
    29    12  2006        0.00
    30    12  2006        0.00
    31    12  2006        0.00
     1     1  2007        0.00
     2     1  2007        0.00
     3     1  2007        0.00
     4     1  2007        0.00
     5     1  2007        0.00
     6     1  2007        0.00
     7     1  2007        0.00
     8     1  2007        0.00
     9     1  2007        0.00
    10     1  2007        0.00
    11     1  2007        0.59
    12     1  2007        0.00
    13     1  2007        0.20
    14     1  2007        0.00
    15     1  2007        0.00
    16     1  2007        0.00
    17     1  2007        0.00
