     1     1  2001        0.00
     2     1  2001        0.39
     3     1  2001        0.00
     4     1  2001        0.00
     5     1  2001        0.00
     6     1  2001        0.00
     7     1  2001        0.00
     8     1  2001        0.00
     9     1  2001        0.00
    10     1  2001        0.00
    11     1  2001        0.00
    12     1  2001        0.00
    13     1  2001        0.00
    14     1  2001        0.20
    15     1  2001        0.00
    16     1  2001        0.00
    17     1  2001        0.00
    18     1  2001        0.00
    19     1  2001        0.00
    20     1  2001        0.00
    21     1  2001        0.00
    22     1  2001        0.00
    23     1  2001        0.00
    24     1  2001        0.00
    25     1  2001        0.00
    26     1  2001        0.00
    27     1  2001        0.00
    28     1  2001        0.00
    29     1  2001        0.00
    30     1  2001        0.00
    31     1  2001        0.00
     1     2  2001        0.00
     2     2  2001        0.00
     3     2  2001        0.00
     4     2  2001        0.00
     5     2  2001        0.00
     6     2  2001        0.00
     7     2  2001        0.00
     8     2  2001        0.00
     9     2  2001        0.00
    10     2  2001        0.00
    11     2  2001        0.00
    12     2  2001        0.00
    13     2  2001        0.00
    14     2  2001        0.00
    15     2  2001        0.00
    16     2  2001        0.00
    17     2  2001        0.00
    18     2  2001        0.00
    19     2  2001        0.00
    20     2  2001        0.00
    21     2  2001        0.20
    22     2  2001        0.20
    23     2  2001        1.38
    24     2  2001        0.60
    25     2  2001        1.97
    26     2  2001        1.19
    27     2  2001        1.02
    28     2  2001        1.21
     1     3  2001        0.20
     2     3  2001        0.40
     3     3  2001        0.20
     4     3  2001        1.58
     5     3  2001        0.59
     6     3  2001        0.00
     7     3  2001        0.40
     8     3  2001        0.00
     9     3  2001        0.00
    10     3  2001        0.00
    11     3  2001        0.00
    12     3  2001        0.00
    13     3  2001        0.00
    14     3  2001        0.00
    15     3  2001        0.00
    16     3  2001        0.00
    17     3  2001        0.79
    18     3  2001        0.00
    19     3  2001        0.00
    20     3  2001        0.00
    21     3  2001        0.62
    22     3  2001        0.20
    23     3  2001        0.00
    24     3  2001        0.00
    25     3  2001        0.00
    26     3  2001        0.00
    27     3  2001        0.20
    28     3  2001        0.00
    29     3  2001        0.00
    30     3  2001        0.00
    31     3  2001        0.00
     1     4  2001        0.00
     2     4  2001        0.00
     3     4  2001        0.00
     4     4  2001        0.00
     5     4  2001        0.00
     6     4  2001        0.00
     7     4  2001        0.00
     8     4  2001        0.00
     9     4  2001        0.00
    10     4  2001        1.18
    11     4  2001        0.00
    12     4  2001        0.00
    13     4  2001        0.00
    14     4  2001        0.00
    15     4  2001        0.20
    16     4  2001        0.20
    17     4  2001        0.00
    18     4  2001        0.00
    19     4  2001        0.00
    20     4  2001        0.00
    21     4  2001        0.00
    22     4  2001        0.00
    23     4  2001        0.00
    24     4  2001        0.00
    25     4  2001        0.00
    26     4  2001        0.00
    27     4  2001        0.00
    28     4  2001        0.00
    29     4  2001        0.00
    30     4  2001        0.00
     1     5  2001        0.00
     2     5  2001        0.20
     3     5  2001        0.20
     4     5  2001        0.00
     5     5  2001        0.40
     6     5  2001        1.63
     7     5  2001        0.00
     8     5  2001        0.60
     9     5  2001        0.20
    10     5  2001        0.00
    11     5  2001        0.99
    12     5  2001        0.00
    13     5  2001        0.00
    14     5  2001        0.59
    15     5  2001        0.39
    16     5  2001        0.62
    17     5  2001        0.00
    18     5  2001        0.20
    19     5  2001        0.00
    20     5  2001        0.20
    21     5  2001        0.00
    22     5  2001        0.00
    23     5  2001        0.00
    24     5  2001        0.00
    25     5  2001        0.00
    26     5  2001        0.00
    27     5  2001        0.00
    28     5  2001        0.00
    29     5  2001        0.00
    30     5  2001        0.00
    31     5  2001        0.00
     1     6  2001        0.00
     2     6  2001        0.00
     3     6  2001        0.00
     4     6  2001        0.00
     5     6  2001        0.00
     6     6  2001        0.00
     7     6  2001        0.00
     8     6  2001        0.00
     9     6  2001        0.20
    10     6  2001        0.00
    11     6  2001        0.00
    12     6  2001        0.00
    13     6  2001        0.00
    14     6  2001        0.00
    15     6  2001        0.00
    16     6  2001        0.00
    17     6  2001        0.00
    18     6  2001        0.00
    19     6  2001        0.00
    20     6  2001        0.00
    21     6  2001        0.00
    22     6  2001        0.00
    23     6  2001        0.00
    24     6  2001        0.00
    25     6  2001        0.00
    26     6  2001        0.00
    27     6  2001        0.00
    28     6  2001        0.00
    29     6  2001        0.00
    30     6  2001        0.00
     1     7  2001        0.00
     2     7  2001        0.62
     3     7  2001        0.00
     4     7  2001        0.20
     5     7  2001        0.00
     6     7  2001        0.00
     7     7  2001        0.00
     8     7  2001        0.00
     9     7  2001        0.00
    10     7  2001        0.00
    11     7  2001        0.00
    12     7  2001        0.00
    13     7  2001        0.00
    14     7  2001        0.00
    15     7  2001        0.00
    16     7  2001        0.00
    17     7  2001        0.00
    18     7  2001        0.00
    19     7  2001        0.00
    20     7  2001        0.00
    21     7  2001        0.00
    22     7  2001        0.00
    23     7  2001        0.00
    24     7  2001        0.00
    25     7  2001        0.00
    26     7  2001        0.00
    27     7  2001        0.60
    28     7  2001        5.12
    29     7  2001        0.00
    30     7  2001        0.39
    31     7  2001        0.00
     1     8  2001        0.00
     2     8  2001        0.00
     3     8  2001        0.00
     4     8  2001        0.00
     5     8  2001        0.00
     6     8  2001        0.00
     7     8  2001        0.00
     8     8  2001        0.00
     9     8  2001        0.82
    10     8  2001        0.20
    11     8  2001        0.00
    12     8  2001        0.00
    13     8  2001        0.00
    14     8  2001        0.00
    15     8  2001        0.00
    16     8  2001        0.00
    17     8  2001        0.00
    18     8  2001        0.20
    19     8  2001        0.00
    20     8  2001        0.00
    21     8  2001        0.00
    22     8  2001        0.00
    23     8  2001        0.00
    24     8  2001        0.20
    25     8  2001        0.00
    26     8  2001        0.00
    27     8  2001        0.00
    28     8  2001        0.00
    29     8  2001        0.00
    30     8  2001        0.00
    31     8  2001        0.00
     1     9  2001        0.00
     2     9  2001        0.00
     3     9  2001        0.00
     4     9  2001        0.00
     5     9  2001        0.00
     6     9  2001        0.00
     7     9  2001        0.00
     8     9  2001        0.00
     9     9  2001        0.00
    10     9  2001        0.00
    11     9  2001        0.00
    12     9  2001        0.00
    13     9  2001        0.00
    14     9  2001        0.00
    15     9  2001        0.00
    16     9  2001        0.00
    17     9  2001        0.00
    18     9  2001        0.00
    19     9  2001        0.00
    20     9  2001        0.00
    21     9  2001        0.00
    22     9  2001        0.00
    23     9  2001        0.00
    24     9  2001        0.00
    25     9  2001        0.00
    26     9  2001        0.00
    27     9  2001        0.00
    28     9  2001        0.00
    29     9  2001        0.00
    30     9  2001        0.00
     1    10  2001        0.00
     2    10  2001        0.00
     3    10  2001        0.00
     4    10  2001        0.00
     5    10  2001        0.00
     6    10  2001        0.00
     7    10  2001        0.00
     8    10  2001        0.00
     9    10  2001        0.00
    10    10  2001        0.00
    11    10  2001        0.00
    12    10  2001        0.00
    13    10  2001        0.00
    14    10  2001        0.00
    15    10  2001        0.00
    16    10  2001        0.00
    17    10  2001        0.00
    18    10  2001        0.00
    19    10  2001        0.00
    20    10  2001        0.00
    21    10  2001        0.00
    22    10  2001        0.00
    23    10  2001        0.00
    24    10  2001        0.00
    25    10  2001        0.00
    26    10  2001        0.00
    27    10  2001        0.00
    28    10  2001        0.00
    29    10  2001        0.00
    30    10  2001        0.00
    31    10  2001        0.00
     1    11  2001        0.00
     2    11  2001        0.00
     3    11  2001        0.00
     4    11  2001        0.00
     5    11  2001        0.00
     6    11  2001        0.00
     7    11  2001        0.00
     8    11  2001        0.00
     9    11  2001        0.00
    10    11  2001        0.00
    11    11  2001        0.00
    12    11  2001        0.00
    13    11  2001        0.00
    14    11  2001        0.00
    15    11  2001        0.00
    16    11  2001        0.82
    17    11  2001        0.00
    18    11  2001        0.00
    19    11  2001        0.00
    20    11  2001        0.00
    21    11  2001        0.00
    22    11  2001        0.00
    23    11  2001        0.00
    24    11  2001        0.00
    25    11  2001        0.00
    26    11  2001        0.00
    27    11  2001        0.00
    28    11  2001        0.00
    29    11  2001        0.00
    30    11  2001        0.00
     1    12  2001        0.00
     2    12  2001        0.00
     3    12  2001        0.00
     4    12  2001        0.00
     5    12  2001        0.00
     6    12  2001        0.00
     7    12  2001        0.00
     8    12  2001        0.00
     9    12  2001        0.00
    10    12  2001        0.00
    11    12  2001        0.00
    12    12  2001        0.00
    13    12  2001        0.00
    14    12  2001        0.00
    15    12  2001        0.00
    16    12  2001        0.00
    17    12  2001        0.00
    18    12  2001        0.00
    19    12  2001        0.00
    20    12  2001        0.00
    21    12  2001        0.00
    22    12  2001        0.00
    23    12  2001        0.00
    24    12  2001        0.00
    25    12  2001        0.00
    26    12  2001        0.00
    27    12  2001        0.00
    28    12  2001        0.00
    29    12  2001        0.00
    30    12  2001        0.00
    31    12  2001        0.00
     1     1  2002        0.00
     2     1  2002        0.00
     3     1  2002        0.00
     4     1  2002        0.00
     5     1  2002        0.00
     6     1  2002        0.00
     7     1  2002        0.00
     8     1  2002        0.00
     9     1  2002        0.00
    10     1  2002        0.00
    11     1  2002        0.00
    12     1  2002        0.00
    13     1  2002        0.00
    14     1  2002        0.00
    15     1  2002        0.00
    16     1  2002        0.00
    17     1  2002        0.00
    18     1  2002        0.00
    19     1  2002        0.00
    20     1  2002        0.00
    21     1  2002        0.00
    22     1  2002        0.00
    23     1  2002        0.00
    24     1  2002        0.00
    25     1  2002        0.00
    26     1  2002        0.00
    27     1  2002        0.00
    28     1  2002        0.00
    29     1  2002        0.00
    30     1  2002        0.00
    31     1  2002        0.00
     1     2  2002        0.00
     2     2  2002        0.00
     3     2  2002        0.00
     4     2  2002        0.00
     5     2  2002        0.00
     6     2  2002        0.00
     7     2  2002        0.00
     8     2  2002        0.00
     9     2  2002        0.00
    10     2  2002        0.00
    11     2  2002        0.00
    12     2  2002        0.00
    13     2  2002        0.00
    14     2  2002        0.00
    15     2  2002        0.00
    16     2  2002        0.00
    17     2  2002        0.00
    18     2  2002        0.00
    19     2  2002        0.00
    20     2  2002        0.00
    21     2  2002        0.00
    22     2  2002        0.00
    23     2  2002        0.00
    24     2  2002        0.00
    25     2  2002        0.00
    26     2  2002        0.00
    27     2  2002        0.00
    28     2  2002        0.00
     1     3  2002        0.00
     2     3  2002       23.43
     3     3  2002        0.40
     4     3  2002        0.00
     5     3  2002        0.00
     6     3  2002        0.00
     7     3  2002        0.00
     8     3  2002        0.00
     9     3  2002        0.00
    10     3  2002        0.00
    11     3  2002        0.00
    12     3  2002        0.00
    13     3  2002        0.00
    14     3  2002        0.00
    15     3  2002        0.00
    16     3  2002        0.00
    17     3  2002        0.00
    18     3  2002        0.00
    19     3  2002        0.00
    20     3  2002        0.00
    21     3  2002        0.00
    22     3  2002        0.00
    23     3  2002        0.20
    24     3  2002        0.00
    25     3  2002        0.00
    26     3  2002        0.00
    27     3  2002        0.00
    28     3  2002        0.00
    29     3  2002        0.00
    30     3  2002        0.00
    31     3  2002        0.00
     1     4  2002        0.00
     2     4  2002        0.00
     3     4  2002        0.00
     4     4  2002        0.00
     5     4  2002        0.00
     6     4  2002        0.00
     7     4  2002        0.00
     8     4  2002        0.00
     9     4  2002        0.00
    10     4  2002        0.00
    11     4  2002        0.00
    12     4  2002        0.00
    13     4  2002        0.00
    14     4  2002        0.00
    15     4  2002        0.00
    16     4  2002        0.00
    17     4  2002        0.00
    18     4  2002        1.19
    19     4  2002        0.00
    20     4  2002        1.18
    21     4  2002        0.00
    22     4  2002        0.00
    23     4  2002        0.00
    24     4  2002        0.00
    25     4  2002        0.00
    26     4  2002        0.39
    27     4  2002        0.00
    28     4  2002        5.11
    29     4  2002        4.34
    30     4  2002        1.41
     1     5  2002        0.60
     2     5  2002        7.47
     3     5  2002        5.71
     4     5  2002        1.58
     5     5  2002        1.19
     6     5  2002        1.38
     7     5  2002        1.77
     8     5  2002        0.60
     9     5  2002        0.00
    10     5  2002        5.12
    11     5  2002        2.56
    12     5  2002        0.00
    13     5  2002        0.00
    14     5  2002        0.00
    15     5  2002        4.92
    16     5  2002        0.20
    17     5  2002        3.74
    18     5  2002        0.20
    19     5  2002        0.00
    20     5  2002        0.20
    21     5  2002        0.00
    22     5  2002        0.00
    23     5  2002        0.79
    24     5  2002        2.76
    25     5  2002        0.40
    26     5  2002        0.00
    27     5  2002        0.42
    28     5  2002        0.20
    29     5  2002        0.79
    30     5  2002        4.91
    31     5  2002        6.88
     1     6  2002        0.00
     2     6  2002        0.00
     3     6  2002        0.39
     4     6  2002        0.00
     5     6  2002        0.00
     6     6  2002        0.42
     7     6  2002        0.00
     8     6  2002        0.00
     9     6  2002        0.00
    10     6  2002        0.00
    11     6  2002        0.00
    12     6  2002        0.00
    13     6  2002        0.00
    14     6  2002        0.00
    15     6  2002        0.00
    16     6  2002        0.00
    17     6  2002        0.00
    18     6  2002        0.00
    19     6  2002        0.00
    20     6  2002        0.00
    21     6  2002        0.00
    22     6  2002        0.00
    23     6  2002        0.00
    24     6  2002        0.00
    25     6  2002        0.00
    26     6  2002        0.00
    27     6  2002        0.00
    28     6  2002        0.00
    29     6  2002        0.00
    30     6  2002        0.00
     1     7  2002        0.00
     2     7  2002        0.00
     3     7  2002        0.00
     4     7  2002        0.00
     5     7  2002        0.00
     6     7  2002        0.39
     7     7  2002        0.42
     8     7  2002        0.00
     9     7  2002        0.00
    10     7  2002        0.00
    11     7  2002        0.00
    12     7  2002        0.00
    13     7  2002        0.00
    14     7  2002        0.00
    15     7  2002        0.00
    16     7  2002        0.20
    17     7  2002        0.00
    18     7  2002        0.00
    19     7  2002        1.96
    20     7  2002        6.49
    21     7  2002        4.92
    22     7  2002        3.76
    23     7  2002        0.00
    24     7  2002        0.00
    25     7  2002        0.00
    26     7  2002        0.00
    27     7  2002        0.00
    28     7  2002        3.15
    29     7  2002        1.01
    30     7  2002        4.90
    31     7  2002        2.17
     1     8  2002        0.20
     2     8  2002        0.79
     3     8  2002        1.60
     4     8  2002        1.97
     5     8  2002        0.60
     6     8  2002        0.20
     7     8  2002        1.18
     8     8  2002        3.15
     9     8  2002        2.19
    10     8  2002        0.82
    11     8  2002        0.20
    12     8  2002        0.20
    13     8  2002        1.39
    14     8  2002        3.34
    15     8  2002        0.98
    16     8  2002        0.79
    17     8  2002        1.97
    18     8  2002        1.97
    19     8  2002        0.00
    20     8  2002        0.42
    21     8  2002        0.00
    22     8  2002        0.00
    23     8  2002        0.20
    24     8  2002        0.00
    25     8  2002        0.00
    26     8  2002        0.40
    27     8  2002        1.02
    28     8  2002        2.37
    29     8  2002        0.40
    30     8  2002        0.20
    31     8  2002        1.21
     1     9  2002        0.00
     2     9  2002        0.60
     3     9  2002        1.18
     4     9  2002        0.60
     5     9  2002        0.20
     6     9  2002        0.00
     7     9  2002        0.00
     8     9  2002        0.62
     9     9  2002        0.39
    10     9  2002        0.39
    11     9  2002        0.20
    12     9  2002        0.00
    13     9  2002        0.00
    14     9  2002        0.00
    15     9  2002        0.79
    16     9  2002        1.78
    17     9  2002        0.40
    18     9  2002        1.01
    19     9  2002        0.40
    20     9  2002        2.17
    21     9  2002        0.39
    22     9  2002        1.77
    23     9  2002        0.40
    24     9  2002        0.00
    25     9  2002        0.00
    26     9  2002        0.20
    27     9  2002        0.00
    28     9  2002        0.00
    29     9  2002        0.00
    30     9  2002        0.00
     1    10  2002        0.00
     2    10  2002        0.00
     3    10  2002        0.62
     4    10  2002        1.78
     5    10  2002        2.95
     6    10  2002        2.17
     7    10  2002        1.18
     8    10  2002        0.60
     9    10  2002        1.19
    10    10  2002        1.96
    11    10  2002        0.40
    12    10  2002        0.80
    13    10  2002        4.93
    14    10  2002        8.46
    15    10  2002       10.42
    16    10  2002        9.24
    17    10  2002        2.17
    18    10  2002        3.15
    19    10  2002        4.71
    20    10  2002        6.32
    21    10  2002        2.36
    22    10  2002        2.18
    23    10  2002        7.68
    24    10  2002        1.97
    25    10  2002        0.40
    26    10  2002        0.00
    27    10  2002        0.20
    28    10  2002        0.00
    29    10  2002        0.79
    30    10  2002        0.60
    31    10  2002        0.62
     1    11  2002        0.40
     2    11  2002        0.20
     3    11  2002        0.62
     4    11  2002        0.60
     5    11  2002        1.22
     6    11  2002        0.80
     7    11  2002        1.22
     8    11  2002        1.41
     9    11  2002        0.60
    10    11  2002        0.59
    11    11  2002        0.42
    12    11  2002        0.20
    13    11  2002        0.00
    14    11  2002        0.00
    15    11  2002        0.00
    16    11  2002        0.00
    17    11  2002        0.00
    18    11  2002        0.00
    19    11  2002        0.00
    20    11  2002        0.00
    21    11  2002        0.00
    22    11  2002        0.00
    23    11  2002        0.00
    24    11  2002        0.00
    25    11  2002        0.00
    26    11  2002        0.00
    27    11  2002        0.00
    28    11  2002        0.00
    29    11  2002        0.00
    30    11  2002        0.00
     1    12  2002        0.00
     2    12  2002        0.99
     3    12  2002        0.00
     4    12  2002        0.00
     5    12  2002        0.00
     6    12  2002        0.00
     7    12  2002        0.00
     8    12  2002        0.00
     9    12  2002        0.00
    10    12  2002        0.00
    11    12  2002        0.00
    12    12  2002        0.00
    13    12  2002        0.00
    14    12  2002        0.00
    15    12  2002        0.42
    16    12  2002        0.00
    17    12  2002        0.00
    18    12  2002        0.00
    19    12  2002        0.00
    20    12  2002        0.00
    21    12  2002        0.00
    22    12  2002        0.00
    23    12  2002        0.00
    24    12  2002        0.00
    25    12  2002        0.20
    26    12  2002        0.00
    27    12  2002        0.20
    28    12  2002        0.00
    29    12  2002        0.42
    30    12  2002        0.20
    31    12  2002        0.20
     1     1  2003        0.62
     2     1  2003        0.40
     3     1  2003        0.20
     4     1  2003        1.81
     5     1  2003        0.99
     6     1  2003        0.00
     7     1  2003        0.20
     8     1  2003        0.40
     9     1  2003        0.00
    10     1  2003        0.62
    11     1  2003        1.02
    12     1  2003        0.20
    13     1  2003        0.00
    14     1  2003        0.00
    15     1  2003        0.20
    16     1  2003        0.20
    17     1  2003        0.00
    18     1  2003        0.00
    19     1  2003        0.42
    20     1  2003        1.21
    21     1  2003        0.60
    22     1  2003        0.42
    23     1  2003        0.00
    24     1  2003        0.40
    25     1  2003        0.00
    26     1  2003        0.00
    27     1  2003        0.00
    28     1  2003        0.00
    29     1  2003        0.20
    30     1  2003        0.00
    31     1  2003        0.00
     1     2  2003        4.94
     2     2  2003        3.76
     3     2  2003        0.39
     4     2  2003        0.40
     5     2  2003        0.20
     6     2  2003        0.42
     7     2  2003        0.00
     8     2  2003        0.20
     9     2  2003        0.00
    10     2  2003        0.00
    11     2  2003        0.00
    12     2  2003        0.00
    13     2  2003        0.00
    14     2  2003        0.00
    15     2  2003        0.00
    16     2  2003        0.00
    17     2  2003        0.00
    18     2  2003        0.00
    19     2  2003        0.00
    20     2  2003        0.00
    21     2  2003        0.20
    22     2  2003        0.20
    23     2  2003        2.36
    24     2  2003        0.42
    25     2  2003        0.00
    26     2  2003        0.00
    27     2  2003        0.00
    28     2  2003        0.00
     1     3  2003        0.59
     2     3  2003        0.00
     3     3  2003        0.00
     4     3  2003        0.00
     5     3  2003        0.00
     6     3  2003        0.00
     7     3  2003        0.00
     8     3  2003        0.42
     9     3  2003        0.00
    10     3  2003        0.00
    11     3  2003        0.00
    12     3  2003        0.00
    13     3  2003        0.00
    14     3  2003        0.00
    15     3  2003        0.00
    16     3  2003        0.00
    17     3  2003        0.00
    18     3  2003        0.00
    19     3  2003        0.00
    20     3  2003        0.00
    21     3  2003        0.00
    22     3  2003        0.00
    23     3  2003        0.00
    24     3  2003        0.00
    25     3  2003        0.00
    26     3  2003        0.00
    27     3  2003        0.00
    28     3  2003        0.00
    29     3  2003        0.00
    30     3  2003        2.97
    31     3  2003        5.90
     1     4  2003        0.00
     2     4  2003        3.35
     3     4  2003        0.82
     4     4  2003        0.20
     5     4  2003        0.00
     6     4  2003        0.00
     7     4  2003        0.00
     8     4  2003        0.00
     9     4  2003        0.00
    10     4  2003        0.00
    11     4  2003        0.00
    12     4  2003        0.00
    13     4  2003        0.00
    14     4  2003        0.00
    15     4  2003        0.00
    16     4  2003        0.00
    17     4  2003        0.00
    18     4  2003        0.00
    19     4  2003        0.00
    20     4  2003        0.00
    21     4  2003        0.00
    22     4  2003        1.58
    23     4  2003        1.57
    24     4  2003        0.20
    25     4  2003        0.00
    26     4  2003        0.00
    27     4  2003        0.42
    28     4  2003        0.00
    29     4  2003        0.00
    30     4  2003        0.00
     1     5  2003        0.00
     2     5  2003        0.00
     3     5  2003        0.40
     4     5  2003        0.20
     5     5  2003        0.00
     6     5  2003        0.00
     7     5  2003        0.00
     8     5  2003        0.20
     9     5  2003        0.00
    10     5  2003        0.20
    11     5  2003        0.00
    12     5  2003        0.00
    13     5  2003        0.00
    14     5  2003        0.00
    15     5  2003        0.00
    16     5  2003        0.00
    17     5  2003        0.00
    18     5  2003        0.00
    19     5  2003        0.20
    20     5  2003        0.00
    21     5  2003        0.00
    22     5  2003        0.00
    23     5  2003        0.00
    24     5  2003        0.20
    25     5  2003        1.60
    26     5  2003        0.00
    27     5  2003        0.00
    28     5  2003        1.77
    29     5  2003        0.00
    30     5  2003        0.00
    31     5  2003        0.00
     1     6  2003        0.00
     2     6  2003        0.00
     3     6  2003        0.00
     4     6  2003        0.00
     5     6  2003        0.00
     6     6  2003        0.20
     7     6  2003        0.00
     8     6  2003        0.00
     9     6  2003        0.00
    10     6  2003        0.79
    11     6  2003        0.00
    12     6  2003        0.00
    13     6  2003        0.00
    14     6  2003        0.00
    15     6  2003        0.00
    16     6  2003        0.00
    17     6  2003        0.00
    18     6  2003        1.01
    19     6  2003        0.00
    20     6  2003        0.00
    21     6  2003        1.21
    22     6  2003        0.00
    23     6  2003        0.00
    24     6  2003        0.00
    25     6  2003        0.00
    26     6  2003        0.00
    27     6  2003        0.00
    28     6  2003        0.79
    29     6  2003        0.59
    30     6  2003        0.00
     1     7  2003        0.20
     2     7  2003        1.38
     3     7  2003        0.00
     4     7  2003        0.00
     5     7  2003        0.00
     6     7  2003        0.00
     7     7  2003        1.57
     8     7  2003        0.20
     9     7  2003        0.20
    10     7  2003        0.00
    11     7  2003        0.00
    12     7  2003        0.00
    13     7  2003        0.00
    14     7  2003        0.00
    15     7  2003        0.79
    16     7  2003        0.00
    17     7  2003        0.00
    18     7  2003        0.40
    19     7  2003        0.40
    20     7  2003        0.00
    21     7  2003        0.00
    22     7  2003        0.00
    23     7  2003        0.00
    24     7  2003        0.00
    25     7  2003        0.00
    26     7  2003        0.00
    27     7  2003        0.00
    28     7  2003        0.00
    29     7  2003        0.00
    30     7  2003        0.00
    31     7  2003        0.42
     1     8  2003        0.00
     2     8  2003        0.00
     3     8  2003        0.00
     4     8  2003        0.00
     5     8  2003        0.00
     6     8  2003        0.00
     7     8  2003        0.00
     8     8  2003        0.00
     9     8  2003        0.00
    10     8  2003        0.00
    11     8  2003        0.00
    12     8  2003        0.00
    13     8  2003        0.00
    14     8  2003        0.00
    15     8  2003        0.00
    16     8  2003        0.00
    17     8  2003        0.00
    18     8  2003        0.00
    19     8  2003        0.00
    20     8  2003        0.00
    21     8  2003        0.00
    22     8  2003        0.00
    23     8  2003        0.00
    24     8  2003        0.20
    25     8  2003        0.00
    26     8  2003        0.00
    27     8  2003        0.00
    28     8  2003        0.00
    29     8  2003        0.00
    30     8  2003        0.20
    31     8  2003        0.79
     1     9  2003        3.94
     2     9  2003        0.99
     3     9  2003        0.00
     4     9  2003        0.00
     5     9  2003        0.20
     6     9  2003        4.36
     7     9  2003        0.00
     8     9  2003        0.00
     9     9  2003        0.00
    10     9  2003        0.39
    11     9  2003        0.79
    12     9  2003        0.00
    13     9  2003        0.00
    14     9  2003        0.00
    15     9  2003        0.00
    16     9  2003        0.40
    17     9  2003        2.39
    18     9  2003        0.59
    19     9  2003        0.60
    20     9  2003        0.00
    21     9  2003        0.00
    22     9  2003        0.00
    23     9  2003        0.00
    24     9  2003        0.00
    25     9  2003        0.00
    26     9  2003        0.00
    27     9  2003        0.00
    28     9  2003        8.48
    29     9  2003        3.54
    30     9  2003        1.01
     1    10  2003        0.20
     2    10  2003        0.00
     3    10  2003        0.00
     4    10  2003        0.00
     5    10  2003        0.00
     6    10  2003        0.00
     7    10  2003        0.00
     8    10  2003        0.00
     9    10  2003        0.00
    10    10  2003        0.00
    11    10  2003        0.00
    12    10  2003        0.00
    13    10  2003        0.00
    14    10  2003        0.00
    15    10  2003        0.00
    16    10  2003        0.00
    17    10  2003        0.00
    18    10  2003        0.00
    19    10  2003        0.00
    20    10  2003        0.00
    21    10  2003        0.00
    22    10  2003        0.00
    23    10  2003        0.00
    24    10  2003        0.00
    25    10  2003        0.00
    26    10  2003        0.00
    27    10  2003        0.00
    28    10  2003        0.00
    29    10  2003        0.00
    30    10  2003        0.00
    31    10  2003        0.00
     1    11  2003        0.00
     2    11  2003        0.00
     3    11  2003        0.00
     4    11  2003        0.00
     5    11  2003        0.00
     6    11  2003        0.20
     7    11  2003        0.99
     8    11  2003        4.50
     9    11  2003        0.00
    10    11  2003        0.20
    11    11  2003        0.00
    12    11  2003        0.00
    13    11  2003        0.00
    14    11  2003        0.00
    15    11  2003        0.00
    16    11  2003        0.00
    17    11  2003        0.00
    18    11  2003        0.00
    19    11  2003        0.00
    20    11  2003        0.00
    21    11  2003        0.00
    22    11  2003        0.98
    23    11  2003        0.20
    24    11  2003        0.00
    25    11  2003        0.00
    26    11  2003        0.00
    27    11  2003        0.00
    28    11  2003        0.00
    29    11  2003        0.00
    30    11  2003        0.00
     1    12  2003        0.00
     2    12  2003        0.00
     3    12  2003        0.00
     4    12  2003        0.42
     5    12  2003        0.00
     6    12  2003        0.40
     7    12  2003        0.20
     8    12  2003        0.00
     9    12  2003        0.00
    10    12  2003        0.00
    11    12  2003        0.20
    12    12  2003        0.20
    13    12  2003        0.00
    14    12  2003        0.00
    15    12  2003        0.00
    16    12  2003        0.20
    17    12  2003        0.00
    18    12  2003        0.20
    19    12  2003        0.62
    20    12  2003        0.40
    21    12  2003        0.00
    22    12  2003        0.00
    23    12  2003        0.00
    24    12  2003        0.00
    25    12  2003        0.00
    26    12  2003        0.20
    27    12  2003        0.82
    28    12  2003        1.02
    29    12  2003        0.20
    30    12  2003        0.20
    31    12  2003        0.82
     1     1  2004        2.75
     2     1  2004        0.00
     3     1  2004        1.59
     4     1  2004        1.77
     5     1  2004        0.80
     6     1  2004        2.00
     7     1  2004        3.76
     8     1  2004        1.18
     9     1  2004        0.62
    10     1  2004        0.59
    11     1  2004        0.20
    12     1  2004        0.00
    13     1  2004        0.00
    14     1  2004        0.00
    15     1  2004        0.00
    16     1  2004        0.00
    17     1  2004        0.00
    18     1  2004        0.00
    19     1  2004        0.00
    20     1  2004        0.00
    21     1  2004        0.00
    22     1  2004        0.00
    23     1  2004        1.18
    24     1  2004        0.00
    25     1  2004        0.00
    26     1  2004        0.20
    27     1  2004        0.00
    28     1  2004        0.00
    29     1  2004        0.00
    30     1  2004        8.07
    31     1  2004        0.00
     1     2  2004        0.00
     2     2  2004        0.00
     3     2  2004        1.18
     4     2  2004        1.00
     5     2  2004        0.00
     6     2  2004        0.20
     7     2  2004        0.00
     8     2  2004        0.00
     9     2  2004        0.00
    10     2  2004        0.00
    11     2  2004        0.00
    12     2  2004        0.00
    13     2  2004        1.77
    14     2  2004        0.20
    15     2  2004        0.00
    16     2  2004        0.00
    17     2  2004        0.20
    18     2  2004        0.00
    19     2  2004        0.98
    20     2  2004        0.00
    21     2  2004        0.00
    22     2  2004        0.20
    23     2  2004        0.00
    24     2  2004        0.00
    25     2  2004        0.20
    26     2  2004        0.40
    27     2  2004        0.42
    28     2  2004        1.01
    29     2  2004        0.40
     1     3  2004        0.60
     2     3  2004        0.42
     3     3  2004        0.00
     4     3  2004        0.60
     5     3  2004        0.20
     6     3  2004        0.00
     7     3  2004        0.00
     8     3  2004        0.00
     9     3  2004        0.00
    10     3  2004        0.42
    11     3  2004        0.00
    12     3  2004        0.20
    13     3  2004        0.00
    14     3  2004        0.20
    15     3  2004        1.18
    16     3  2004        0.79
    17     3  2004        1.18
    18     3  2004        0.99
    19     3  2004        0.00
    20     3  2004        0.98
    21     3  2004        0.00
    22     3  2004        0.00
    23     3  2004        3.73
    24     3  2004        2.17
    25     3  2004        0.62
    26     3  2004        0.00
    27     3  2004        0.00
    28     3  2004        0.79
    29     3  2004        1.76
    30     3  2004        0.40
    31     3  2004        0.40
     1     4  2004        0.00
     2     4  2004        0.00
     3     4  2004        0.42
     4     4  2004        0.00
     5     4  2004        0.59
     6     4  2004        0.00
     7     4  2004        0.00
     8     4  2004        0.00
     9     4  2004        0.00
    10     4  2004        0.00
    11     4  2004        0.00
    12     4  2004        0.00
    13     4  2004        0.00
    14     4  2004        0.00
    15     4  2004        0.00
    16     4  2004        0.00
    17     4  2004        0.00
    18     4  2004        0.00
    19     4  2004        0.00
    20     4  2004        0.00
    21     4  2004        0.00
    22     4  2004        1.57
    23     4  2004        0.60
    24     4  2004        0.20
    25     4  2004        0.00
    26     4  2004        0.20
    27     4  2004        0.00
    28     4  2004        0.20
    29     4  2004        0.00
    30     4  2004        0.00
     1     5  2004        2.56
     2     5  2004        0.00
     3     5  2004        0.20
     4     5  2004        0.00
     5     5  2004        0.20
     6     5  2004        0.00
     7     5  2004        0.59
     8     5  2004        0.40
     9     5  2004        0.59
    10     5  2004        0.00
    11     5  2004        0.00
    12     5  2004        1.38
    13     5  2004        0.60
    14     5  2004        1.21
    15     5  2004        2.37
    16     5  2004        0.80
    17     5  2004        0.59
    18     5  2004        0.00
    19     5  2004        0.40
    20     5  2004        0.99
    21     5  2004        0.00
    22     5  2004        0.00
    23     5  2004        0.79
    24     5  2004        0.20
    25     5  2004        0.20
    26     5  2004        0.59
    27     5  2004        0.00
    28     5  2004        0.00
    29     5  2004        0.00
    30     5  2004        0.00
    31     5  2004        0.00
     1     6  2004        0.00
     2     6  2004        0.20
     3     6  2004        0.00
     4     6  2004        1.77
     5     6  2004        0.39
     6     6  2004        0.20
     7     6  2004        0.00
     8     6  2004        0.00
     9     6  2004        0.20
    10     6  2004        0.00
    11     6  2004        0.00
    12     6  2004        0.00
    13     6  2004        0.00
    14     6  2004       -1.00
    15     6  2004       -1.00
    16     6  2004       -1.00
    17     6  2004       -1.00
    18     6  2004       -1.00
    19     6  2004        0.20
    20     6  2004        0.00
    21     6  2004        0.20
    22     6  2004        1.02
    23     6  2004        0.20
    24     6  2004        0.00
    25     6  2004        0.62
    26     6  2004        0.20
    27     6  2004        0.00
    28     6  2004        0.40
    29     6  2004        3.93
    30     6  2004        2.95
     1     7  2004        1.19
     2     7  2004        1.38
     3     7  2004        0.00
     4     7  2004        0.20
     5     7  2004        0.40
     6     7  2004        0.99
     7     7  2004        0.00
     8     7  2004        0.00
     9     7  2004        0.00
    10     7  2004        0.20
    11     7  2004        0.00
    12     7  2004        0.00
    13     7  2004        0.00
    14     7  2004        7.66
    15     7  2004        0.20
    16     7  2004        0.20
    17     7  2004        0.00
    18     7  2004        0.00
    19     7  2004        0.00
    20     7  2004        0.00
    21     7  2004        3.54
    22     7  2004        0.59
    23     7  2004        0.59
    24     7  2004        0.42
    25     7  2004        0.20
    26     7  2004        0.00
    27     7  2004        0.98
    28     7  2004        0.00
    29     7  2004        0.00
    30     7  2004        0.00
    31     7  2004        0.00
     1     8  2004        0.20
     2     8  2004        0.00
     3     8  2004        0.00
     4     8  2004        0.00
     5     8  2004        1.58
     6     8  2004        0.00
     7     8  2004        0.00
     8     8  2004        0.20
     9     8  2004        0.99
    10     8  2004        0.00
    11     8  2004        0.00
    12     8  2004        0.00
    13     8  2004        0.42
    14     8  2004        0.00
    15     8  2004        0.00
    16     8  2004        0.00
    17     8  2004        0.20
    18     8  2004        0.62
    19     8  2004        0.60
    20     8  2004        0.42
    21     8  2004        0.39
    22     8  2004        0.40
    23     8  2004        0.00
    24     8  2004        0.00
    25     8  2004        0.42
    26     8  2004        0.00
    27     8  2004        0.00
    28     8  2004        0.00
    29     8  2004        0.00
    30     8  2004        0.00
    31     8  2004        0.00
     1     9  2004        0.00
     2     9  2004        0.00
     3     9  2004        0.00
     4     9  2004        0.00
     5     9  2004        0.00
     6     9  2004        0.00
     7     9  2004        0.00
     8     9  2004        0.00
     9     9  2004        0.00
    10     9  2004        0.00
    11     9  2004        1.38
    12     9  2004        0.00
    13     9  2004        0.20
    14     9  2004        0.00
    15     9  2004        0.20
    16     9  2004        0.20
    17     9  2004        0.40
    18     9  2004        0.00
    19     9  2004        0.00
    20     9  2004        0.00
    21     9  2004        0.00
    22     9  2004        0.20
    23     9  2004        0.00
    24     9  2004        0.00
    25     9  2004        0.00
    26     9  2004        0.00
    27     9  2004        0.00
    28     9  2004        0.00
    29     9  2004        0.00
    30     9  2004        0.00
     1    10  2004        0.00
     2    10  2004        0.00
     3    10  2004        0.00
     4    10  2004        0.39
     5    10  2004        0.79
     6    10  2004        0.00
     7    10  2004        1.38
     8    10  2004        0.00
     9    10  2004        0.00
    10    10  2004        0.00
    11    10  2004        0.00
    12    10  2004        0.20
    13    10  2004        0.00
    14    10  2004       -1.00
    15    10  2004       -1.00
    16    10  2004       -1.00
    17    10  2004       -1.00
    18    10  2004       -1.00
    19    10  2004       -1.00
    20    10  2004       -1.00
    21    10  2004       -1.00
    22    10  2004       -1.00
    23    10  2004       -1.00
    24    10  2004       -1.00
    25    10  2004       -1.00
    26    10  2004       -1.00
    27    10  2004       -1.00
    28    10  2004       -1.00
    29    10  2004        0.20
    30    10  2004        0.00
    31    10  2004        0.00
     1    11  2004        0.00
     2    11  2004        0.20
     3    11  2004        0.00
     4    11  2004        0.00
     5    11  2004        0.00
     6    11  2004        0.00
     7    11  2004        0.20
     8    11  2004        0.79
     9    11  2004        0.00
    10    11  2004        0.00
    11    11  2004        0.20
    12    11  2004        0.40
    13    11  2004        0.60
    14    11  2004        0.20
    15    11  2004        0.82
    16    11  2004        0.60
    17    11  2004        1.58
    18    11  2004        0.40
    19    11  2004        0.20
    20    11  2004        1.80
    21    11  2004        2.36
    22    11  2004        0.99
    23    11  2004        0.20
    24    11  2004        2.35
    25    11  2004        1.19
    26    11  2004        1.78
    27    11  2004        2.36
    28    11  2004        0.62
    29    11  2004        1.78
    30    11  2004        0.39
     1    12  2004        0.20
     2    12  2004        0.40
     3    12  2004        0.20
     4    12  2004        0.00
     5    12  2004        0.00
     6    12  2004        0.00
     7    12  2004        0.00
     8    12  2004        0.00
     9    12  2004        0.00
    10    12  2004        0.00
    11    12  2004        0.00
    12    12  2004        0.00
    13    12  2004        0.00
    14    12  2004        0.00
    15    12  2004        0.00
    16    12  2004        0.42
    17    12  2004        0.00
    18    12  2004        0.00
    19    12  2004        0.20
    20    12  2004        0.00
    21    12  2004        0.00
    22    12  2004        0.00
    23    12  2004        0.00
    24    12  2004        0.00
    25    12  2004        0.00
    26    12  2004        1.60
    27    12  2004        0.00
    28    12  2004       -1.00
    29    12  2004       -1.00
    30    12  2004       -1.00
    31    12  2004       -1.00
     1     1  2005       -1.00
     2     1  2005       -1.00
     3     1  2005       -1.00
     4     1  2005        0.00
     5     1  2005        0.00
     6     1  2005        0.62
     7     1  2005        0.20
     8     1  2005        0.60
     9     1  2005        1.39
    10     1  2005        1.19
    11     1  2005        2.76
    12     1  2005        0.00
    13     1  2005        3.15
    14     1  2005        1.39
    15     1  2005        0.40
    16     1  2005        0.00
    17     1  2005        0.00
    18     1  2005        0.00
    19     1  2005        0.60
    20     1  2005        0.60
    21     1  2005        0.00
    22     1  2005        0.20
    23     1  2005        0.00
    24     1  2005        0.00
    25     1  2005        0.00
    26     1  2005        0.00
    27     1  2005        0.00
    28     1  2005        0.00
    29     1  2005        0.00
    30     1  2005        0.00
    31     1  2005        0.00
     1     2  2005        0.20
     2     2  2005        0.00
     3     2  2005        0.59
     4     2  2005        0.00
     5     2  2005        1.18
     6     2  2005        0.00
     7     2  2005        0.00
     8     2  2005        0.00
     9     2  2005        0.00
    10     2  2005        0.00
    11     2  2005        0.20
    12     2  2005        0.00
    13     2  2005        0.00
    14     2  2005        0.00
    15     2  2005        0.20
    16     2  2005        0.39
    17     2  2005        1.18
    18     2  2005        0.62
    19     2  2005        0.00
    20     2  2005        0.20
    21     2  2005        0.98
    22     2  2005        0.42
    23     2  2005        0.39
    24     2  2005        0.40
    25     2  2005        0.62
    26     2  2005        1.00
    27     2  2005        0.98
    28     2  2005        1.60
     1     3  2005        3.93
     2     3  2005        0.99
     3     3  2005        0.39
     4     3  2005        0.00
     5     3  2005        0.00
     6     3  2005        0.20
     7     3  2005        0.00
     8     3  2005        0.00
     9     3  2005        0.00
    10     3  2005        1.77
    11     3  2005        0.20
    12     3  2005        0.40
    13     3  2005        0.59
    14     3  2005        0.00
    15     3  2005        0.00
    16     3  2005        0.00
    17     3  2005        0.00
    18     3  2005        0.39
    19     3  2005        0.00
    20     3  2005        0.00
    21     3  2005        0.79
    22     3  2005        0.20
    23     3  2005        0.40
    24     3  2005        0.00
    25     3  2005        0.20
    26     3  2005        0.62
    27     3  2005        0.20
    28     3  2005        4.51
    29     3  2005        1.57
    30     3  2005        1.19
    31     3  2005        1.97
     1     4  2005        0.99
     2     4  2005        0.62
     3     4  2005        0.79
     4     4  2005        1.77
     5     4  2005        0.40
     6     4  2005        3.34
     7     4  2005        0.99
     8     4  2005        0.79
     9     4  2005        1.77
    10     4  2005        0.79
    11     4  2005        1.37
    12     4  2005        1.19
    13     4  2005        0.79
    14     4  2005        1.01
    15     4  2005        1.18
    16     4  2005        0.00
    17     4  2005        0.20
    18     4  2005        0.00
    19     4  2005        0.39
    20     4  2005        0.20
    21     4  2005        0.00
    22     4  2005        0.98
    23     4  2005        0.59
    24     4  2005        0.42
    25     4  2005        1.18
    26     4  2005        0.40
    27     4  2005        0.00
    28     4  2005        0.40
    29     4  2005        0.99
    30     4  2005        0.00
     1     5  2005        0.98
     2     5  2005        0.60
     3     5  2005        0.00
     4     5  2005        0.82
     5     5  2005        0.40
     6     5  2005        0.00
     7     5  2005        0.20
     8     5  2005        0.00
     9     5  2005        0.20
    10     5  2005        0.82
    11     5  2005        0.80
    12     5  2005        0.60
    13     5  2005        0.62
    14     5  2005        0.80
    15     5  2005        0.00
    16     5  2005        0.20
    17     5  2005        0.00
    18     5  2005        0.00
    19     5  2005        0.00
    20     5  2005        0.00
    21     5  2005        0.00
    22     5  2005        0.00
    23     5  2005        0.00
    24     5  2005        0.00
    25     5  2005        0.00
    26     5  2005        0.20
    27     5  2005        1.38
    28     5  2005        0.20
    29     5  2005        0.59
    30     5  2005        0.00
    31     5  2005        0.20
     1     6  2005        0.00
     2     6  2005        0.00
     3     6  2005        0.00
     4     6  2005        0.80
     5     6  2005        0.62
     6     6  2005        0.20
     7     6  2005        0.80
     8     6  2005        0.62
     9     6  2005        0.40
    10     6  2005        1.02
    11     6  2005        1.58
    12     6  2005        1.22
    13     6  2005        1.02
    14     6  2005        0.20
    15     6  2005        1.19
    16     6  2005        0.60
    17     6  2005        0.40
    18     6  2005        1.59
    19     6  2005        0.40
    20     6  2005        0.80
    21     6  2005        0.82
    22     6  2005        1.18
    23     6  2005        1.21
    24     6  2005        0.60
    25     6  2005        0.20
    26     6  2005        0.00
    27     6  2005        0.00
    28     6  2005        0.00
    29     6  2005        0.00
    30     6  2005        0.00
     1     7  2005        0.00
     2     7  2005        0.00
     3     7  2005        0.00
     4     7  2005        0.00
     5     7  2005        0.00
     6     7  2005        0.20
     7     7  2005        0.20
     8     7  2005        0.99
     9     7  2005        0.00
    10     7  2005        0.40
    11     7  2005        1.40
    12     7  2005        0.20
    13     7  2005        1.38
    14     7  2005        0.39
    15     7  2005        1.38
    16     7  2005        1.58
    17     7  2005        0.79
    18     7  2005        0.20
    19     7  2005        1.58
    20     7  2005        0.00
    21     7  2005        0.00
    22     7  2005        0.00
    23     7  2005        0.00
    24     7  2005        0.00
    25     7  2005        0.00
    26     7  2005        0.00
    27     7  2005        0.00
    28     7  2005        0.00
    29     7  2005        0.00
    30     7  2005        0.00
    31     7  2005        0.00
     1     8  2005        1.80
     2     8  2005        0.00
     3     8  2005        0.40
     4     8  2005        0.00
     5     8  2005        0.20
     6     8  2005        0.42
     7     8  2005        0.40
     8     8  2005        0.00
     9     8  2005        0.62
    10     8  2005        0.40
    11     8  2005        0.00
    12     8  2005        0.00
    13     8  2005        0.00
    14     8  2005        0.20
    15     8  2005        0.00
    16     8  2005        0.00
    17     8  2005        0.00
    18     8  2005        0.00
    19     8  2005        0.20
    20     8  2005        0.00
    21     8  2005        0.00
    22     8  2005        1.18
    23     8  2005        0.00
    24     8  2005        0.00
    25     8  2005        0.00
    26     8  2005        0.59
    27     8  2005        0.00
    28     8  2005        0.00
    29     8  2005        0.00
    30     8  2005        0.00
    31     8  2005        0.00
     1     9  2005        0.00
     2     9  2005        0.00
     3     9  2005        0.00
     4     9  2005        0.40
     5     9  2005        0.00
     6     9  2005        0.60
     7     9  2005        0.20
     8     9  2005        0.79
     9     9  2005        2.19
    10     9  2005        0.99
    11     9  2005        0.40
    12     9  2005        0.39
    13     9  2005        0.20
    14     9  2005        0.20
    15     9  2005        0.82
    16     9  2005        0.00
    17     9  2005        0.00
    18     9  2005        0.00
    19     9  2005        0.00
    20     9  2005        0.00
    21     9  2005        1.38
    22     9  2005        0.00
    23     9  2005        0.40
    24     9  2005        0.79
    25     9  2005        0.00
    26     9  2005        0.00
    27     9  2005        0.20
    28     9  2005        0.00
    29     9  2005        0.59
    30     9  2005        0.59
     1    10  2005        2.19
     2    10  2005        0.79
     3    10  2005        0.00
     4    10  2005        1.42
     5    10  2005        0.40
     6    10  2005        0.00
     7    10  2005        1.21
     8    10  2005        0.00
     9    10  2005        0.62
    10    10  2005        0.00
    11    10  2005        0.20
    12    10  2005       -1.00
    13    10  2005       -1.00
    14    10  2005       -1.00
    15    10  2005       -1.00
    16    10  2005       -1.00
    17    10  2005       -1.00
    18    10  2005       -1.00
    19    10  2005       -1.00
    20    10  2005       -1.00
    21    10  2005       -1.00
    22    10  2005       -1.00
    23    10  2005        0.20
    24    10  2005        0.00
    25    10  2005        0.00
    26    10  2005        0.00
    27    10  2005        0.00
    28    10  2005        0.00
    29    10  2005        0.00
    30    10  2005        1.40
    31    10  2005        0.79
     1    11  2005        0.40
     2    11  2005        0.79
     3    11  2005        1.18
     4    11  2005        0.00
     5    11  2005        0.40
     6    11  2005        0.42
     7    11  2005        1.38
     8    11  2005        0.99
     9    11  2005        1.39
    10    11  2005        1.22
    11    11  2005        0.00
    12    11  2005        0.00
    13    11  2005        0.00
    14    11  2005        0.00
    15    11  2005        0.00
    16    11  2005        0.00
    17    11  2005        0.00
    18    11  2005        0.20
    19    11  2005        0.00
    20    11  2005        0.00
    21    11  2005        0.00
    22    11  2005        0.42
    23    11  2005        0.20
    24    11  2005        0.20
    25    11  2005        0.20
    26    11  2005        0.20
    27    11  2005       -1.00
    28    11  2005       -1.00
    29    11  2005       -1.00
    30    11  2005        0.20
     1    12  2005        0.00
     2    12  2005        0.00
     3    12  2005        0.00
     4    12  2005        0.00
     5    12  2005        0.00
     6    12  2005        0.00
     7    12  2005        0.00
     8    12  2005        0.40
     9    12  2005        0.00
    10    12  2005        0.20
    11    12  2005        0.20
    12    12  2005        1.38
    13    12  2005        2.17
    14    12  2005        0.00
    15    12  2005        0.00
    16    12  2005        0.00
    17    12  2005        0.00
    18    12  2005        0.00
    19    12  2005        0.00
    20    12  2005        0.00
    21    12  2005        0.00
    22    12  2005        0.00
    23    12  2005        0.00
    24    12  2005        0.00
    25    12  2005        0.00
    26    12  2005        0.00
    27    12  2005        0.00
    28    12  2005        0.00
    29    12  2005        0.00
    30    12  2005        0.00
    31    12  2005        0.00
     1     1  2006        0.20
     2     1  2006        0.00
     3     1  2006        0.00
     4     1  2006        0.00
     5     1  2006        0.00
     6     1  2006        0.00
     7     1  2006        0.00
     8     1  2006        0.00
     9     1  2006        0.00
    10     1  2006        0.00
    11     1  2006        0.00
    12     1  2006        0.00
    13     1  2006        0.00
    14     1  2006        0.00
    15     1  2006        0.20
    16     1  2006        0.00
    17     1  2006        0.40
    18     1  2006        0.62
    19     1  2006        1.39
    20     1  2006        0.20
    21     1  2006        0.00
    22     1  2006        0.00
    23     1  2006        0.00
    24     1  2006        0.00
    25     1  2006        0.00
    26     1  2006        0.00
    27     1  2006        0.20
    28     1  2006        0.00
    29     1  2006        0.20
    30     1  2006        0.20
    31     1  2006        0.00
     1     2  2006        0.20
     2     2  2006        0.00
     3     2  2006        0.00
     4     2  2006        0.00
     5     2  2006        0.00
     6     2  2006        0.00
     7     2  2006        0.00
     8     2  2006        0.00
     9     2  2006        0.82
    10     2  2006        0.40
    11     2  2006        0.00
    12     2  2006        0.00
    13     2  2006        0.20
    14     2  2006        0.00
    15     2  2006        0.00
    16     2  2006        0.00
    17     2  2006        0.00
    18     2  2006        0.82
    19     2  2006        0.00
    20     2  2006        0.20
    21     2  2006        1.58
    22     2  2006        0.42
    23     2  2006        0.00
    24     2  2006        1.58
    25     2  2006        0.00
    26     2  2006        0.00
    27     2  2006        0.00
    28     2  2006        0.00
     1     3  2006        0.00
     2     3  2006        0.00
     3     3  2006        0.00
     4     3  2006        0.00
     5     3  2006        0.00
     6     3  2006        0.00
     7     3  2006        0.00
     8     3  2006        0.00
     9     3  2006        0.00
    10     3  2006        0.00
    11     3  2006        0.00
    12     3  2006        0.00
    13     3  2006        0.00
    14     3  2006        0.00
    15     3  2006        0.00
    16     3  2006        0.00
    17     3  2006        0.00
    18     3  2006        0.00
    19     3  2006        0.00
    20     3  2006        0.20
    21     3  2006        0.00
    22     3  2006        0.00
    23     3  2006        0.00
    24     3  2006        0.00
    25     3  2006        0.00
    26     3  2006        0.00
    27     3  2006        0.00
    28     3  2006        0.20
    29     3  2006        0.00
    30     3  2006        0.20
    31     3  2006        0.20
     1     4  2006        0.20
     2     4  2006        0.39
     3     4  2006        0.20
     4     4  2006        0.20
     5     4  2006        0.40
     6     4  2006        0.40
     7     4  2006        0.40
     8     4  2006        0.82
     9     4  2006        0.20
    10     4  2006        0.40
    11     4  2006        0.82
    12     4  2006        0.60
    13     4  2006        1.02
    14     4  2006        0.60
    15     4  2006        0.40
    16     4  2006        0.40
    17     4  2006        0.40
    18     4  2006        0.42
    19     4  2006        1.22
    20     4  2006        0.60
    21     4  2006        0.00
    22     4  2006        0.40
    23     4  2006        0.82
    24     4  2006        1.58
    25     4  2006        1.01
    26     4  2006        1.97
    27     4  2006        0.99
    28     4  2006        1.22
    29     4  2006        1.38
    30     4  2006        0.40
     1     5  2006        0.00
     2     5  2006        0.00
     3     5  2006        0.00
     4     5  2006        0.20
     5     5  2006        0.00
     6     5  2006        0.20
     7     5  2006        0.20
     8     5  2006        2.17
     9     5  2006        0.60
    10     5  2006        0.20
    11     5  2006        0.99
    12     5  2006        0.62
    13     5  2006        5.89
    14     5  2006        1.57
    15     5  2006        4.91
    16     5  2006        3.16
    17     5  2006        1.77
    18     5  2006        0.20
    19     5  2006        0.00
    20     5  2006        0.00
    21     5  2006        0.20
    22     5  2006        0.00
    23     5  2006        0.00
    24     5  2006        0.00
    25     5  2006        0.00
    26     5  2006        0.59
    27     5  2006        0.20
    28     5  2006        2.16
    29     5  2006        1.57
    30     5  2006        0.00
    31     5  2006        0.20
     1     6  2006        0.00
     2     6  2006        0.00
     3     6  2006        0.00
     4     6  2006        0.61
     5     6  2006        0.00
     6     6  2006        0.00
     7     6  2006        0.00
     8     6  2006        0.20
     9     6  2006        0.20
    10     6  2006        0.20
    11     6  2006        0.20
    12     6  2006        0.00
    13     6  2006        0.00
    14     6  2006        0.00
    15     6  2006        0.00
    16     6  2006        0.00
    17     6  2006        0.00
    18     6  2006        1.02
    19     6  2006        0.80
    20     6  2006        0.42
    21     6  2006        0.40
    22     6  2006        0.20
    23     6  2006        0.62
    24     6  2006        0.40
    25     6  2006        0.20
    26     6  2006        0.20
    27     6  2006        0.00
    28     6  2006        0.00
    29     6  2006        1.41
    30     6  2006        2.99
     1     7  2006        5.11
     2     7  2006        1.57
     3     7  2006        2.02
     4     7  2006        0.00
     5     7  2006        0.20
     6     7  2006        0.00
     7     7  2006        0.00
     8     7  2006        0.62
     9     7  2006        0.20
    10     7  2006        0.20
    11     7  2006        0.00
    12     7  2006        0.00
    13     7  2006        0.00
    14     7  2006        0.00
    15     7  2006        0.00
    16     7  2006        0.00
    17     7  2006        0.00
    18     7  2006        0.40
    19     7  2006        0.20
    20     7  2006        0.00
    21     7  2006        0.00
    22     7  2006        0.20
    23     7  2006        0.00
    24     7  2006        0.00
    25     7  2006        0.00
    26     7  2006        0.00
    27     7  2006        0.00
    28     7  2006        0.00
    29     7  2006        0.39
    30     7  2006        0.99
    31     7  2006        1.80
     1     8  2006        0.60
     2     8  2006        0.42
     3     8  2006        0.20
     4     8  2006        0.98
     5     8  2006        1.78
     6     8  2006        1.38
     7     8  2006        1.57
     8     8  2006        0.40
     9     8  2006        0.62
    10     8  2006        0.59
    11     8  2006        1.77
    12     8  2006        0.82
    13     8  2006        0.40
    14     8  2006        0.98
    15     8  2006        0.00
    16     8  2006        0.98
    17     8  2006        0.00
    18     8  2006        0.00
    19     8  2006        0.00
    20     8  2006        0.00
    21     8  2006        0.20
    22     8  2006        0.00
    23     8  2006        0.00
    24     8  2006        0.00
    25     8  2006        0.00
    26     8  2006        0.00
    27     8  2006        0.00
    28     8  2006        0.40
    29     8  2006        0.60
    30     8  2006        0.00
    31     8  2006        0.00
     1     9  2006        0.00
     2     9  2006        1.38
     3     9  2006        0.00
     4     9  2006        0.00
     5     9  2006        0.00
     6     9  2006        0.00
     7     9  2006       -1.00
     8     9  2006       -1.00
     9     9  2006       -1.00
    10     9  2006       -1.00
    11     9  2006       -1.00
    12     9  2006       -1.00
    13     9  2006       -1.00
    14     9  2006       -1.00
    15     9  2006       -1.00
    16     9  2006       -1.00
    17     9  2006       -1.00
    18     9  2006       -1.00
    19     9  2006        0.40
    20     9  2006        0.20
    21     9  2006        0.20
    22     9  2006        0.82
    23     9  2006        1.02
    24     9  2006        0.82
    25     9  2006        0.60
    26     9  2006        0.82
    27     9  2006        0.00
    28     9  2006        0.00
    29     9  2006        0.00
    30     9  2006        0.00
     1    10  2006        0.40
     2    10  2006        0.00
     3    10  2006        0.00
     4    10  2006        0.00
     5    10  2006        0.20
     6    10  2006        0.00
     7    10  2006        0.00
     8    10  2006        0.00
     9    10  2006        0.00
    10    10  2006        0.00
    11    10  2006        0.00
    12    10  2006        0.20
    13    10  2006        0.59
    14    10  2006        0.40
    15    10  2006        0.40
    16    10  2006        0.79
    17    10  2006        0.59
    18    10  2006        0.82
    19    10  2006        1.02
    20    10  2006        1.40
    21    10  2006        0.79
    22    10  2006        0.20
    23    10  2006        0.82
    24    10  2006        1.19
    25    10  2006        0.79
    26    10  2006        0.82
    27    10  2006        0.82
    28    10  2006        0.00
    29    10  2006        1.77
    30    10  2006        0.00
    31    10  2006        0.42
     1    11  2006        0.00
     2    11  2006        0.00
     3    11  2006        0.00
     4    11  2006        0.00
     5    11  2006        0.00
     6    11  2006        0.00
     7    11  2006        0.00
     8    11  2006        0.00
     9    11  2006        0.00
    10    11  2006        0.00
    11    11  2006        0.00
    12    11  2006        0.00
    13    11  2006        0.00
    14    11  2006        0.00
    15    11  2006        0.00
    16    11  2006        0.00
    17    11  2006        0.00
    18    11  2006        0.00
    19    11  2006        0.00
    20    11  2006        0.20
    21    11  2006        0.39
    22    11  2006        0.62
    23    11  2006        0.00
    24    11  2006        0.00
    25    11  2006        0.00
    26    11  2006        1.97
    27    11  2006        0.20
    28    11  2006        0.20
    29    11  2006        0.00
    30    11  2006        0.00
     1    12  2006        0.00
     2    12  2006        0.00
     3    12  2006        0.00
     4    12  2006        0.00
     5    12  2006        0.20
     6    12  2006        0.00
     7    12  2006        0.62
     8    12  2006        0.00
     9    12  2006        0.59
    10    12  2006        0.42
    11    12  2006        0.00
    12    12  2006        0.20
    13    12  2006        0.40
    14    12  2006        0.79
    15    12  2006        0.20
    16    12  2006        0.59
    17    12  2006        0.20
    18    12  2006        0.00
    19    12  2006        0.20
    20    12  2006        0.20
    21    12  2006        0.00
    22    12  2006        0.00
    23    12  2006        0.00
    24    12  2006        1.02
    25    12  2006        0.00
    26    12  2006        0.00
    27    12  2006        0.00
    28    12  2006        0.00
    29    12  2006        0.00
    30    12  2006        0.00
    31    12  2006        0.00
     1     1  2007        0.00
     2     1  2007        0.00
     3     1  2007        0.00
     4     1  2007        0.00
     5     1  2007        0.00
     6     1  2007        0.00
     7     1  2007        0.20
     8     1  2007        0.20
     9     1  2007        0.20
    10     1  2007        0.00
    11     1  2007        0.62
    12     1  2007        0.00
    13     1  2007        0.00
    14     1  2007        0.00
    15     1  2007        0.00
    16     1  2007        0.00
    17     1  2007        0.00
