     1     1  2001        0.00
     2     1  2001        0.00
     3     1  2001        0.00
     4     1  2001        0.00
     5     1  2001        0.00
     6     1  2001        0.00
     7     1  2001        0.00
     8     1  2001        0.00
     9     1  2001        0.00
    10     1  2001        0.00
    11     1  2001        0.00
    12     1  2001        0.00
    13     1  2001        0.00
    14     1  2001        0.00
    15     1  2001        0.62
    16     1  2001        0.20
    17     1  2001        0.98
    18     1  2001        0.20
    19     1  2001        0.00
    20     1  2001        0.00
    21     1  2001        0.00
    22     1  2001        0.00
    23     1  2001        0.00
    24     1  2001        0.00
    25     1  2001        0.00
    26     1  2001        0.00
    27     1  2001        0.00
    28     1  2001        0.59
    29     1  2001        0.00
    30     1  2001        0.00
    31     1  2001        0.00
     1     2  2001        0.00
     2     2  2001        0.00
     3     2  2001        0.20
     4     2  2001        0.00
     5     2  2001        0.00
     6     2  2001        0.00
     7     2  2001        0.40
     8     2  2001        0.00
     9     2  2001        0.00
    10     2  2001        0.00
    11     2  2001        0.00
    12     2  2001        0.20
    13     2  2001        0.00
    14     2  2001        0.00
    15     2  2001        0.00
    16     2  2001        0.00
    17     2  2001        0.00
    18     2  2001        0.00
    19     2  2001        1.58
    20     2  2001        1.39
    21     2  2001        0.79
    22     2  2001        1.77
    23     2  2001        0.79
    24     2  2001        4.51
    25     2  2001        0.40
    26     2  2001        0.40
    27     2  2001        0.82
    28     2  2001        1.78
     1     3  2001        1.00
     2     3  2001        2.95
     3     3  2001        0.00
     4     3  2001        0.00
     5     3  2001        0.00
     6     3  2001        0.00
     7     3  2001        0.00
     8     3  2001        0.00
     9     3  2001        0.00
    10     3  2001        0.00
    11     3  2001        0.00
    12     3  2001        0.00
    13     3  2001        0.00
    14     3  2001        2.37
    15     3  2001        2.17
    16     3  2001        3.34
    17     3  2001        0.20
    18     3  2001        0.40
    19     3  2001        0.00
    20     3  2001        0.79
    21     3  2001        0.00
    22     3  2001        0.00
    23     3  2001        0.00
    24     3  2001        0.00
    25     3  2001        0.00
    26     3  2001        0.20
    27     3  2001        0.00
    28     3  2001        0.00
    29     3  2001        0.00
    30     3  2001        0.00
    31     3  2001        0.98
     1     4  2001        0.00
     2     4  2001        0.00
     3     4  2001        0.00
     4     4  2001        0.00
     5     4  2001        0.00
     6     4  2001        0.00
     7     4  2001        0.20
     8     4  2001        0.00
     9     4  2001        0.00
    10     4  2001        0.00
    11     4  2001        0.00
    12     4  2001        0.00
    13     4  2001        0.00
    14     4  2001        0.00
    15     4  2001        0.00
    16     4  2001        0.00
    17     4  2001        0.00
    18     4  2001        0.00
    19     4  2001        0.00
    20     4  2001        0.20
    21     4  2001        0.20
    22     4  2001        0.00
    23     4  2001        0.00
    24     4  2001        0.20
    25     4  2001        0.00
    26     4  2001        0.00
    27     4  2001        0.00
    28     4  2001        0.00
    29     4  2001        0.00
    30     4  2001        0.00
     1     5  2001        0.00
     2     5  2001        2.76
     3     5  2001        0.20
     4     5  2001        0.39
     5     5  2001        0.00
     6     5  2001        0.79
     7     5  2001        0.00
     8     5  2001        0.40
     9     5  2001        0.00
    10     5  2001        0.00
    11     5  2001        0.20
    12     5  2001        0.00
    13     5  2001        0.00
    14     5  2001        0.00
    15     5  2001        0.00
    16     5  2001        0.00
    17     5  2001        0.00
    18     5  2001        0.00
    19     5  2001        0.00
    20     5  2001        0.00
    21     5  2001        0.00
    22     5  2001        0.00
    23     5  2001        0.00
    24     5  2001        0.00
    25     5  2001        0.00
    26     5  2001        0.00
    27     5  2001        0.00
    28     5  2001        0.00
    29     5  2001        0.00
    30     5  2001        0.00
    31     5  2001        0.00
     1     6  2001        0.00
     2     6  2001        0.00
     3     6  2001        0.00
     4     6  2001        0.00
     5     6  2001        0.00
     6     6  2001        0.00
     7     6  2001        0.00
     8     6  2001        0.00
     9     6  2001        0.00
    10     6  2001        0.00
    11     6  2001        0.00
    12     6  2001        0.00
    13     6  2001        0.00
    14     6  2001        0.00
    15     6  2001        0.00
    16     6  2001        0.00
    17     6  2001        0.00
    18     6  2001        0.00
    19     6  2001        0.00
    20     6  2001        0.00
    21     6  2001        0.00
    22     6  2001        0.00
    23     6  2001        0.00
    24     6  2001        0.00
    25     6  2001        0.00
    26     6  2001        0.00
    27     6  2001        0.00
    28     6  2001        0.00
    29     6  2001        0.00
    30     6  2001        0.00
     1     7  2001        0.00
     2     7  2001        0.00
     3     7  2001        0.00
     4     7  2001        0.00
     5     7  2001        0.00
     6     7  2001        0.00
     7     7  2001        0.00
     8     7  2001        0.00
     9     7  2001        0.00
    10     7  2001        0.00
    11     7  2001        0.00
    12     7  2001        0.00
    13     7  2001        0.00
    14     7  2001        0.00
    15     7  2001        0.00
    16     7  2001        0.00
    17     7  2001        0.00
    18     7  2001        0.62
    19     7  2001        0.00
    20     7  2001        0.00
    21     7  2001        0.00
    22     7  2001        0.00
    23     7  2001        1.57
    24     7  2001        0.00
    25     7  2001        0.00
    26     7  2001        1.57
    27     7  2001        0.00
    28     7  2001        0.00
    29     7  2001        0.00
    30     7  2001        4.53
    31     7  2001       13.98
     1     8  2001        0.79
     2     8  2001        0.00
     3     8  2001        0.00
     4     8  2001        0.00
     5     8  2001        0.00
     6     8  2001        0.00
     7     8  2001        0.00
     8     8  2001        0.20
     9     8  2001        0.00
    10     8  2001        0.00
    11     8  2001        0.00
    12     8  2001        1.99
    13     8  2001        0.20
    14     8  2001        0.00
    15     8  2001        0.00
    16     8  2001        0.00
    17     8  2001        0.00
    18     8  2001        0.00
    19     8  2001        0.00
    20     8  2001        0.79
    21     8  2001        0.00
    22     8  2001        2.41
    23     8  2001        0.00
    24     8  2001        0.00
    25     8  2001        0.00
    26     8  2001        0.00
    27     8  2001        0.00
    28     8  2001        0.00
    29     8  2001        0.00
    30     8  2001        0.00
    31     8  2001        0.00
     1     9  2001        0.00
     2     9  2001        0.00
     3     9  2001        0.00
     4     9  2001        0.00
     5     9  2001        0.00
     6     9  2001        0.00
     7     9  2001        0.00
     8     9  2001        0.00
     9     9  2001        0.00
    10     9  2001        0.00
    11     9  2001        0.00
    12     9  2001        0.00
    13     9  2001        0.20
    14     9  2001        0.00
    15     9  2001        0.99
    16     9  2001        0.00
    17     9  2001        0.00
    18     9  2001        0.00
    19     9  2001        0.00
    20     9  2001        0.00
    21     9  2001        0.00
    22     9  2001        0.00
    23     9  2001        0.00
    24     9  2001        0.00
    25     9  2001        0.00
    26     9  2001        0.00
    27     9  2001        0.00
    28     9  2001        0.00
    29     9  2001        0.00
    30     9  2001        0.00
     1    10  2001        0.00
     2    10  2001        0.00
     3    10  2001        0.00
     4    10  2001        0.00
     5    10  2001        0.20
     6    10  2001        0.00
     7    10  2001        0.00
     8    10  2001        0.00
     9    10  2001        0.39
    10    10  2001        0.00
    11    10  2001        0.00
    12    10  2001        0.00
    13    10  2001        0.00
    14    10  2001        0.00
    15    10  2001        0.00
    16    10  2001        0.00
    17    10  2001        0.00
    18    10  2001        0.00
    19    10  2001        0.00
    20    10  2001        0.00
    21    10  2001        0.00
    22    10  2001        0.00
    23    10  2001        0.00
    24    10  2001        0.00
    25    10  2001        0.00
    26    10  2001        0.00
    27    10  2001        0.00
    28    10  2001        0.00
    29    10  2001        0.00
    30    10  2001        1.81
    31    10  2001        0.20
     1    11  2001        0.00
     2    11  2001        3.15
     3    11  2001        0.00
     4    11  2001        0.00
     5    11  2001        0.00
     6    11  2001        0.00
     7    11  2001        0.00
     8    11  2001        0.00
     9    11  2001        0.00
    10    11  2001        0.00
    11    11  2001        0.00
    12    11  2001        0.00
    13    11  2001        0.00
    14    11  2001        0.00
    15    11  2001        0.00
    16    11  2001        0.00
    17    11  2001        0.00
    18    11  2001        0.00
    19    11  2001        0.00
    20    11  2001        0.00
    21    11  2001        0.00
    22    11  2001        0.00
    23    11  2001        0.00
    24    11  2001        0.20
    25    11  2001        0.59
    26    11  2001        0.00
    27    11  2001        0.20
    28    11  2001        0.00
    29    11  2001        0.00
    30    11  2001        0.00
     1    12  2001        0.00
     2    12  2001        0.00
     3    12  2001        0.00
     4    12  2001        0.00
     5    12  2001        0.00
     6    12  2001        0.00
     7    12  2001        0.00
     8    12  2001        0.00
     9    12  2001        0.00
    10    12  2001        0.00
    11    12  2001        0.00
    12    12  2001        0.00
    13    12  2001        0.00
    14    12  2001        0.00
    15    12  2001        1.18
    16    12  2001        0.00
    17    12  2001        0.00
    18    12  2001        0.00
    19    12  2001        0.00
    20    12  2001        0.00
    21    12  2001        0.00
    22    12  2001        0.00
    23    12  2001        0.00
    24    12  2001        0.00
    25    12  2001        0.00
    26    12  2001        0.00
    27    12  2001        0.00
    28    12  2001        0.00
    29    12  2001        0.00
    30    12  2001        0.00
    31    12  2001        0.00
     1     1  2002        0.00
     2     1  2002        0.00
     3     1  2002        0.00
     4     1  2002        0.00
     5     1  2002        0.00
     6     1  2002        0.00
     7     1  2002        0.00
     8     1  2002        0.39
     9     1  2002        0.00
    10     1  2002        0.00
    11     1  2002        0.00
    12     1  2002        0.00
    13     1  2002        0.00
    14     1  2002        0.00
    15     1  2002        0.00
    16     1  2002        0.00
    17     1  2002        0.00
    18     1  2002        0.00
    19     1  2002        0.00
    20     1  2002        0.00
    21     1  2002        0.00
    22     1  2002        0.00
    23     1  2002        0.00
    24     1  2002        0.00
    25     1  2002        0.00
    26     1  2002        0.00
    27     1  2002        0.00
    28     1  2002        0.00
    29     1  2002        0.00
    30     1  2002        0.00
    31     1  2002        0.00
     1     2  2002        0.00
     2     2  2002        0.00
     3     2  2002        0.00
     4     2  2002        0.00
     5     2  2002        1.04
     6     2  2002       12.21
     7     2  2002        0.00
     8     2  2002        0.00
     9     2  2002        0.00
    10     2  2002        0.00
    11     2  2002        0.00
    12     2  2002        0.00
    13     2  2002        0.00
    14     2  2002        0.00
    15     2  2002        0.00
    16     2  2002        0.00
    17     2  2002        0.00
    18     2  2002        0.00
    19     2  2002        0.00
    20     2  2002        0.00
    21     2  2002        0.00
    22     2  2002        0.00
    23     2  2002        0.00
    24     2  2002        0.00
    25     2  2002        0.00
    26     2  2002        0.20
    27     2  2002        0.00
    28     2  2002        0.00
     1     3  2002        0.00
     2     3  2002        0.00
     3     3  2002        0.00
     4     3  2002        0.00
     5     3  2002        0.00
     6     3  2002        0.00
     7     3  2002        0.00
     8     3  2002        0.00
     9     3  2002        0.00
    10     3  2002        0.00
    11     3  2002        0.00
    12     3  2002        0.00
    13     3  2002        0.00
    14     3  2002        0.00
    15     3  2002        0.00
    16     3  2002        0.00
    17     3  2002        0.00
    18     3  2002        0.00
    19     3  2002        0.00
    20     3  2002        0.00
    21     3  2002        1.18
    22     3  2002        3.02
    23     3  2002        0.20
    24     3  2002        0.00
    25     3  2002        0.00
    26     3  2002        0.00
    27     3  2002        0.00
    28     3  2002        0.00
    29     3  2002        0.00
    30     3  2002        0.00
    31     3  2002        0.00
     1     4  2002        0.00
     2     4  2002        0.00
     3     4  2002        0.00
     4     4  2002        0.00
     5     4  2002        0.00
     6     4  2002        0.00
     7     4  2002        0.00
     8     4  2002        0.00
     9     4  2002        0.00
    10     4  2002        0.00
    11     4  2002        0.00
    12     4  2002        0.20
    13     4  2002        0.00
    14     4  2002        0.79
    15     4  2002        0.20
    16     4  2002        3.35
    17     4  2002        0.20
    18     4  2002        0.20
    19     4  2002        0.20
    20     4  2002       12.39
    21     4  2002       20.61
    22     4  2002        4.53
    23     4  2002       12.99
    24     4  2002        1.18
    25     4  2002        0.00
    26     4  2002        0.00
    27     4  2002        0.00
    28     4  2002        0.00
    29     4  2002        0.00
    30     4  2002        5.13
     1     5  2002        3.34
     2     5  2002        1.38
     3     5  2002        0.20
     4     5  2002        0.20
     5     5  2002        5.15
     6     5  2002        9.63
     7     5  2002        2.75
     8     5  2002        2.79
     9     5  2002        1.77
    10     5  2002        0.79
    11     5  2002        0.20
    12     5  2002        0.79
    13     5  2002        0.20
    14     5  2002        0.20
    15     5  2002        0.00
    16     5  2002        0.00
    17     5  2002        0.00
    18     5  2002        0.00
    19     5  2002        0.00
    20     5  2002        0.39
    21     5  2002        0.00
    22     5  2002        0.82
    23     5  2002        0.98
    24     5  2002        2.56
    25     5  2002        0.20
    26     5  2002        2.37
    27     5  2002        2.56
    28     5  2002        1.41
    29     5  2002        2.75
    30     5  2002        0.59
    31     5  2002       15.54
     1     6  2002        0.39
     2     6  2002        0.00
     3     6  2002        0.00
     4     6  2002        0.42
     5     6  2002        3.54
     6     6  2002        0.00
     7     6  2002        0.00
     8     6  2002        1.78
     9     6  2002        0.00
    10     6  2002        0.00
    11     6  2002        0.00
    12     6  2002        0.00
    13     6  2002        0.00
    14     6  2002        0.00
    15     6  2002        0.00
    16     6  2002        0.00
    17     6  2002        0.00
    18     6  2002        0.60
    19     6  2002        1.80
    20     6  2002        2.16
    21     6  2002        0.00
    22     6  2002        0.00
    23     6  2002        0.59
    24     6  2002        0.00
    25     6  2002        0.00
    26     6  2002        0.20
    27     6  2002        0.00
    28     6  2002        0.00
    29     6  2002        0.00
    30     6  2002        0.00
     1     7  2002        2.16
     2     7  2002        3.15
     3     7  2002        0.00
     4     7  2002        0.20
     5     7  2002        0.00
     6     7  2002        0.00
     7     7  2002        1.18
     8     7  2002        0.40
     9     7  2002        0.00
    10     7  2002        0.00
    11     7  2002        0.00
    12     7  2002        0.00
    13     7  2002        0.00
    14     7  2002        0.81
    15     7  2002        0.00
    16     7  2002        0.00
    17     7  2002        0.00
    18     7  2002        5.12
    19     7  2002        5.12
    20     7  2002        9.23
    21     7  2002        7.87
    22     7  2002        9.23
    23     7  2002        4.14
    24     7  2002        1.57
    25     7  2002        4.33
    26     7  2002        0.20
    27     7  2002        5.12
    28     7  2002        7.08
    29     7  2002        1.98
    30     7  2002        5.90
    31     7  2002        4.13
     1     8  2002        0.82
     2     8  2002       21.82
     3     8  2002        4.33
     4     8  2002        1.77
     5     8  2002        4.92
     6     8  2002        0.20
     7     8  2002        1.78
     8     8  2002        0.79
     9     8  2002        1.96
    10     8  2002        0.60
    11     8  2002        0.00
    12     8  2002        0.20
    13     8  2002        5.35
    14     8  2002        3.97
    15     8  2002        2.57
    16     8  2002        1.77
    17     8  2002        1.57
    18     8  2002        0.39
    19     8  2002        2.76
    20     8  2002        0.62
    21     8  2002        0.40
    22     8  2002        0.00
    23     8  2002        2.94
    24     8  2002        1.18
    25     8  2002        4.33
    26     8  2002        5.89
    27     8  2002        2.19
    28     8  2002        0.40
    29     8  2002        1.19
    30     8  2002        0.20
    31     8  2002        2.37
     1     9  2002        0.59
     2     9  2002        0.62
     3     9  2002        0.20
     4     9  2002        1.21
     5     9  2002        0.79
     6     9  2002        4.33
     7     9  2002        0.59
     8     9  2002        0.00
     9     9  2002        0.00
    10     9  2002        7.08
    11     9  2002        1.01
    12     9  2002        0.82
    13     9  2002        4.92
    14     9  2002        8.46
    15     9  2002        8.05
    16     9  2002       11.01
    17     9  2002        3.37
    18     9  2002        6.67
    19     9  2002        6.88
    20     9  2002        7.09
    21     9  2002        8.85
    22     9  2002        3.93
    23     9  2002        6.49
    24     9  2002        2.55
    25     9  2002        4.56
    26     9  2002       12.18
    27     9  2002        3.75
    28     9  2002        2.76
    29     9  2002       11.41
    30     9  2002       21.08
     1    10  2002       10.22
     2    10  2002       28.90
     3    10  2002        7.67
     4    10  2002        0.99
     5    10  2002        0.00
     6    10  2002        0.00
     7    10  2002        0.00
     8    10  2002        0.20
     9    10  2002        5.10
    10    10  2002        4.72
    11    10  2002        1.38
    12    10  2002        2.16
    13    10  2002       11.20
    14    10  2002       11.41
    15    10  2002        5.71
    16    10  2002        1.97
    17    10  2002        1.77
    18    10  2002        0.00
    19    10  2002        1.57
    20    10  2002        6.10
    21    10  2002        0.82
    22    10  2002        0.00
    23    10  2002        0.20
    24    10  2002        0.60
    25    10  2002        0.00
    26    10  2002        0.00
    27    10  2002        0.00
    28    10  2002        0.00
    29    10  2002        0.00
    30    10  2002        0.00
    31    10  2002        0.00
     1    11  2002        0.00
     2    11  2002        1.58
     3    11  2002        0.20
     4    11  2002        0.20
     5    11  2002        0.00
     6    11  2002        0.20
     7    11  2002        0.00
     8    11  2002        0.20
     9    11  2002        0.00
    10    11  2002        0.00
    11    11  2002        0.00
    12    11  2002        0.00
    13    11  2002        0.00
    14    11  2002        0.00
    15    11  2002        0.00
    16    11  2002        0.00
    17    11  2002        0.20
    18    11  2002        0.00
    19    11  2002        0.00
    20    11  2002        0.00
    21    11  2002        0.00
    22    11  2002        0.00
    23    11  2002        0.00
    24    11  2002        0.00
    25    11  2002        0.00
    26    11  2002        0.00
    27    11  2002        0.00
    28    11  2002        0.00
    29    11  2002        0.00
    30    11  2002        0.00
     1    12  2002        0.00
     2    12  2002        0.00
     3    12  2002        0.00
     4    12  2002        0.00
     5    12  2002        0.00
     6    12  2002        0.00
     7    12  2002        0.00
     8    12  2002        0.00
     9    12  2002        0.00
    10    12  2002        1.01
    11    12  2002        0.82
    12    12  2002        0.20
    13    12  2002        0.00
    14    12  2002        0.00
    15    12  2002        0.00
    16    12  2002        0.00
    17    12  2002        0.00
    18    12  2002        0.00
    19    12  2002        0.00
    20    12  2002        0.00
    21    12  2002        0.20
    22    12  2002        0.79
    23    12  2002        0.40
    24    12  2002        0.00
    25    12  2002        0.00
    26    12  2002        0.00
    27    12  2002        0.00
    28    12  2002        1.58
    29    12  2002        0.20
    30    12  2002        0.40
    31    12  2002        1.21
     1     1  2003        1.96
     2     1  2003        0.00
     3     1  2003        2.16
     4     1  2003        0.20
     5     1  2003        0.00
     6     1  2003        9.64
     7     1  2003        2.16
     8     1  2003        1.77
     9     1  2003        0.00
    10     1  2003        0.00
    11     1  2003        0.42
    12     1  2003        0.00
    13     1  2003        0.00
    14     1  2003        0.20
    15     1  2003        0.20
    16     1  2003        3.34
    17     1  2003        0.20
    18     1  2003        0.40
    19     1  2003        0.62
    20     1  2003        1.58
    21     1  2003        0.40
    22     1  2003        0.20
    23     1  2003        0.00
    24     1  2003        0.00
    25     1  2003        0.62
    26     1  2003        0.00
    27     1  2003        0.00
    28     1  2003        0.20
    29     1  2003        0.00
    30     1  2003        0.20
    31     1  2003        0.62
     1     2  2003        0.00
     2     2  2003        0.00
     3     2  2003        0.00
     4     2  2003        0.00
     5     2  2003        0.00
     6     2  2003        0.00
     7     2  2003        0.00
     8     2  2003        0.00
     9     2  2003        0.00
    10     2  2003        0.00
    11     2  2003        0.00
    12     2  2003        0.00
    13     2  2003        0.00
    14     2  2003        0.00
    15     2  2003        0.00
    16     2  2003        0.00
    17     2  2003        0.00
    18     2  2003        0.00
    19     2  2003        0.00
    20     2  2003        0.00
    21     2  2003        0.00
    22     2  2003        0.98
    23     2  2003        0.00
    24     2  2003        0.00
    25     2  2003        0.00
    26     2  2003        0.00
    27     2  2003        0.00
    28     2  2003        0.00
     1     3  2003        0.00
     2     3  2003        0.00
     3     3  2003        0.00
     4     3  2003        0.00
     5     3  2003        0.00
     6     3  2003        0.00
     7     3  2003        0.00
     8     3  2003        0.00
     9     3  2003        0.00
    10     3  2003        0.00
    11     3  2003        0.00
    12     3  2003        0.00
    13     3  2003        0.00
    14     3  2003        0.00
    15     3  2003        0.00
    16     3  2003        0.00
    17     3  2003        0.00
    18     3  2003        0.00
    19     3  2003        0.20
    20     3  2003        0.00
    21     3  2003        0.00
    22     3  2003        0.00
    23     3  2003        0.00
    24     3  2003        0.00
    25     3  2003        0.00
    26     3  2003        0.00
    27     3  2003        0.00
    28     3  2003        0.00
    29     3  2003        0.00
    30     3  2003        0.00
    31     3  2003        0.00
     1     4  2003        0.00
     2     4  2003        0.79
     3     4  2003        0.00
     4     4  2003        0.39
     5     4  2003        0.59
     6     4  2003        0.20
     7     4  2003        0.00
     8     4  2003        0.00
     9     4  2003        0.00
    10     4  2003        0.79
    11     4  2003        0.00
    12     4  2003        0.00
    13     4  2003        0.00
    14     4  2003        0.00
    15     4  2003        0.00
    16     4  2003        0.00
    17     4  2003        0.00
    18     4  2003        0.00
    19     4  2003        0.00
    20     4  2003        0.00
    21     4  2003        2.56
    22     4  2003        0.40
    23     4  2003        1.77
    24     4  2003        0.20
    25     4  2003        0.00
    26     4  2003        0.00
    27     4  2003        0.59
    28     4  2003        0.00
    29     4  2003        0.20
    30     4  2003        0.00
     1     5  2003        0.00
     2     5  2003        1.57
     3     5  2003        0.00
     4     5  2003        0.40
     5     5  2003        1.38
     6     5  2003        0.00
     7     5  2003        0.00
     8     5  2003        0.00
     9     5  2003        0.00
    10     5  2003        0.00
    11     5  2003        0.00
    12     5  2003        0.00
    13     5  2003        0.00
    14     5  2003        0.00
    15     5  2003        0.00
    16     5  2003        0.00
    17     5  2003        0.00
    18     5  2003        3.55
    19     5  2003        2.16
    20     5  2003        0.00
    21     5  2003        0.00
    22     5  2003        0.00
    23     5  2003        0.20
    24     5  2003        0.00
    25     5  2003        0.59
    26     5  2003        0.82
    27     5  2003        0.20
    28     5  2003        0.00
    29     5  2003        1.58
    30     5  2003        0.20
    31     5  2003        0.00
     1     6  2003        0.00
     2     6  2003        0.00
     3     6  2003        0.00
     4     6  2003        0.00
     5     6  2003        0.00
     6     6  2003        0.00
     7     6  2003        0.00
     8     6  2003        0.00
     9     6  2003        0.20
    10     6  2003        0.00
    11     6  2003        0.00
    12     6  2003        0.00
    13     6  2003        0.00
    14     6  2003        0.00
    15     6  2003        0.39
    16     6  2003        0.00
    17     6  2003        0.00
    18     6  2003        0.59
    19     6  2003        0.20
    20     6  2003        0.00
    21     6  2003        0.20
    22     6  2003        0.00
    23     6  2003        0.00
    24     6  2003        0.00
    25     6  2003        0.00
    26     6  2003        0.00
    27     6  2003        0.00
    28     6  2003        0.00
    29     6  2003        0.00
    30     6  2003        0.00
     1     7  2003        0.00
     2     7  2003        0.00
     3     7  2003        0.00
     4     7  2003        0.00
     5     7  2003        0.79
     6     7  2003        0.00
     7     7  2003        0.20
     8     7  2003        1.99
     9     7  2003        0.99
    10     7  2003        0.20
    11     7  2003        0.00
    12     7  2003        0.39
    13     7  2003        1.77
    14     7  2003        0.20
    15     7  2003        0.00
    16     7  2003        0.00
    17     7  2003        0.20
    18     7  2003        0.00
    19     7  2003        0.00
    20     7  2003        0.00
    21     7  2003        0.00
    22     7  2003        0.00
    23     7  2003        0.00
    24     7  2003        0.00
    25     7  2003        0.00
    26     7  2003        0.00
    27     7  2003        0.00
    28     7  2003        0.00
    29     7  2003        0.00
    30     7  2003        0.00
    31     7  2003        0.00
     1     8  2003        0.00
     2     8  2003        0.00
     3     8  2003        0.00
     4     8  2003        0.00
     5     8  2003        0.00
     6     8  2003        0.00
     7     8  2003        0.20
     8     8  2003        0.20
     9     8  2003        0.00
    10     8  2003        0.00
    11     8  2003       14.87
    12     8  2003        0.00
    13     8  2003        0.00
    14     8  2003        0.00
    15     8  2003        0.00
    16     8  2003        0.00
    17     8  2003        0.00
    18     8  2003        0.00
    19     8  2003        0.00
    20     8  2003        0.00
    21     8  2003        0.00
    22     8  2003        0.00
    23     8  2003        0.00
    24     8  2003        2.37
    25     8  2003        1.18
    26     8  2003        0.00
    27     8  2003        0.00
    28     8  2003        0.00
    29     8  2003        0.00
    30     8  2003        0.00
    31     8  2003        0.20
     1     9  2003        0.79
     2     9  2003        0.00
     3     9  2003        0.20
     4     9  2003        0.00
     5     9  2003        0.98
     6     9  2003        0.59
     7     9  2003        0.59
     8     9  2003        0.00
     9     9  2003        0.00
    10     9  2003        0.00
    11     9  2003        0.00
    12     9  2003        0.00
    13     9  2003        0.00
    14     9  2003        0.00
    15     9  2003        0.00
    16     9  2003        0.00
    17     9  2003        0.00
    18     9  2003        0.00
    19     9  2003        0.00
    20     9  2003        0.00
    21     9  2003        0.00
    22     9  2003        0.00
    23     9  2003        0.00
    24     9  2003        0.00
    25     9  2003        0.00
    26     9  2003        0.79
    27     9  2003        2.59
    28     9  2003        0.00
    29     9  2003        0.00
    30     9  2003        0.00
     1    10  2003        0.00
     2    10  2003        0.00
     3    10  2003        0.00
     4    10  2003        0.00
     5    10  2003        0.00
     6    10  2003        0.00
     7    10  2003        0.00
     8    10  2003        0.00
     9    10  2003        0.00
    10    10  2003        0.00
    11    10  2003        0.00
    12    10  2003        0.00
    13    10  2003        0.00
    14    10  2003        0.00
    15    10  2003        0.00
    16    10  2003        0.00
    17    10  2003        0.00
    18    10  2003        2.96
    19    10  2003        4.77
    20    10  2003        0.00
    21    10  2003        0.63
    22    10  2003        2.20
    23    10  2003        4.92
    24    10  2003        0.00
    25    10  2003        0.00
    26    10  2003        0.00
    27    10  2003        0.00
    28    10  2003        0.00
    29    10  2003        0.00
    30    10  2003        0.00
    31    10  2003        0.00
     1    11  2003        0.00
     2    11  2003        0.20
     3    11  2003        0.42
     4    11  2003        0.20
     5    11  2003        8.47
     6    11  2003        3.55
     7    11  2003        5.54
     8    11  2003       16.33
     9    11  2003        5.90
    10    11  2003        0.00
    11    11  2003        0.00
    12    11  2003        0.00
    13    11  2003        0.00
    14    11  2003        0.00
    15    11  2003        0.00
    16    11  2003        0.00
    17    11  2003        0.00
    18    11  2003        0.00
    19    11  2003        1.38
    20    11  2003        0.00
    21    11  2003        0.00
    22    11  2003        0.00
    23    11  2003        0.00
    24    11  2003        0.20
    25    11  2003        0.00
    26    11  2003        0.00
    27    11  2003        0.00
    28    11  2003        0.00
    29    11  2003        0.20
    30    11  2003        0.00
     1    12  2003        0.00
     2    12  2003        0.00
     3    12  2003        0.00
     4    12  2003        0.00
     5    12  2003        0.00
     6    12  2003        0.00
     7    12  2003        0.00
     8    12  2003        0.00
     9    12  2003        0.00
    10    12  2003        0.20
    11    12  2003        0.00
    12    12  2003        0.00
    13    12  2003        0.00
    14    12  2003        0.00
    15    12  2003        0.00
    16    12  2003        0.00
    17    12  2003        0.00
    18    12  2003        0.00
    19    12  2003        0.00
    20    12  2003        0.00
    21    12  2003        0.00
    22    12  2003        0.00
    23    12  2003        0.00
    24    12  2003        0.00
    25    12  2003        1.02
    26    12  2003        1.57
    27    12  2003        0.40
    28    12  2003        1.01
    29    12  2003        0.59
    30    12  2003        0.00
    31    12  2003        0.59
     1     1  2004        0.20
     2     1  2004        0.20
     3     1  2004        0.59
     4     1  2004        0.40
     5     1  2004        0.79
     6     1  2004        1.97
     7     1  2004        0.62
     8     1  2004        0.00
     9     1  2004        0.40
    10     1  2004        0.42
    11     1  2004        0.20
    12     1  2004        0.00
    13     1  2004        0.00
    14     1  2004        0.00
    15     1  2004        0.20
    16     1  2004        0.00
    17     1  2004        0.00
    18     1  2004        0.00
    19     1  2004        0.00
    20     1  2004        0.00
    21     1  2004        0.00
    22     1  2004        0.39
    23     1  2004        6.30
    24     1  2004        0.00
    25     1  2004        0.42
    26     1  2004        0.00
    27     1  2004        0.00
    28     1  2004        0.00
    29     1  2004        0.00
    30     1  2004        0.00
    31     1  2004        0.00
     1     2  2004        0.00
     2     2  2004        0.79
     3     2  2004        0.00
     4     2  2004        0.00
     5     2  2004        0.40
     6     2  2004        0.00
     7     2  2004        0.00
     8     2  2004        0.00
     9     2  2004        0.00
    10     2  2004        0.00
    11     2  2004        0.42
    12     2  2004        0.00
    13     2  2004        0.00
    14     2  2004        0.00
    15     2  2004        0.00
    16     2  2004        0.00
    17     2  2004        0.20
    18     2  2004        0.20
    19     2  2004        0.00
    20     2  2004        0.98
    21     2  2004        0.00
    22     2  2004        0.00
    23     2  2004        0.00
    24     2  2004        0.00
    25     2  2004        0.00
    26     2  2004        0.00
    27     2  2004        4.92
    28     2  2004        0.40
    29     2  2004        0.00
     1     3  2004        6.09
     2     3  2004        3.75
     3     3  2004        0.00
     4     3  2004        0.00
     5     3  2004        3.35
     6     3  2004        0.20
     7     3  2004        1.97
     8     3  2004        0.40
     9     3  2004        0.40
    10     3  2004        0.20
    11     3  2004        0.00
    12     3  2004        4.33
    13     3  2004        3.93
    14     3  2004        0.99
    15     3  2004        3.17
    16     3  2004        0.20
    17     3  2004        3.34
    18     3  2004        0.00
    19     3  2004        0.00
    20     3  2004        4.92
    21     3  2004        0.20
    22     3  2004        0.00
    23     3  2004        0.00
    24     3  2004        0.00
    25     3  2004        0.00
    26     3  2004        0.82
    27     3  2004        0.20
    28     3  2004        0.20
    29     3  2004        0.00
    30     3  2004        0.00
    31     3  2004        0.00
     1     4  2004        0.20
     2     4  2004        0.00
     3     4  2004        0.00
     4     4  2004        0.20
     5     4  2004        0.00
     6     4  2004        0.00
     7     4  2004        0.00
     8     4  2004        1.77
     9     4  2004        0.20
    10     4  2004        0.00
    11     4  2004        0.00
    12     4  2004        0.00
    13     4  2004        0.00
    14     4  2004        0.00
    15     4  2004        0.00
    16     4  2004        0.00
    17     4  2004        0.00
    18     4  2004        0.00
    19     4  2004        0.00
    20     4  2004        0.00
    21     4  2004        0.00
    22     4  2004        0.60
    23     4  2004        0.20
    24     4  2004        0.00
    25     4  2004        0.00
    26     4  2004        0.00
    27     4  2004        0.00
    28     4  2004        0.20
    29     4  2004        0.00
    30     4  2004       11.71
     1     5  2004        1.58
     2     5  2004        0.39
     3     5  2004       15.91
     4     5  2004        4.33
     5     5  2004        0.20
     6     5  2004        0.00
     7     5  2004        8.07
     8     5  2004        1.21
     9     5  2004        0.00
    10     5  2004        8.86
    11     5  2004        0.00
    12     5  2004        8.48
    13     5  2004        0.59
    14     5  2004        0.20
    15     5  2004        2.55
    16     5  2004        5.89
    17     5  2004        8.87
    18     5  2004        7.07
    19     5  2004        6.68
    20     5  2004        4.35
    21     5  2004        0.59
    22     5  2004        0.00
    23     5  2004        8.66
    24     5  2004        1.60
    25     5  2004        0.00
    26     5  2004        0.00
    27     5  2004        0.00
    28     5  2004        0.00
    29     5  2004        0.00
    30     5  2004        0.00
    31     5  2004        0.00
     1     6  2004        0.00
     2     6  2004        0.20
     3     6  2004        0.00
     4     6  2004        1.57
     5     6  2004        0.00
     6     6  2004        0.00
     7     6  2004        0.00
     8     6  2004        0.59
     9     6  2004        0.00
    10     6  2004        0.00
    11     6  2004        0.00
    12     6  2004        0.00
    13     6  2004        0.00
    14     6  2004        0.20
    15     6  2004        0.00
    16     6  2004        0.00
    17     6  2004        0.00
    18     6  2004        0.00
    19     6  2004        0.00
    20     6  2004        1.97
    21     6  2004        0.40
    22     6  2004        0.00
    23     6  2004        0.62
    24     6  2004        0.00
    25     6  2004        0.20
    26     6  2004        0.82
    27     6  2004        3.35
    28     6  2004        1.77
    29     6  2004        3.94
    30     6  2004        0.39
     1     7  2004        2.56
     2     7  2004        3.93
     3     7  2004        0.79
     4     7  2004        0.20
     5     7  2004        1.97
     6     7  2004        0.20
     7     7  2004        0.00
     8     7  2004        0.00
     9     7  2004        2.55
    10     7  2004        2.16
    11     7  2004        0.00
    12     7  2004        0.00
    13     7  2004        0.62
    14     7  2004        0.00
    15     7  2004        0.00
    16     7  2004        0.20
    17     7  2004        8.67
    18     7  2004       18.70
    19     7  2004        1.98
    20     7  2004        4.33
    21     7  2004        6.11
    22     7  2004        0.82
    23     7  2004        0.00
    24     7  2004        0.20
    25     7  2004        0.40
    26     7  2004        1.97
    27     7  2004        3.15
    28     7  2004        0.00
    29     7  2004        0.00
    30     7  2004        0.20
    31     7  2004        0.00
     1     8  2004        0.00
     2     8  2004        0.00
     3     8  2004        0.00
     4     8  2004        0.00
     5     8  2004        0.00
     6     8  2004        0.00
     7     8  2004        0.00
     8     8  2004        0.00
     9     8  2004        0.00
    10     8  2004        0.00
    11     8  2004        0.99
    12     8  2004        0.00
    13     8  2004        0.00
    14     8  2004        0.00
    15     8  2004        0.00
    16     8  2004        1.18
    17     8  2004        0.98
    18     8  2004        0.60
    19     8  2004        0.00
    20     8  2004        0.20
    21     8  2004        0.00
    22     8  2004        0.20
    23     8  2004        0.00
    24     8  2004        0.00
    25     8  2004        0.00
    26     8  2004        0.20
    27     8  2004        0.00
    28     8  2004        0.00
    29     8  2004        0.00
    30     8  2004        0.20
    31     8  2004        0.00
     1     9  2004        0.00
     2     9  2004        0.00
     3     9  2004        0.00
     4     9  2004        0.00
     5     9  2004        0.00
     6     9  2004        0.00
     7     9  2004        0.00
     8     9  2004        0.00
     9     9  2004        0.00
    10     9  2004        0.00
    11     9  2004        0.00
    12     9  2004        0.00
    13     9  2004        0.00
    14     9  2004        0.00
    15     9  2004        0.00
    16     9  2004        0.00
    17     9  2004        0.00
    18     9  2004        0.00
    19     9  2004        0.20
    20     9  2004        0.42
    21     9  2004        0.00
    22     9  2004        0.00
    23     9  2004        2.45
    24     9  2004        0.00
    25     9  2004        0.00
    26     9  2004        0.00
    27     9  2004        0.00
    28     9  2004        0.00
    29     9  2004        0.00
    30     9  2004        0.00
     1    10  2004        0.20
     2    10  2004        0.00
     3    10  2004        0.00
     4    10  2004        0.00
     5    10  2004        0.00
     6    10  2004        0.00
     7    10  2004        0.40
     8    10  2004        0.00
     9    10  2004        0.99
    10    10  2004        0.00
    11    10  2004        0.20
    12    10  2004        0.00
    13    10  2004        0.00
    14    10  2004        0.98
    15    10  2004        0.00
    16    10  2004        1.25
    17    10  2004        0.00
    18    10  2004        0.00
    19    10  2004        0.00
    20    10  2004        0.00
    21    10  2004        0.00
    22    10  2004        0.00
    23    10  2004        0.00
    24    10  2004        0.00
    25    10  2004        0.00
    26    10  2004        0.00
    27    10  2004        0.00
    28    10  2004        0.00
    29    10  2004        0.00
    30    10  2004        0.00
    31    10  2004        0.20
     1    11  2004        0.00
     2    11  2004        0.00
     3    11  2004        0.20
     4    11  2004        0.00
     5    11  2004        0.00
     6    11  2004        1.58
     7    11  2004        1.18
     8    11  2004        5.95
     9    11  2004        1.57
    10    11  2004        0.79
    11    11  2004        0.00
    12    11  2004        0.42
    13    11  2004        2.76
    14    11  2004        0.59
    15    11  2004        0.00
    16    11  2004        0.82
    17    11  2004        6.29
    18    11  2004        4.93
    19    11  2004        1.41
    20    11  2004        0.00
    21    11  2004        1.58
    22    11  2004        5.11
    23    11  2004        0.42
    24    11  2004        0.20
    25    11  2004        3.73
    26    11  2004        0.00
    27    11  2004        0.00
    28    11  2004        1.97
    29    11  2004        1.98
    30    11  2004        0.00
     1    12  2004        0.20
     2    12  2004        5.31
     3    12  2004        0.99
     4    12  2004        1.22
     5    12  2004        0.60
     6    12  2004        1.40
     7    12  2004        0.20
     8    12  2004        0.00
     9    12  2004        0.00
    10    12  2004        0.00
    11    12  2004        0.00
    12    12  2004        0.00
    13    12  2004        0.00
    14    12  2004        0.00
    15    12  2004        0.00
    16    12  2004        0.00
    17    12  2004        0.00
    18    12  2004        0.00
    19    12  2004        0.42
    20    12  2004        0.00
    21    12  2004        0.00
    22    12  2004        0.00
    23    12  2004        1.01
    24    12  2004        0.00
    25    12  2004        1.77
    26    12  2004        4.13
    27    12  2004        4.91
    28    12  2004        0.62
    29    12  2004        0.40
    30    12  2004        0.00
    31    12  2004        0.00
     1     1  2005        3.56
     2     1  2005       11.21
     3     1  2005        0.20
     4     1  2005        0.00
     5     1  2005        2.59
     6     1  2005        6.50
     7     1  2005        2.39
     8     1  2005       11.78
     9     1  2005        6.09
    10     1  2005        2.37
    11     1  2005        0.00
    12     1  2005        0.20
    13     1  2005        0.00
    14     1  2005        0.42
    15     1  2005        0.20
    16     1  2005        0.60
    17     1  2005        0.82
    18     1  2005        0.40
    19     1  2005        0.20
    20     1  2005        2.35
    21     1  2005        4.71
    22     1  2005        0.60
    23     1  2005        1.02
    24     1  2005        0.40
    25     1  2005        0.00
    26     1  2005        0.00
    27     1  2005        0.00
    28     1  2005        0.00
    29     1  2005        0.00
    30     1  2005        0.00
    31     1  2005        0.00
     1     2  2005        0.00
     2     2  2005        0.00
     3     2  2005        1.38
     4     2  2005        0.59
     5     2  2005        0.00
     6     2  2005        0.00
     7     2  2005        0.00
     8     2  2005        0.00
     9     2  2005        0.42
    10     2  2005        3.94
    11     2  2005        0.00
    12     2  2005        8.69
    13     2  2005        5.32
    14     2  2005        3.35
    15     2  2005        0.82
    16     2  2005        0.79
    17     2  2005        0.00
    18     2  2005        0.00
    19     2  2005        0.00
    20     2  2005        0.00
    21     2  2005        0.00
    22     2  2005        0.20
    23     2  2005        0.20
    24     2  2005        0.79
    25     2  2005        0.20
    26     2  2005        1.78
    27     2  2005        3.34
    28     2  2005        0.81
     1     3  2005        0.00
     2     3  2005        0.00
     3     3  2005        0.00
     4     3  2005        0.00
     5     3  2005        1.80
     6     3  2005        1.57
     7     3  2005        1.77
     8     3  2005        0.00
     9     3  2005        0.79
    10     3  2005        0.00
    11     3  2005        0.79
    12     3  2005        0.00
    13     3  2005        0.00
    14     3  2005        0.00
    15     3  2005        0.00
    16     3  2005        0.39
    17     3  2005        0.00
    18     3  2005        0.59
    19     3  2005        0.00
    20     3  2005        0.00
    21     3  2005        0.00
    22     3  2005        0.59
    23     3  2005        2.95
    24     3  2005        0.99
    25     3  2005        0.98
    26     3  2005        0.20
    27     3  2005        0.99
    28     3  2005        0.59
    29     3  2005        0.40
    30     3  2005        0.00
    31     3  2005        1.18
     1     4  2005        2.17
     2     4  2005        0.39
     3     4  2005        0.00
     4     4  2005        0.59
     5     4  2005        0.00
     6     4  2005        0.39
     7     4  2005        0.20
     8     4  2005        0.00
     9     4  2005        3.15
    10     4  2005        0.00
    11     4  2005        1.38
    12     4  2005        0.39
    13     4  2005        0.99
    14     4  2005        0.80
    15     4  2005       12.01
    16     4  2005        1.21
    17     4  2005        2.75
    18     4  2005        3.35
    19     4  2005        0.00
    20     4  2005        0.59
    21     4  2005        0.79
    22     4  2005        0.00
    23     4  2005        0.20
    24     4  2005        0.40
    25     4  2005        0.39
    26     4  2005        0.00
    27     4  2005        0.00
    28     4  2005        0.39
    29     4  2005        0.00
    30     4  2005        0.20
     1     5  2005        2.37
     2     5  2005        0.59
     3     5  2005        0.00
     4     5  2005        0.00
     5     5  2005        0.82
     6     5  2005        0.00
     7     5  2005        0.00
     8     5  2005        0.00
     9     5  2005        0.00
    10     5  2005        1.19
    11     5  2005        0.00
    12     5  2005        0.00
    13     5  2005        0.99
    14     5  2005        0.40
    15     5  2005        0.39
    16     5  2005        0.00
    17     5  2005        0.00
    18     5  2005        0.00
    19     5  2005        0.00
    20     5  2005        0.00
    21     5  2005        0.00
    22     5  2005        0.00
    23     5  2005        0.00
    24     5  2005        0.00
    25     5  2005        0.20
    26     5  2005        0.00
    27     5  2005        0.00
    28     5  2005        0.20
    29     5  2005        0.00
    30     5  2005        0.00
    31     5  2005        0.00
     1     6  2005        0.00
     2     6  2005        0.20
     3     6  2005        0.98
     4     6  2005        0.00
     5     6  2005        0.20
     6     6  2005        0.40
     7     6  2005        2.95
     8     6  2005        0.62
     9     6  2005        0.40
    10     6  2005        2.36
    11     6  2005        0.00
    12     6  2005        0.40
    13     6  2005        0.60
    14     6  2005        0.20
    15     6  2005        0.00
    16     6  2005        0.79
    17     6  2005        0.39
    18     6  2005        0.59
    19     6  2005        1.58
    20     6  2005        0.62
    21     6  2005        0.00
    22     6  2005        1.99
    23     6  2005        0.60
    24     6  2005        0.00
    25     6  2005        0.00
    26     6  2005        0.00
    27     6  2005        0.00
    28     6  2005        0.00
    29     6  2005        0.00
    30     6  2005        0.00
     1     7  2005        0.00
     2     7  2005        0.00
     3     7  2005        0.00
     4     7  2005        0.20
     5     7  2005        0.39
     6     7  2005        0.00
     7     7  2005        0.00
     8     7  2005        0.98
     9     7  2005        0.20
    10     7  2005        0.00
    11     7  2005        0.00
    12     7  2005        0.00
    13     7  2005        0.42
    14     7  2005        2.56
    15     7  2005        0.00
    16     7  2005        0.00
    17     7  2005        2.95
    18     7  2005        0.42
    19     7  2005        0.00
    20     7  2005        0.00
    21     7  2005        0.00
    22     7  2005        0.00
    23     7  2005        0.00
    24     7  2005        0.00
    25     7  2005        0.00
    26     7  2005        0.00
    27     7  2005        0.00
    28     7  2005        0.00
    29     7  2005        0.00
    30     7  2005        0.20
    31     7  2005        0.39
     1     8  2005        0.00
     2     8  2005        1.01
     3     8  2005        0.59
     4     8  2005        0.00
     5     8  2005        0.20
     6     8  2005        0.20
     7     8  2005        0.00
     8     8  2005        0.20
     9     8  2005        0.00
    10     8  2005        0.00
    11     8  2005        0.00
    12     8  2005        0.00
    13     8  2005        0.00
    14     8  2005        0.00
    15     8  2005        0.00
    16     8  2005        0.00
    17     8  2005        0.42
    18     8  2005        0.00
    19     8  2005        0.00
    20     8  2005        0.00
    21     8  2005        0.00
    22     8  2005        0.00
    23     8  2005        0.00
    24     8  2005        0.00
    25     8  2005        1.59
    26     8  2005        0.00
    27     8  2005        0.00
    28     8  2005        0.00
    29     8  2005        0.00
    30     8  2005        0.00
    31     8  2005        0.00
     1     9  2005        0.00
     2     9  2005        0.00
     3     9  2005        0.00
     4     9  2005        1.21
     5     9  2005        1.18
     6     9  2005        1.18
     7     9  2005        0.39
     8     9  2005        2.77
     9     9  2005        1.38
    10     9  2005        1.61
    11     9  2005        2.16
    12     9  2005        0.00
    13     9  2005        1.01
    14     9  2005        0.00
    15     9  2005        0.00
    16     9  2005        0.00
    17     9  2005        0.20
    18     9  2005        0.39
    19     9  2005        0.00
    20     9  2005        0.00
    21     9  2005        0.00
    22     9  2005        0.00
    23     9  2005        0.39
    24     9  2005        1.18
    25     9  2005        0.00
    26     9  2005        0.00
    27     9  2005        0.00
    28     9  2005        0.20
    29     9  2005        0.82
    30     9  2005        2.96
     1    10  2005        3.93
     2    10  2005        1.38
     3    10  2005        2.75
     4    10  2005        2.16
     5    10  2005        0.40
     6    10  2005        0.00
     7    10  2005        0.00
     8    10  2005        0.00
     9    10  2005        0.00
    10    10  2005        0.00
    11    10  2005        0.00
    12    10  2005        0.00
    13    10  2005        0.00
    14    10  2005        0.00
    15    10  2005        0.00
    16    10  2005        0.00
    17    10  2005        0.00
    18    10  2005        0.00
    19    10  2005        0.00
    20    10  2005        0.00
    21    10  2005        0.00
    22    10  2005        0.00
    23    10  2005        0.00
    24    10  2005        0.00
    25    10  2005        0.00
    26    10  2005        0.00
    27    10  2005        0.40
    28    10  2005        1.18
    29    10  2005        0.00
    30    10  2005        0.79
    31    10  2005        0.99
     1    11  2005        0.59
     2    11  2005        0.00
     3    11  2005        0.00
     4    11  2005        0.00
     5    11  2005        0.00
     6    11  2005        0.00
     7    11  2005        0.00
     8    11  2005        0.00
     9    11  2005        0.00
    10    11  2005        0.00
    11    11  2005        0.00
    12    11  2005        0.00
    13    11  2005        0.00
    14    11  2005        0.00
    15    11  2005        0.00
    16    11  2005        0.00
    17    11  2005        0.00
    18    11  2005        0.00
    19    11  2005        0.00
    20    11  2005        0.00
    21    11  2005        0.00
    22    11  2005        0.00
    23    11  2005        0.00
    24    11  2005        0.00
    25    11  2005        0.00
    26    11  2005        0.20
    27    11  2005        0.00
    28    11  2005        0.00
    29    11  2005        1.18
    30    11  2005        0.40
     1    12  2005        0.00
     2    12  2005        0.00
     3    12  2005        0.00
     4    12  2005        0.00
     5    12  2005        0.00
     6    12  2005        0.00
     7    12  2005        0.00
     8    12  2005        0.00
     9    12  2005        0.00
    10    12  2005        0.00
    11    12  2005        0.00
    12    12  2005        0.00
    13    12  2005        0.00
    14    12  2005        0.00
    15    12  2005        0.00
    16    12  2005        0.00
    17    12  2005        0.00
    18    12  2005        0.00
    19    12  2005        0.00
    20    12  2005        0.00
    21    12  2005        0.00
    22    12  2005        0.00
    23    12  2005        0.99
    24    12  2005        0.20
    25    12  2005        0.00
    26    12  2005        0.00
    27    12  2005        0.00
    28    12  2005        0.00
    29    12  2005        0.00
    30    12  2005        0.00
    31    12  2005        0.00
     1     1  2006        0.00
     2     1  2006        0.00
     3     1  2006        0.00
     4     1  2006        0.00
     5     1  2006        0.00
     6     1  2006        0.00
     7     1  2006        0.00
     8     1  2006        0.00
     9     1  2006        0.00
    10     1  2006        0.00
    11     1  2006        0.00
    12     1  2006        0.00
    13     1  2006        0.00
    14     1  2006        0.00
    15     1  2006        0.00
    16     1  2006        0.00
    17     1  2006        0.00
    18     1  2006        0.00
    19     1  2006        0.00
    20     1  2006        0.00
    21     1  2006        0.00
    22     1  2006        0.00
    23     1  2006        0.00
    24     1  2006        0.00
    25     1  2006        0.00
    26     1  2006        0.00
    27     1  2006        0.00
    28     1  2006        0.00
    29     1  2006        0.00
    30     1  2006        0.00
    31     1  2006        0.00
     1     2  2006        0.00
     2     2  2006        0.00
     3     2  2006        0.00
     4     2  2006        0.39
     5     2  2006        0.00
     6     2  2006        0.20
     7     2  2006        0.00
     8     2  2006        0.00
     9     2  2006        0.00
    10     2  2006        0.00
    11     2  2006        0.00
    12     2  2006        0.00
    13     2  2006        0.00
    14     2  2006        0.00
    15     2  2006        0.00
    16     2  2006        0.00
    17     2  2006        1.77
    18     2  2006        0.00
    19     2  2006        0.00
    20     2  2006        0.99
    21     2  2006        0.00
    22     2  2006        1.18
    23     2  2006        0.00
    24     2  2006        0.00
    25     2  2006        0.40
    26     2  2006        0.20
    27     2  2006        0.00
    28     2  2006        0.00
     1     3  2006        1.05
     2     3  2006        0.20
     3     3  2006        0.00
     4     3  2006        1.87
     5     3  2006        0.00
     6     3  2006        0.00
     7     3  2006        0.00
     8     3  2006        0.00
     9     3  2006        0.00
    10     3  2006        0.00
    11     3  2006        0.00
    12     3  2006        0.00
    13     3  2006        0.00
    14     3  2006        0.00
    15     3  2006        0.00
    16     3  2006        0.00
    17     3  2006        0.00
    18     3  2006        0.00
    19     3  2006        0.00
    20     3  2006        0.59
    21     3  2006        0.40
    22     3  2006        0.00
    23     3  2006        0.00
    24     3  2006        0.81
    25     3  2006        0.60
    26     3  2006        0.59
    27     3  2006        0.79
    28     3  2006        0.99
    29     3  2006        0.00
    30     3  2006        0.00
    31     3  2006        0.00
     1     4  2006        0.20
     2     4  2006        1.77
     3     4  2006        1.99
     4     4  2006        0.40
     5     4  2006        1.80
     6     4  2006        0.99
     7     4  2006        1.77
     8     4  2006        1.98
     9     4  2006        1.02
    10     4  2006        0.40
    11     4  2006        0.79
    12     4  2006        2.37
    13     4  2006        2.58
    14     4  2006        3.54
    15     4  2006        2.35
    16     4  2006        0.82
    17     4  2006        0.00
    18     4  2006        0.99
    19     4  2006        0.00
    20     4  2006        0.20
    21     4  2006        0.80
    22     4  2006        1.02
    23     4  2006        1.18
    24     4  2006        0.00
    25     4  2006        0.20
    26     4  2006        0.20
    27     4  2006        0.20
    28     4  2006        0.62
    29     4  2006        1.96
    30     4  2006        3.37
     1     5  2006        1.99
     2     5  2006        0.79
     3     5  2006        1.01
     4     5  2006        0.20
     5     5  2006        0.40
     6     5  2006        1.18
     7     5  2006        0.20
     8     5  2006        0.00
     9     5  2006        0.59
    10     5  2006        2.56
    11     5  2006        1.37
    12     5  2006        2.78
    13     5  2006        2.17
    14     5  2006        3.35
    15     5  2006        0.00
    16     5  2006        4.36
    17     5  2006        4.53
    18     5  2006        0.20
    19     5  2006        0.00
    20     5  2006        0.00
    21     5  2006        0.00
    22     5  2006        0.00
    23     5  2006        0.00
    24     5  2006        0.00
    25     5  2006        0.20
    26     5  2006        0.00
    27     5  2006        0.00
    28     5  2006        0.00
    29     5  2006        0.00
    30     5  2006        0.00
    31     5  2006        0.00
     1     6  2006        0.00
     2     6  2006        0.00
     3     6  2006        0.00
     4     6  2006        0.62
     5     6  2006        0.20
     6     6  2006        0.99
     7     6  2006        0.20
     8     6  2006        0.99
     9     6  2006        0.00
    10     6  2006        0.00
    11     6  2006        0.00
    12     6  2006        0.00
    13     6  2006        0.00
    14     6  2006        0.00
    15     6  2006        0.00
    16     6  2006        0.20
    17     6  2006        0.00
    18     6  2006        0.00
    19     6  2006        0.20
    20     6  2006        0.40
    21     6  2006        1.60
    22     6  2006        0.62
    23     6  2006        0.20
    24     6  2006        0.20
    25     6  2006        0.00
    26     6  2006        0.20
    27     6  2006        2.17
    28     6  2006        4.51
    29     6  2006        1.61
    30     6  2006        0.99
     1     7  2006        1.19
     2     7  2006        0.00
     3     7  2006        4.13
     4     7  2006        0.20
     5     7  2006        0.79
     6     7  2006        1.77
     7     7  2006        0.00
     8     7  2006        3.15
     9     7  2006        0.00
    10     7  2006        0.00
    11     7  2006        0.00
    12     7  2006        0.00
    13     7  2006        0.00
    14     7  2006        0.00
    15     7  2006        0.00
    16     7  2006        0.79
    17     7  2006        0.42
    18     7  2006        0.00
    19     7  2006        0.20
    20     7  2006        0.00
    21     7  2006        0.00
    22     7  2006        0.00
    23     7  2006        0.20
    24     7  2006        0.00
    25     7  2006        0.20
    26     7  2006        1.77
    27     7  2006        0.00
    28     7  2006        0.00
    29     7  2006        0.20
    30     7  2006        0.99
    31     7  2006        2.37
     1     8  2006        1.78
     2     8  2006        0.00
     3     8  2006        2.16
     4     8  2006        0.40
     5     8  2006        0.20
     6     8  2006        0.00
     7     8  2006        0.20
     8     8  2006        0.99
     9     8  2006        0.81
    10     8  2006        0.00
    11     8  2006        3.54
    12     8  2006        0.59
    13     8  2006        1.38
    14     8  2006        0.59
    15     8  2006        1.18
    16     8  2006        0.00
    17     8  2006        0.00
    18     8  2006        0.00
    19     8  2006        0.00
    20     8  2006        1.97
    21     8  2006        0.00
    22     8  2006        0.00
    23     8  2006        0.00
    24     8  2006        0.00
    25     8  2006        0.00
    26     8  2006        0.00
    27     8  2006        0.00
    28     8  2006        0.00
    29     8  2006        0.00
    30     8  2006        0.00
    31     8  2006        0.00
     1     9  2006        0.00
     2     9  2006        0.79
     3     9  2006        0.00
     4     9  2006        0.42
     5     9  2006        0.20
     6     9  2006        0.00
     7     9  2006        0.00
     8     9  2006        0.00
     9     9  2006        0.00
    10     9  2006        1.63
    11     9  2006        2.37
    12     9  2006        0.20
    13     9  2006        0.00
    14     9  2006        0.00
    15     9  2006        0.00
    16     9  2006        0.00
    17     9  2006        0.00
    18     9  2006        0.00
    19     9  2006        0.39
    20     9  2006        0.40
    21     9  2006        2.96
    22     9  2006        0.20
    23     9  2006        0.00
    24     9  2006        1.77
    25     9  2006        0.79
    26     9  2006        0.40
    27     9  2006        0.79
    28     9  2006        0.00
    29     9  2006        0.40
    30     9  2006        0.20
     1    10  2006        0.00
     2    10  2006        0.00
     3    10  2006        0.00
     4    10  2006        0.00
     5    10  2006        0.00
     6    10  2006        0.00
     7    10  2006        2.95
     8    10  2006        0.00
     9    10  2006        0.20
    10    10  2006        0.00
    11    10  2006        0.00
    12    10  2006        0.20
    13    10  2006        0.00
    14    10  2006        0.82
    15    10  2006        0.20
    16    10  2006        0.79
    17    10  2006        0.42
    18    10  2006        0.39
    19    10  2006        0.00
    20    10  2006        0.00
    21    10  2006        0.00
    22    10  2006        0.59
    23    10  2006        0.00
    24    10  2006        0.79
    25    10  2006        5.50
    26    10  2006        2.95
    27    10  2006        4.92
    28    10  2006        0.20
    29    10  2006        0.20
    30    10  2006        0.00
    31    10  2006        0.00
     1    11  2006        0.00
     2    11  2006        0.00
     3    11  2006        0.00
     4    11  2006        0.00
     5    11  2006        0.00
     6    11  2006        0.00
     7    11  2006        0.00
     8    11  2006        0.00
     9    11  2006        0.00
    10    11  2006        0.00
    11    11  2006        0.00
    12    11  2006        0.00
    13    11  2006        0.00
    14    11  2006        0.00
    15    11  2006        0.00
    16    11  2006        0.00
    17    11  2006        0.39
    18    11  2006        0.62
    19    11  2006        0.20
    20    11  2006        0.00
    21    11  2006        0.00
    22    11  2006        0.20
    23    11  2006        2.48
    24    11  2006        5.61
    25    11  2006        0.00
    26    11  2006        3.74
    27    11  2006        0.20
    28    11  2006        0.00
    29    11  2006        0.00
    30    11  2006        0.00
     1    12  2006        0.00
     2    12  2006        0.00
     3    12  2006        0.00
     4    12  2006        0.20
     5    12  2006        0.79
     6    12  2006        0.00
     7    12  2006        0.59
     8    12  2006        1.61
     9    12  2006        1.37
    10    12  2006        0.79
    11    12  2006        0.20
    12    12  2006        1.57
    13    12  2006        1.18
    14    12  2006        0.39
    15    12  2006        0.40
    16    12  2006        0.00
    17    12  2006        0.00
    18    12  2006        0.40
    19    12  2006        0.00
    20    12  2006        0.00
    21    12  2006        0.20
    22    12  2006        0.00
    23    12  2006        0.00
    24    12  2006        0.00
    25    12  2006        0.00
    26    12  2006        0.00
    27    12  2006        0.00
    28    12  2006        0.00
    29    12  2006        0.00
    30    12  2006        0.20
    31    12  2006        0.00
     1     1  2007        0.20
     2     1  2007        0.00
     3     1  2007        0.00
     4     1  2007        0.00
     5     1  2007        0.00
     6     1  2007        0.00
     7     1  2007        0.00
     8     1  2007        0.20
     9     1  2007        0.00
    10     1  2007        0.00
    11     1  2007        0.00
    12     1  2007        0.00
    13     1  2007        0.00
    14     1  2007        0.00
    15     1  2007        0.00
    16     1  2007        0.00
    17     1  2007        0.00
