     1     1  2001        0.00
     2     1  2001        0.00
     3     1  2001        0.00
     4     1  2001        0.00
     5     1  2001        0.00
     6     1  2001        0.00
     7     1  2001        0.00
     8     1  2001        0.00
     9     1  2001        0.00
    10     1  2001        0.00
    11     1  2001        0.00
    12     1  2001        2.56
    13     1  2001        0.00
    14     1  2001        0.00
    15     1  2001        0.00
    16     1  2001        0.00
    17     1  2001        0.00
    18     1  2001        0.00
    19     1  2001        0.00
    20     1  2001        0.00
    21     1  2001        0.00
    22     1  2001        0.00
    23     1  2001        0.00
    24     1  2001        0.20
    25     1  2001        0.00
    26     1  2001        0.00
    27     1  2001        0.20
    28     1  2001        0.20
    29     1  2001        0.00
    30     1  2001        0.00
    31     1  2001        0.00
     1     2  2001        0.20
     2     2  2001        4.92
     3     2  2001        0.20
     4     2  2001        0.00
     5     2  2001        0.00
     6     2  2001        0.00
     7     2  2001        0.00
     8     2  2001        0.00
     9     2  2001        0.00
    10     2  2001        0.00
    11     2  2001        0.00
    12     2  2001        0.00
    13     2  2001        0.00
    14     2  2001        0.00
    15     2  2001        0.00
    16     2  2001        0.20
    17     2  2001        0.00
    18     2  2001        4.75
    19     2  2001        4.52
    20     2  2001        1.58
    21     2  2001        0.00
    22     2  2001        0.00
    23     2  2001        0.00
    24     2  2001        0.99
    25     2  2001        0.79
    26     2  2001        0.00
    27     2  2001        1.02
    28     2  2001        0.20
     1     3  2001        0.00
     2     3  2001        0.00
     3     3  2001        0.00
     4     3  2001        0.00
     5     3  2001        0.00
     6     3  2001        0.00
     7     3  2001        0.00
     8     3  2001        0.00
     9     3  2001        0.00
    10     3  2001        0.00
    11     3  2001        0.00
    12     3  2001        0.00
    13     3  2001        0.00
    14     3  2001        0.20
    15     3  2001        0.00
    16     3  2001        0.79
    17     3  2001        1.58
    18     3  2001        0.00
    19     3  2001        0.98
    20     3  2001        0.00
    21     3  2001        0.20
    22     3  2001        0.00
    23     3  2001        0.00
    24     3  2001        0.00
    25     3  2001        0.00
    26     3  2001        0.00
    27     3  2001        0.00
    28     3  2001        0.20
    29     3  2001        0.00
    30     3  2001        0.00
    31     3  2001        0.00
     1     4  2001        0.00
     2     4  2001        0.79
     3     4  2001        0.00
     4     4  2001        0.00
     5     4  2001        0.00
     6     4  2001        0.00
     7     4  2001        0.00
     8     4  2001        0.00
     9     4  2001        0.00
    10     4  2001        0.00
    11     4  2001        0.00
    12     4  2001        0.00
    13     4  2001        0.00
    14     4  2001        0.00
    15     4  2001        0.00
    16     4  2001        0.00
    17     4  2001        0.00
    18     4  2001        0.00
    19     4  2001        0.00
    20     4  2001        0.00
    21     4  2001        0.00
    22     4  2001        0.00
    23     4  2001        0.00
    24     4  2001        0.00
    25     4  2001        0.00
    26     4  2001        2.56
    27     4  2001        0.00
    28     4  2001        0.00
    29     4  2001        0.00
    30     4  2001        0.98
     1     5  2001        0.79
     2     5  2001        0.00
     3     5  2001        0.40
     4     5  2001        0.00
     5     5  2001        0.00
     6     5  2001        0.59
     7     5  2001        1.57
     8     5  2001        1.77
     9     5  2001        0.40
    10     5  2001        0.00
    11     5  2001        0.00
    12     5  2001        0.00
    13     5  2001        0.00
    14     5  2001        0.00
    15     5  2001        0.20
    16     5  2001        0.00
    17     5  2001        0.00
    18     5  2001        0.00
    19     5  2001        0.00
    20     5  2001        0.00
    21     5  2001        0.00
    22     5  2001        0.00
    23     5  2001        0.00
    24     5  2001        0.00
    25     5  2001        0.00
    26     5  2001        0.00
    27     5  2001        0.00
    28     5  2001        0.00
    29     5  2001        0.00
    30     5  2001        0.00
    31     5  2001        0.00
     1     6  2001        0.00
     2     6  2001        0.00
     3     6  2001        0.00
     4     6  2001        0.00
     5     6  2001        0.00
     6     6  2001        0.00
     7     6  2001        0.00
     8     6  2001        0.00
     9     6  2001        0.00
    10     6  2001        0.00
    11     6  2001        0.00
    12     6  2001        0.00
    13     6  2001        0.00
    14     6  2001        0.00
    15     6  2001        1.57
    16     6  2001        0.00
    17     6  2001        0.00
    18     6  2001        0.00
    19     6  2001        0.00
    20     6  2001        0.00
    21     6  2001        0.00
    22     6  2001        0.00
    23     6  2001        0.00
    24     6  2001        0.00
    25     6  2001        0.00
    26     6  2001        0.00
    27     6  2001        0.00
    28     6  2001        0.00
    29     6  2001        0.00
    30     6  2001        0.00
     1     7  2001        0.00
     2     7  2001        0.20
     3     7  2001        0.00
     4     7  2001        0.00
     5     7  2001        0.00
     6     7  2001        0.00
     7     7  2001        0.00
     8     7  2001        0.00
     9     7  2001        0.00
    10     7  2001        0.00
    11     7  2001        0.00
    12     7  2001        0.00
    13     7  2001        0.00
    14     7  2001        0.00
    15     7  2001        0.00
    16     7  2001        0.00
    17     7  2001        1.57
    18     7  2001        0.00
    19     7  2001        0.00
    20     7  2001        0.00
    21     7  2001        0.00
    22     7  2001        0.39
    23     7  2001        0.20
    24     7  2001        0.00
    25     7  2001        0.00
    26     7  2001        0.00
    27     7  2001        0.00
    28     7  2001        0.00
    29     7  2001        0.00
    30     7  2001        0.00
    31     7  2001        0.00
     1     8  2001        0.00
     2     8  2001        0.00
     3     8  2001        0.00
     4     8  2001        0.00
     5     8  2001        0.00
     6     8  2001        0.00
     7     8  2001        0.00
     8     8  2001        0.00
     9     8  2001        0.00
    10     8  2001        0.40
    11     8  2001        0.00
    12     8  2001        1.18
    13     8  2001        0.00
    14     8  2001        1.97
    15     8  2001        0.00
    16     8  2001        0.00
    17     8  2001        0.00
    18     8  2001        0.00
    19     8  2001        0.00
    20     8  2001        0.20
    21     8  2001        0.00
    22     8  2001        0.00
    23     8  2001        0.00
    24     8  2001        0.00
    25     8  2001        0.00
    26     8  2001        0.00
    27     8  2001        0.00
    28     8  2001        0.00
    29     8  2001        0.00
    30     8  2001        0.00
    31     8  2001        0.00
     1     9  2001        0.00
     2     9  2001        0.00
     3     9  2001        0.00
     4     9  2001        0.00
     5     9  2001        0.00
     6     9  2001        0.00
     7     9  2001        0.00
     8     9  2001        0.00
     9     9  2001        0.00
    10     9  2001        0.00
    11     9  2001        0.00
    12     9  2001        0.00
    13     9  2001        0.00
    14     9  2001        0.00
    15     9  2001        0.00
    16     9  2001        0.00
    17     9  2001        0.00
    18     9  2001        0.00
    19     9  2001        0.00
    20     9  2001        0.00
    21     9  2001        0.00
    22     9  2001        0.00
    23     9  2001        0.00
    24     9  2001        0.00
    25     9  2001        0.00
    26     9  2001        0.00
    27     9  2001        0.00
    28     9  2001        0.00
    29     9  2001        0.00
    30     9  2001        0.00
     1    10  2001        0.00
     2    10  2001        0.00
     3    10  2001        0.00
     4    10  2001        0.00
     5    10  2001        0.00
     6    10  2001        0.00
     7    10  2001        0.00
     8    10  2001        0.00
     9    10  2001        0.00
    10    10  2001        0.00
    11    10  2001        0.00
    12    10  2001        0.00
    13    10  2001        0.00
    14    10  2001        0.00
    15    10  2001        0.00
    16    10  2001        0.00
    17    10  2001        0.00
    18    10  2001        0.00
    19    10  2001        0.00
    20    10  2001        0.00
    21    10  2001        0.00
    22    10  2001        0.00
    23    10  2001        0.00
    24    10  2001        0.00
    25    10  2001        0.00
    26    10  2001        0.00
    27    10  2001        0.00
    28    10  2001        0.00
    29    10  2001        0.00
    30    10  2001        0.00
    31    10  2001        0.00
     1    11  2001        0.00
     2    11  2001        0.00
     3    11  2001        0.00
     4    11  2001        0.00
     5    11  2001        0.00
     6    11  2001        0.00
     7    11  2001        0.00
     8    11  2001        0.00
     9    11  2001        0.00
    10    11  2001        0.00
    11    11  2001        0.00
    12    11  2001        0.00
    13    11  2001        0.00
    14    11  2001        0.00
    15    11  2001        0.00
    16    11  2001        0.00
    17    11  2001        0.00
    18    11  2001        0.00
    19    11  2001        0.00
    20    11  2001        0.00
    21    11  2001        0.00
    22    11  2001        0.00
    23    11  2001        0.00
    24    11  2001        0.00
    25    11  2001        0.00
    26    11  2001        0.00
    27    11  2001        0.00
    28    11  2001        0.00
    29    11  2001        0.00
    30    11  2001        0.00
     1    12  2001        0.00
     2    12  2001        0.00
     3    12  2001        0.00
     4    12  2001        0.00
     5    12  2001        0.00
     6    12  2001        0.00
     7    12  2001        0.00
     8    12  2001        0.00
     9    12  2001        0.00
    10    12  2001        0.00
    11    12  2001        0.00
    12    12  2001        0.00
    13    12  2001        0.00
    14    12  2001        0.00
    15    12  2001        0.00
    16    12  2001        0.00
    17    12  2001        0.00
    18    12  2001        0.00
    19    12  2001        0.00
    20    12  2001        0.00
    21    12  2001        0.00
    22    12  2001        0.00
    23    12  2001        0.00
    24    12  2001        0.00
    25    12  2001        0.00
    26    12  2001        0.00
    27    12  2001        0.00
    28    12  2001        0.00
    29    12  2001        0.00
    30    12  2001        0.00
    31    12  2001        0.00
     1     1  2002        0.00
     2     1  2002        0.00
     3     1  2002        0.00
     4     1  2002        0.00
     5     1  2002        0.00
     6     1  2002        0.00
     7     1  2002        0.00
     8     1  2002        0.00
     9     1  2002        0.00
    10     1  2002        0.00
    11     1  2002        0.00
    12     1  2002        0.00
    13     1  2002        0.00
    14     1  2002        0.00
    15     1  2002        0.00
    16     1  2002        0.00
    17     1  2002        0.00
    18     1  2002        0.00
    19     1  2002        0.00
    20     1  2002        0.00
    21     1  2002        0.00
    22     1  2002        0.00
    23     1  2002        0.00
    24     1  2002        0.00
    25     1  2002        0.00
    26     1  2002        0.00
    27     1  2002        0.00
    28     1  2002        0.00
    29     1  2002        0.00
    30     1  2002        0.00
    31     1  2002        0.00
     1     2  2002        0.00
     2     2  2002        0.00
     3     2  2002        0.00
     4     2  2002        0.00
     5     2  2002        0.00
     6     2  2002        0.00
     7     2  2002        0.00
     8     2  2002        0.00
     9     2  2002        0.00
    10     2  2002        0.00
    11     2  2002        0.00
    12     2  2002        0.00
    13     2  2002        0.00
    14     2  2002        0.00
    15     2  2002        0.00
    16     2  2002        0.00
    17     2  2002        0.00
    18     2  2002        0.00
    19     2  2002        0.00
    20     2  2002        0.00
    21     2  2002        0.00
    22     2  2002        0.00
    23     2  2002        0.00
    24     2  2002        0.00
    25     2  2002        0.00
    26     2  2002        0.00
    27     2  2002        0.00
    28     2  2002        0.00
     1     3  2002        0.00
     2     3  2002        0.00
     3     3  2002        0.00
     4     3  2002        0.00
     5     3  2002        0.00
     6     3  2002        0.00
     7     3  2002        0.00
     8     3  2002        0.00
     9     3  2002        0.00
    10     3  2002        0.00
    11     3  2002        0.00
    12     3  2002        0.00
    13     3  2002        0.00
    14     3  2002        0.00
    15     3  2002        0.00
    16     3  2002        0.00
    17     3  2002        0.00
    18     3  2002        0.00
    19     3  2002        0.00
    20     3  2002        0.00
    21     3  2002        0.00
    22     3  2002        0.00
    23     3  2002        0.00
    24     3  2002        0.00
    25     3  2002        0.00
    26     3  2002        0.00
    27     3  2002        0.00
    28     3  2002        0.00
    29     3  2002        0.00
    30     3  2002        0.00
    31     3  2002        0.00
     1     4  2002        0.00
     2     4  2002        0.00
     3     4  2002        0.00
     4     4  2002        0.00
     5     4  2002        0.39
     6     4  2002        0.00
     7     4  2002        0.00
     8     4  2002        0.00
     9     4  2002        0.00
    10     4  2002        0.00
    11     4  2002        0.00
    12     4  2002        0.00
    13     4  2002        0.00
    14     4  2002        0.00
    15     4  2002        0.00
    16     4  2002        0.00
    17     4  2002        0.00
    18     4  2002        0.00
    19     4  2002        0.39
    20     4  2002        0.00
    21     4  2002        0.00
    22     4  2002        0.00
    23     4  2002        0.00
    24     4  2002        0.00
    25     4  2002        0.00
    26     4  2002        0.00
    27     4  2002        0.00
    28     4  2002        0.20
    29     4  2002        0.00
    30     4  2002        0.00
     1     5  2002        0.00
     2     5  2002        0.00
     3     5  2002        0.00
     4     5  2002        0.00
     5     5  2002        0.99
     6     5  2002        2.17
     7     5  2002       11.61
     8     5  2002       10.42
     9     5  2002        0.79
    10     5  2002        4.33
    11     5  2002        5.90
    12     5  2002        0.60
    13     5  2002        3.15
    14     5  2002        0.00
    15     5  2002        0.00
    16     5  2002        0.00
    17     5  2002        0.79
    18     5  2002        0.42
    19     5  2002        0.00
    20     5  2002        3.34
    21     5  2002        3.74
    22     5  2002        5.93
    23     5  2002        0.00
    24     5  2002        0.00
    25     5  2002        3.15
    26     5  2002        1.18
    27     5  2002        0.00
    28     5  2002        0.00
    29     5  2002        2.17
    30     5  2002        0.20
    31     5  2002        4.72
     1     6  2002        3.55
     2     6  2002        0.59
     3     6  2002        0.00
     4     6  2002        0.20
     5     6  2002        0.59
     6     6  2002        0.20
     7     6  2002        1.77
     8     6  2002        0.79
     9     6  2002        0.20
    10     6  2002        0.00
    11     6  2002        0.00
    12     6  2002        4.93
    13     6  2002        3.35
    14     6  2002        4.33
    15     6  2002        7.88
    16     6  2002        1.97
    17     6  2002        7.50
    18     6  2002        5.32
    19     6  2002        0.20
    20     6  2002        0.00
    21     6  2002        0.00
    22     6  2002        1.18
    23     6  2002        0.00
    24     6  2002        0.00
    25     6  2002        0.00
    26     6  2002        0.00
    27     6  2002        0.20
    28     6  2002        0.00
    29     6  2002        0.00
    30     6  2002        0.00
     1     7  2002        0.00
     2     7  2002        2.75
     3     7  2002        0.40
     4     7  2002        0.59
     5     7  2002        0.59
     6     7  2002        1.38
     7     7  2002       10.83
     8     7  2002        0.20
     9     7  2002        0.00
    10     7  2002        0.00
    11     7  2002        0.00
    12     7  2002        0.00
    13     7  2002        0.00
    14     7  2002        0.00
    15     7  2002        0.99
    16     7  2002        0.00
    17     7  2002        0.20
    18     7  2002        8.07
    19     7  2002       19.08
    20     7  2002        4.52
    21     7  2002        7.28
    22     7  2002       11.43
    23     7  2002        3.94
    24     7  2002        0.20
    25     7  2002        0.20
    26     7  2002        0.00
    27     7  2002       18.44
    28     7  2002        5.52
    29     7  2002        0.00
    30     7  2002        0.00
    31     7  2002        0.00
     1     8  2002        0.00
     2     8  2002        0.00
     3     8  2002        0.00
     4     8  2002        0.00
     5     8  2002        0.00
     6     8  2002        0.00
     7     8  2002        0.40
     8     8  2002        0.00
     9     8  2002        0.00
    10     8  2002        0.00
    11     8  2002        0.00
    12     8  2002        0.00
    13     8  2002        0.00
    14     8  2002        0.20
    15     8  2002        0.79
    16     8  2002        0.99
    17     8  2002        3.74
    18     8  2002        0.40
    19     8  2002        0.39
    20     8  2002        0.20
    21     8  2002        1.97
    22     8  2002        0.39
    23     8  2002        1.18
    24     8  2002        0.20
    25     8  2002        1.97
    26     8  2002        4.72
    27     8  2002        2.95
    28     8  2002        0.00
    29     8  2002        0.00
    30     8  2002        0.59
    31     8  2002        0.20
     1     9  2002        8.86
     2     9  2002        4.15
     3     9  2002        4.33
     4     9  2002       10.80
     5     9  2002        3.15
     6     9  2002        1.97
     7     9  2002        0.00
     8     9  2002        0.00
     9     9  2002        3.55
    10     9  2002        0.59
    11     9  2002        0.79
    12     9  2002        7.28
    13     9  2002        9.44
    14     9  2002       10.63
    15     9  2002       10.03
    16     9  2002       24.00
    17     9  2002        9.65
    18     9  2002       13.39
    19     9  2002        4.72
    20     9  2002        2.76
    21     9  2002        1.77
    22     9  2002        8.45
    23     9  2002       16.92
    24     9  2002       12.78
    25     9  2002       13.58
    26     9  2002        0.81
    27     9  2002        2.17
    28     9  2002        0.39
    29     9  2002        3.15
    30     9  2002        2.76
     1    10  2002        0.20
     2    10  2002        0.20
     3    10  2002        0.00
     4    10  2002        0.00
     5    10  2002        0.20
     6    10  2002        0.00
     7    10  2002        0.00
     8    10  2002        0.00
     9    10  2002        0.00
    10    10  2002        1.78
    11    10  2002        0.39
    12    10  2002        6.11
    13    10  2002        0.98
    14    10  2002        0.00
    15    10  2002        0.00
    16    10  2002        0.00
    17    10  2002        0.00
    18    10  2002        0.59
    19    10  2002        0.00
    20    10  2002        0.20
    21    10  2002        0.00
    22    10  2002        4.13
    23    10  2002        2.59
    24    10  2002        0.00
    25    10  2002        0.00
    26    10  2002        0.39
    27    10  2002        0.00
    28    10  2002        0.20
    29    10  2002        0.00
    30    10  2002        0.00
    31    10  2002        0.00
     1    11  2002        0.00
     2    11  2002        0.00
     3    11  2002        0.00
     4    11  2002        0.00
     5    11  2002        0.98
     6    11  2002        0.79
     7    11  2002        0.20
     8    11  2002        0.00
     9    11  2002        0.00
    10    11  2002        0.00
    11    11  2002        0.00
    12    11  2002        0.00
    13    11  2002        0.00
    14    11  2002        0.00
    15    11  2002        0.00
    16    11  2002        0.00
    17    11  2002        0.00
    18    11  2002        0.00
    19    11  2002        0.00
    20    11  2002        0.00
    21    11  2002        0.00
    22    11  2002        0.00
    23    11  2002        0.00
    24    11  2002        0.00
    25    11  2002        0.00
    26    11  2002        0.00
    27    11  2002        0.00
    28    11  2002        0.00
    29    11  2002        1.77
    30    11  2002        0.00
     1    12  2002        0.00
     2    12  2002        0.40
     3    12  2002        0.00
     4    12  2002        0.00
     5    12  2002        0.00
     6    12  2002        0.00
     7    12  2002        0.00
     8    12  2002        0.39
     9    12  2002        0.00
    10    12  2002        0.78
    11    12  2002        0.40
    12    12  2002        0.00
    13    12  2002        0.79
    14    12  2002        0.00
    15    12  2002        0.00
    16    12  2002        0.20
    17    12  2002        0.00
    18    12  2002        0.00
    19    12  2002        0.00
    20    12  2002        0.00
    21    12  2002        2.56
    22    12  2002        0.20
    23    12  2002        0.00
    24    12  2002        0.00
    25    12  2002        0.00
    26    12  2002        0.00
    27    12  2002        1.97
    28    12  2002        0.79
    29    12  2002        4.90
    30    12  2002       14.57
    31    12  2002       14.96
     1     1  2003        0.59
     2     1  2003        1.96
     3     1  2003        0.60
     4     1  2003        0.00
     5     1  2003        5.70
     6     1  2003        0.60
     7     1  2003        4.91
     8     1  2003        0.00
     9     1  2003        0.20
    10     1  2003        0.20
    11     1  2003        0.00
    12     1  2003        0.00
    13     1  2003        2.76
    14     1  2003        0.00
    15     1  2003        0.00
    16     1  2003        0.00
    17     1  2003        0.00
    18     1  2003        0.00
    19     1  2003        0.00
    20     1  2003        0.00
    21     1  2003        0.40
    22     1  2003        0.00
    23     1  2003        0.20
    24     1  2003        0.00
    25     1  2003        0.00
    26     1  2003        0.00
    27     1  2003        1.97
    28     1  2003        0.00
    29     1  2003        0.00
    30     1  2003        0.00
    31     1  2003        0.00
     1     2  2003        0.00
     2     2  2003        0.00
     3     2  2003        0.00
     4     2  2003        0.20
     5     2  2003        0.00
     6     2  2003        0.00
     7     2  2003        0.00
     8     2  2003        0.00
     9     2  2003        0.00
    10     2  2003        0.00
    11     2  2003        0.00
    12     2  2003        0.00
    13     2  2003        0.00
    14     2  2003        0.00
    15     2  2003        0.00
    16     2  2003        0.00
    17     2  2003        0.00
    18     2  2003        4.33
    19     2  2003       11.22
    20     2  2003        0.00
    21     2  2003        0.20
    22     2  2003        0.00
    23     2  2003        0.00
    24     2  2003        0.00
    25     2  2003        0.00
    26     2  2003        0.00
    27     2  2003        0.00
    28     2  2003        0.00
     1     3  2003        0.00
     2     3  2003        0.00
     3     3  2003        0.00
     4     3  2003        0.00
     5     3  2003        0.00
     6     3  2003        0.00
     7     3  2003        0.00
     8     3  2003        0.00
     9     3  2003        0.00
    10     3  2003        0.00
    11     3  2003        0.00
    12     3  2003        0.00
    13     3  2003        0.00
    14     3  2003        0.00
    15     3  2003        0.00
    16     3  2003        0.00
    17     3  2003        0.00
    18     3  2003        0.00
    19     3  2003        0.00
    20     3  2003        0.00
    21     3  2003        0.00
    22     3  2003        0.00
    23     3  2003        0.00
    24     3  2003        0.00
    25     3  2003        0.00
    26     3  2003        0.00
    27     3  2003        0.00
    28     3  2003        0.00
    29     3  2003        0.00
    30     3  2003        0.00
    31     3  2003        0.00
     1     4  2003        0.00
     2     4  2003        0.00
     3     4  2003        0.00
     4     4  2003        0.79
     5     4  2003        0.00
     6     4  2003        0.00
     7     4  2003        0.00
     8     4  2003        0.00
     9     4  2003        0.00
    10     4  2003        0.00
    11     4  2003        0.20
    12     4  2003        0.00
    13     4  2003        0.00
    14     4  2003        0.00
    15     4  2003        0.00
    16     4  2003        0.00
    17     4  2003        0.00
    18     4  2003        0.00
    19     4  2003        0.00
    20     4  2003        0.00
    21     4  2003        0.00
    22     4  2003        0.00
    23     4  2003        0.20
    24     4  2003        3.93
    25     4  2003        0.00
    26     4  2003        0.00
    27     4  2003        0.00
    28     4  2003        0.00
    29     4  2003        0.00
    30     4  2003        0.00
     1     5  2003        0.00
     2     5  2003        1.57
     3     5  2003        0.98
     4     5  2003        8.66
     5     5  2003        0.00
     6     5  2003        0.20
     7     5  2003        0.00
     8     5  2003        0.00
     9     5  2003        0.00
    10     5  2003        0.00
    11     5  2003        0.00
    12     5  2003        0.00
    13     5  2003        0.00
    14     5  2003        0.00
    15     5  2003        0.00
    16     5  2003        0.00
    17     5  2003        0.00
    18     5  2003        0.00
    19     5  2003        0.20
    20     5  2003        0.00
    21     5  2003        0.00
    22     5  2003        0.00
    23     5  2003        0.00
    24     5  2003        0.00
    25     5  2003        0.00
    26     5  2003        3.94
    27     5  2003        0.40
    28     5  2003        0.00
    29     5  2003        0.39
    30     5  2003        0.98
    31     5  2003        0.00
     1     6  2003        0.00
     2     6  2003        0.00
     3     6  2003        0.00
     4     6  2003        0.00
     5     6  2003        0.00
     6     6  2003        0.00
     7     6  2003        0.00
     8     6  2003        0.00
     9     6  2003        0.00
    10     6  2003        0.00
    11     6  2003        0.00
    12     6  2003        0.00
    13     6  2003        0.00
    14     6  2003        0.00
    15     6  2003        0.00
    16     6  2003        0.00
    17     6  2003        0.00
    18     6  2003        0.59
    19     6  2003        0.00
    20     6  2003        0.00
    21     6  2003        0.00
    22     6  2003        0.20
    23     6  2003        0.00
    24     6  2003        0.00
    25     6  2003        0.00
    26     6  2003        0.00
    27     6  2003        0.00
    28     6  2003        0.00
    29     6  2003        0.00
    30     6  2003        0.00
     1     7  2003        0.00
     2     7  2003        0.00
     3     7  2003        0.00
     4     7  2003        0.00
     5     7  2003        0.00
     6     7  2003        0.00
     7     7  2003        0.00
     8     7  2003       10.04
     9     7  2003        4.32
    10     7  2003        0.00
    11     7  2003        0.00
    12     7  2003        1.18
    13     7  2003        5.33
    14     7  2003        0.00
    15     7  2003        0.39
    16     7  2003        0.00
    17     7  2003        0.20
    18     7  2003        0.00
    19     7  2003        0.00
    20     7  2003        1.78
    21     7  2003        0.00
    22     7  2003        0.00
    23     7  2003        0.00
    24     7  2003        0.00
    25     7  2003        0.00
    26     7  2003        0.00
    27     7  2003        0.00
    28     7  2003        0.00
    29     7  2003        0.00
    30     7  2003        0.00
    31     7  2003        0.00
     1     8  2003        0.00
     2     8  2003        0.00
     3     8  2003        0.00
     4     8  2003        0.00
     5     8  2003        0.00
     6     8  2003        0.00
     7     8  2003        0.40
     8     8  2003        0.00
     9     8  2003        0.20
    10     8  2003        0.00
    11     8  2003        0.00
    12     8  2003        0.00
    13     8  2003        0.00
    14     8  2003        0.00
    15     8  2003        0.00
    16     8  2003        0.00
    17     8  2003        0.00
    18     8  2003        0.00
    19     8  2003        0.00
    20     8  2003        0.00
    21     8  2003        0.00
    22     8  2003        0.00
    23     8  2003        0.00
    24     8  2003        0.00
    25     8  2003        0.00
    26     8  2003        0.00
    27     8  2003        0.00
    28     8  2003        0.00
    29     8  2003        0.00
    30     8  2003        0.20
    31     8  2003        0.00
     1     9  2003        1.57
     2     9  2003        0.40
     3     9  2003        0.00
     4     9  2003        0.00
     5     9  2003        0.00
     6     9  2003        0.00
     7     9  2003        0.00
     8     9  2003        0.00
     9     9  2003        0.00
    10     9  2003        0.00
    11     9  2003        0.00
    12     9  2003        0.98
    13     9  2003        0.79
    14     9  2003        0.00
    15     9  2003        0.00
    16     9  2003        0.00
    17     9  2003        0.79
    18     9  2003        2.56
    19     9  2003        0.39
    20     9  2003        3.15
    21     9  2003        0.00
    22     9  2003        0.00
    23     9  2003        0.00
    24     9  2003        0.59
    25     9  2003       11.61
    26     9  2003        6.10
    27     9  2003        0.40
    28     9  2003        0.20
    29     9  2003        0.00
    30     9  2003        0.00
     1    10  2003        0.00
     2    10  2003        0.00
     3    10  2003        0.42
     4    10  2003        0.00
     5    10  2003        0.00
     6    10  2003        0.00
     7    10  2003        0.00
     8    10  2003        0.00
     9    10  2003        0.00
    10    10  2003        0.00
    11    10  2003        0.00
    12    10  2003        0.00
    13    10  2003        0.00
    14    10  2003        0.00
    15    10  2003        0.00
    16    10  2003        0.00
    17    10  2003        0.00
    18    10  2003        0.00
    19    10  2003        0.00
    20    10  2003        0.00
    21    10  2003        0.00
    22    10  2003        0.00
    23    10  2003        0.00
    24    10  2003        0.00
    25    10  2003        0.00
    26    10  2003        0.00
    27    10  2003        0.00
    28    10  2003        0.00
    29    10  2003        0.00
    30    10  2003        0.00
    31    10  2003        0.00
     1    11  2003        2.57
     2    11  2003        0.00
     3    11  2003        0.00
     4    11  2003       10.05
     5    11  2003        1.98
     6    11  2003        0.00
     7    11  2003        0.60
     8    11  2003        0.20
     9    11  2003        0.39
    10    11  2003        0.00
    11    11  2003        0.00
    12    11  2003        0.20
    13    11  2003        0.00
    14    11  2003        0.00
    15    11  2003        0.00
    16    11  2003        0.00
    17    11  2003        0.00
    18    11  2003        0.39
    19    11  2003        0.20
    20    11  2003        0.20
    21    11  2003        0.00
    22    11  2003        0.00
    23    11  2003        0.00
    24    11  2003        0.00
    25    11  2003        0.00
    26    11  2003        0.00
    27    11  2003        0.00
    28    11  2003        0.00
    29    11  2003        0.00
    30    11  2003        0.00
     1    12  2003        0.00
     2    12  2003        0.00
     3    12  2003        0.00
     4    12  2003        0.00
     5    12  2003        0.00
     6    12  2003        0.00
     7    12  2003        0.00
     8    12  2003        0.00
     9    12  2003        0.00
    10    12  2003        0.00
    11    12  2003        0.00
    12    12  2003        0.00
    13    12  2003        0.00
    14    12  2003        0.00
    15    12  2003        0.00
    16    12  2003        0.00
    17    12  2003        0.00
    18    12  2003        0.00
    19    12  2003        0.00
    20    12  2003        0.00
    21    12  2003        0.00
    22    12  2003        1.18
    23    12  2003        0.00
    24    12  2003        0.40
    25    12  2003        0.99
    26    12  2003        4.73
    27    12  2003        3.35
    28    12  2003        0.40
    29    12  2003        0.00
    30    12  2003        3.94
    31    12  2003        0.00
     1     1  2004        0.20
     2     1  2004        5.71
     3     1  2004        0.00
     4     1  2004        0.20
     5     1  2004        2.36
     6     1  2004        1.96
     7     1  2004        0.00
     8     1  2004        0.39
     9     1  2004        0.00
    10     1  2004        0.00
    11     1  2004        0.00
    12     1  2004        0.20
    13     1  2004        0.00
    14     1  2004        0.00
    15     1  2004        0.00
    16     1  2004        0.00
    17     1  2004        0.00
    18     1  2004        0.00
    19     1  2004        0.00
    20     1  2004        0.00
    21     1  2004        0.00
    22     1  2004        0.59
    23     1  2004        0.00
    24     1  2004        0.00
    25     1  2004        0.20
    26     1  2004        0.40
    27     1  2004        0.00
    28     1  2004        0.39
    29     1  2004        0.99
    30     1  2004        3.35
    31     1  2004        1.38
     1     2  2004        0.40
     2     2  2004        0.79
     3     2  2004        0.00
     4     2  2004        0.00
     5     2  2004        0.00
     6     2  2004        0.00
     7     2  2004        0.00
     8     2  2004        0.00
     9     2  2004        0.00
    10     2  2004        0.00
    11     2  2004        0.00
    12     2  2004        0.00
    13     2  2004        0.00
    14     2  2004        0.00
    15     2  2004        0.00
    16     2  2004        0.00
    17     2  2004        0.20
    18     2  2004        0.00
    19     2  2004        0.00
    20     2  2004        0.00
    21     2  2004        0.00
    22     2  2004        0.00
    23     2  2004        0.00
    24     2  2004        0.00
    25     2  2004        0.00
    26     2  2004        0.00
    27     2  2004        1.18
    28     2  2004        0.00
    29     2  2004        0.00
     1     3  2004        0.00
     2     3  2004        0.98
     3     3  2004        0.00
     4     3  2004        1.96
     5     3  2004        0.00
     6     3  2004        0.20
     7     3  2004        2.56
     8     3  2004        1.77
     9     3  2004        0.00
    10     3  2004        0.40
    11     3  2004        0.20
    12     3  2004        0.00
    13     3  2004        0.00
    14     3  2004        0.79
    15     3  2004        0.00
    16     3  2004        0.20
    17     3  2004        0.20
    18     3  2004        0.00
    19     3  2004       39.76
    20     3  2004        0.00
    21     3  2004        0.20
    22     3  2004        0.00
    23     3  2004        0.00
    24     3  2004        0.00
    25     3  2004        1.18
    26     3  2004        0.20
    27     3  2004        0.00
    28     3  2004        0.00
    29     3  2004        0.00
    30     3  2004        0.00
    31     3  2004        0.00
     1     4  2004        0.00
     2     4  2004        0.00
     3     4  2004        0.00
     4     4  2004        0.00
     5     4  2004        0.00
     6     4  2004        0.00
     7     4  2004        0.00
     8     4  2004        0.00
     9     4  2004        0.00
    10     4  2004        0.00
    11     4  2004        0.00
    12     4  2004        0.20
    13     4  2004        0.00
    14     4  2004        0.00
    15     4  2004        0.00
    16     4  2004        0.00
    17     4  2004        0.00
    18     4  2004        0.40
    19     4  2004        3.15
    20     4  2004        8.47
    21     4  2004        2.37
    22     4  2004        0.99
    23     4  2004        1.18
    24     4  2004        0.00
    25     4  2004        0.42
    26     4  2004        0.00
    27     4  2004        0.00
    28     4  2004        0.00
    29     4  2004        0.00
    30     4  2004        0.00
     1     5  2004        2.16
     2     5  2004        0.00
     3     5  2004        0.00
     4     5  2004        0.00
     5     5  2004        0.00
     6     5  2004        0.00
     7     5  2004        0.00
     8     5  2004        0.00
     9     5  2004        0.00
    10     5  2004        0.00
    11     5  2004        0.00
    12     5  2004        0.40
    13     5  2004        0.00
    14     5  2004        0.00
    15     5  2004        0.00
    16     5  2004        0.00
    17     5  2004        0.98
    18     5  2004        0.62
    19     5  2004        0.00
    20     5  2004        0.00
    21     5  2004        0.20
    22     5  2004        0.00
    23     5  2004        0.00
    24     5  2004        0.00
    25     5  2004        0.59
    26     5  2004        0.00
    27     5  2004        0.00
    28     5  2004        0.20
    29     5  2004        0.00
    30     5  2004        0.00
    31     5  2004        0.00
     1     6  2004        0.00
     2     6  2004        0.00
     3     6  2004        0.00
     4     6  2004        0.00
     5     6  2004        0.00
     6     6  2004        0.00
     7     6  2004        0.59
     8     6  2004        0.00
     9     6  2004        0.00
    10     6  2004        0.00
    11     6  2004        0.00
    12     6  2004        0.00
    13     6  2004        0.00
    14     6  2004        0.00
    15     6  2004        0.00
    16     6  2004        0.20
    17     6  2004        0.00
    18     6  2004        0.00
    19     6  2004        0.98
    20     6  2004        0.00
    21     6  2004        0.00
    22     6  2004        0.00
    23     6  2004        0.00
    24     6  2004        0.00
    25     6  2004        0.59
    26     6  2004        1.58
    27     6  2004        1.38
    28     6  2004        0.59
    29     6  2004        2.95
    30     6  2004        0.59
     1     7  2004        1.21
     2     7  2004        0.99
     3     7  2004        0.00
     4     7  2004        3.15
     5     7  2004        0.00
     6     7  2004        0.00
     7     7  2004        0.00
     8     7  2004        0.00
     9     7  2004        0.39
    10     7  2004        0.20
    11     7  2004        0.98
    12     7  2004        0.00
    13     7  2004        0.40
    14     7  2004        0.00
    15     7  2004        0.00
    16     7  2004        0.00
    17     7  2004        0.00
    18     7  2004        0.20
    19     7  2004        0.00
    20     7  2004        0.79
    21     7  2004        0.00
    22     7  2004        0.20
    23     7  2004        0.00
    24     7  2004        0.00
    25     7  2004        0.00
    26     7  2004        0.00
    27     7  2004        0.00
    28     7  2004        0.00
    29     7  2004        0.00
    30     7  2004        0.00
    31     7  2004        0.00
     1     8  2004        0.00
     2     8  2004        0.00
     3     8  2004        0.00
     4     8  2004        0.00
     5     8  2004        0.00
     6     8  2004        0.00
     7     8  2004        0.00
     8     8  2004        0.00
     9     8  2004        0.00
    10     8  2004        0.00
    11     8  2004        0.00
    12     8  2004        0.00
    13     8  2004        0.00
    14     8  2004        0.00
    15     8  2004        0.00
    16     8  2004        0.00
    17     8  2004        0.00
    18     8  2004        0.00
    19     8  2004        0.00
    20     8  2004        0.00
    21     8  2004        0.00
    22     8  2004        0.00
    23     8  2004        0.00
    24     8  2004        0.00
    25     8  2004        0.00
    26     8  2004        0.00
    27     8  2004        0.00
    28     8  2004        0.00
    29     8  2004        0.00
    30     8  2004        0.00
    31     8  2004        0.00
     1     9  2004        0.00
     2     9  2004        0.00
     3     9  2004        0.00
     4     9  2004        0.00
     5     9  2004        0.00
     6     9  2004        0.00
     7     9  2004        0.00
     8     9  2004        0.00
     9     9  2004        0.00
    10     9  2004        0.00
    11     9  2004        0.00
    12     9  2004        0.00
    13     9  2004        0.00
    14     9  2004        1.38
    15     9  2004        0.00
    16     9  2004        0.00
    17     9  2004        0.00
    18     9  2004        0.00
    19     9  2004        0.00
    20     9  2004        0.00
    21     9  2004        0.00
    22     9  2004        0.00
    23     9  2004        0.00
    24     9  2004        0.00
    25     9  2004        0.00
    26     9  2004        0.00
    27     9  2004        1.18
    28     9  2004        0.00
    29     9  2004        0.00
    30     9  2004        0.00
     1    10  2004        0.00
     2    10  2004        0.00
     3    10  2004        0.00
     4    10  2004        0.00
     5    10  2004        0.00
     6    10  2004        0.00
     7    10  2004        0.00
     8    10  2004        0.00
     9    10  2004        0.00
    10    10  2004        0.00
    11    10  2004        0.00
    12    10  2004        0.00
    13    10  2004        0.00
    14    10  2004        0.00
    15    10  2004        0.20
    16    10  2004        0.00
    17    10  2004        0.00
    18    10  2004        0.00
    19    10  2004        0.00
    20    10  2004        0.00
    21    10  2004        0.00
    22    10  2004        0.00
    23    10  2004        0.00
    24    10  2004        0.00
    25    10  2004        0.00
    26    10  2004        0.00
    27    10  2004        0.00
    28    10  2004        0.00
    29    10  2004        0.00
    30    10  2004        0.00
    31    10  2004        0.00
     1    11  2004        0.00
     2    11  2004        0.00
     3    11  2004        0.20
     4    11  2004        0.00
     5    11  2004        0.20
     6    11  2004        0.20
     7    11  2004        1.77
     8    11  2004        1.18
     9    11  2004        0.20
    10    11  2004        0.00
    11    11  2004        5.32
    12    11  2004        1.57
    13    11  2004        0.00
    14    11  2004       11.42
    15    11  2004        7.09
    16    11  2004        0.40
    17    11  2004       10.25
    18    11  2004        7.86
    19    11  2004        4.12
    20    11  2004        0.42
    21    11  2004        0.20
    22    11  2004        0.20
    23    11  2004        0.40
    24    11  2004        0.00
    25    11  2004        0.20
    26    11  2004        0.00
    27    11  2004        0.40
    28    11  2004        3.14
    29    11  2004        2.75
    30    11  2004        0.00
     1    12  2004        4.52
     2    12  2004        0.20
     3    12  2004        0.00
     4    12  2004        2.16
     5    12  2004        0.00
     6    12  2004        0.80
     7    12  2004        2.95
     8    12  2004        0.79
     9    12  2004        0.00
    10    12  2004        0.00
    11    12  2004        0.00
    12    12  2004        0.00
    13    12  2004        0.00
    14    12  2004        2.76
    15    12  2004        0.40
    16    12  2004        0.00
    17    12  2004        0.40
    18    12  2004        2.94
    19    12  2004        2.76
    20    12  2004        1.18
    21    12  2004        8.65
    22    12  2004        5.70
    23    12  2004        0.40
    24    12  2004        1.76
    25    12  2004        0.99
    26    12  2004        0.00
    27    12  2004        9.63
    28    12  2004        2.98
    29    12  2004        0.20
    30    12  2004        1.02
    31    12  2004        0.00
     1     1  2005        2.16
     2     1  2005        0.20
     3     1  2005        0.00
     4     1  2005        0.00
     5     1  2005        1.38
     6     1  2005        0.00
     7     1  2005        0.39
     8     1  2005       15.54
     9     1  2005        3.54
    10     1  2005        2.95
    11     1  2005        0.20
    12     1  2005        0.00
    13     1  2005        2.17
    14     1  2005        0.00
    15     1  2005        0.20
    16     1  2005        0.00
    17     1  2005        0.00
    18     1  2005        0.59
    19     1  2005        1.77
    20     1  2005        0.40
    21     1  2005        0.40
    22     1  2005        0.79
    23     1  2005        0.20
    24     1  2005        0.60
    25     1  2005        0.20
    26     1  2005        0.00
    27     1  2005        0.00
    28     1  2005        0.00
    29     1  2005        0.00
    30     1  2005        0.00
    31     1  2005        0.59
     1     2  2005        0.00
     2     2  2005        0.00
     3     2  2005        0.20
     4     2  2005        0.00
     5     2  2005        0.00
     6     2  2005        0.00
     7     2  2005        0.20
     8     2  2005        0.00
     9     2  2005        0.00
    10     2  2005        0.00
    11     2  2005        0.00
    12     2  2005        0.20
    13     2  2005        0.00
    14     2  2005        0.20
    15     2  2005        0.99
    16     2  2005        0.20
    17     2  2005        0.00
    18     2  2005        0.20
    19     2  2005        0.00
    20     2  2005        0.00
    21     2  2005        0.00
    22     2  2005        0.00
    23     2  2005        0.79
    24     2  2005        0.00
    25     2  2005        0.00
    26     2  2005       -1.00
    27     2  2005       -1.00
    28     2  2005       -1.00
     1     3  2005       -1.00
     2     3  2005       -1.00
     3     3  2005       -1.00
     4     3  2005       -1.00
     5     3  2005       -1.00
     6     3  2005       -1.00
     7     3  2005       -1.00
     8     3  2005       -1.00
     9     3  2005       -1.00
    10     3  2005       -1.00
    11     3  2005       -1.00
    12     3  2005       -1.00
    13     3  2005       -1.00
    14     3  2005       -1.00
    15     3  2005       -1.00
    16     3  2005       -1.00
    17     3  2005       -1.00
    18     3  2005       -1.00
    19     3  2005       -1.00
    20     3  2005       -1.00
    21     3  2005       -1.00
    22     3  2005       -1.00
    23     3  2005       -1.00
    24     3  2005       -1.00
    25     3  2005       -1.00
    26     3  2005       -1.00
    27     3  2005       -1.00
    28     3  2005       -1.00
    29     3  2005       -1.00
    30     3  2005       -1.00
    31     3  2005       -1.00
     1     4  2005       -1.00
     2     4  2005       -1.00
     3     4  2005       -1.00
     4     4  2005       -1.00
     5     4  2005       -1.00
     6     4  2005       -1.00
     7     4  2005       -1.00
     8     4  2005       -1.00
     9     4  2005       -1.00
    10     4  2005       -1.00
    11     4  2005       -1.00
    12     4  2005       -1.00
    13     4  2005       -1.00
    14     4  2005       -1.00
    15     4  2005       -1.00
    16     4  2005       -1.00
    17     4  2005       -1.00
    18     4  2005       -1.00
    19     4  2005       -1.00
    20     4  2005       -1.00
    21     4  2005       -1.00
    22     4  2005       -1.00
    23     4  2005       -1.00
    24     4  2005       -1.00
    25     4  2005       -1.00
    26     4  2005       -1.00
    27     4  2005       -1.00
    28     4  2005       -1.00
    29     4  2005        0.20
    30     4  2005        0.00
     1     5  2005        0.00
     2     5  2005        0.00
     3     5  2005        0.00
     4     5  2005        0.00
     5     5  2005        0.00
     6     5  2005        0.00
     7     5  2005        0.00
     8     5  2005        0.00
     9     5  2005        0.00
    10     5  2005        0.00
    11     5  2005        0.00
    12     5  2005        0.00
    13     5  2005        0.00
    14     5  2005        0.00
    15     5  2005        0.00
    16     5  2005        0.00
    17     5  2005        0.00
    18     5  2005        0.00
    19     5  2005        0.00
    20     5  2005        0.00
    21     5  2005        0.00
    22     5  2005        0.00
    23     5  2005        0.00
    24     5  2005        0.00
    25     5  2005        0.00
    26     5  2005        0.00
    27     5  2005        0.20
    28     5  2005        0.00
    29     5  2005        0.00
    30     5  2005        0.00
    31     5  2005        0.00
     1     6  2005        0.00
     2     6  2005        0.00
     3     6  2005        0.00
     4     6  2005        0.00
     5     6  2005        0.00
     6     6  2005        0.00
     7     6  2005        0.00
     8     6  2005        0.00
     9     6  2005        0.00
    10     6  2005        0.00
    11     6  2005        0.00
    12     6  2005        0.00
    13     6  2005        0.00
    14     6  2005        0.00
    15     6  2005        0.00
    16     6  2005        0.20
    17     6  2005        0.00
    18     6  2005       -1.00
    19     6  2005       -1.00
    20     6  2005       -1.00
    21     6  2005       -1.00
    22     6  2005       -1.00
    23     6  2005       -1.00
    24     6  2005       -1.00
    25     6  2005       -1.00
    26     6  2005       -1.00
    27     6  2005       -1.00
    28     6  2005       -1.00
    29     6  2005       -1.00
    30     6  2005       -1.00
     1     7  2005       -1.00
     2     7  2005       -1.00
     3     7  2005       -1.00
     4     7  2005       -1.00
     5     7  2005       -1.00
     6     7  2005       -1.00
     7     7  2005       -1.00
     8     7  2005       -1.00
     9     7  2005       -1.00
    10     7  2005       -1.00
    11     7  2005       -1.00
    12     7  2005       -1.00
    13     7  2005       -1.00
    14     7  2005       -1.00
    15     7  2005       -1.00
    16     7  2005        0.20
    17     7  2005        0.00
    18     7  2005        0.00
    19     7  2005        0.00
    20     7  2005        0.00
    21     7  2005        0.00
    22     7  2005        0.00
    23     7  2005        0.00
    24     7  2005        0.00
    25     7  2005       -1.00
    26     7  2005       -1.00
    27     7  2005       -1.00
    28     7  2005       -1.00
    29     7  2005       -1.00
    30     7  2005       -1.00
    31     7  2005       -1.00
     1     8  2005       -1.00
     2     8  2005       -1.00
     3     8  2005       -1.00
     4     8  2005       -1.00
     5     8  2005       -1.00
     6     8  2005       -1.00
     7     8  2005       -1.00
     8     8  2005       -1.00
     9     8  2005       -1.00
    10     8  2005       -1.00
    11     8  2005       -1.00
    12     8  2005       -1.00
    13     8  2005       -1.00
    14     8  2005       -1.00
    15     8  2005       -1.00
    16     8  2005       -1.00
    17     8  2005       -1.00
    18     8  2005       -1.00
    19     8  2005       -1.00
    20     8  2005       -1.00
    21     8  2005       -1.00
    22     8  2005       -1.00
    23     8  2005       -1.00
    24     8  2005       -1.00
    25     8  2005       -1.00
    26     8  2005       -1.00
    27     8  2005       -1.00
    28     8  2005       -1.00
    29     8  2005       -1.00
    30     8  2005       -1.00
    31     8  2005       -1.00
     1     9  2005       -1.00
     2     9  2005       -1.00
     3     9  2005       -1.00
     4     9  2005       -1.00
     5     9  2005       -1.00
     6     9  2005       -1.00
     7     9  2005       -1.00
     8     9  2005       -1.00
     9     9  2005       -1.00
    10     9  2005       -1.00
    11     9  2005       -1.00
    12     9  2005       -1.00
    13     9  2005       -1.00
    14     9  2005       -1.00
    15     9  2005       -1.00
    16     9  2005       -1.00
    17     9  2005       -1.00
    18     9  2005       -1.00
    19     9  2005       -1.00
    20     9  2005       -1.00
    21     9  2005       -1.00
    22     9  2005       -1.00
    23     9  2005       -1.00
    24     9  2005       -1.00
    25     9  2005       -1.00
    26     9  2005       -1.00
    27     9  2005       -1.00
    28     9  2005       -1.00
    29     9  2005       -1.00
    30     9  2005       -1.00
     1    10  2005       -1.00
     2    10  2005        1.18
     3    10  2005       -1.00
     4    10  2005       -1.00
     5    10  2005       -1.00
     6    10  2005       -1.00
     7    10  2005       -1.00
     8    10  2005       -1.00
     9    10  2005       -1.00
    10    10  2005       -1.00
    11    10  2005       -1.00
    12    10  2005       -1.00
    13    10  2005       -1.00
    14    10  2005       -1.00
    15    10  2005       -1.00
    16    10  2005       -1.00
    17    10  2005       -1.00
    18    10  2005       -1.00
    19    10  2005       -1.00
    20    10  2005       -1.00
    21    10  2005       -1.00
    22    10  2005       -1.00
    23    10  2005       -1.00
    24    10  2005       -1.00
    25    10  2005       -1.00
    26    10  2005       -1.00
    27    10  2005       -1.00
    28    10  2005       -1.00
    29    10  2005       -1.00
    30    10  2005       -1.00
    31    10  2005       -1.00
     1    11  2005       -1.00
     2    11  2005       -1.00
     3    11  2005       -1.00
     4    11  2005       -1.00
     5    11  2005       -1.00
     6    11  2005       -1.00
     7    11  2005       -1.00
     8    11  2005       -1.00
     9    11  2005       -1.00
    10    11  2005       -1.00
    11    11  2005       -1.00
    12    11  2005       -1.00
    13    11  2005       -1.00
    14    11  2005       -1.00
    15    11  2005       -1.00
    16    11  2005       -1.00
    17    11  2005       -1.00
    18    11  2005       -1.00
    19    11  2005       -1.00
    20    11  2005       -1.00
    21    11  2005       -1.00
    22    11  2005       -1.00
    23    11  2005       -1.00
    24    11  2005       -1.00
    25    11  2005       -1.00
    26    11  2005       -1.00
    27    11  2005       -1.00
    28    11  2005       -1.00
    29    11  2005       -1.00
    30    11  2005       -1.00
     1    12  2005       -1.00
     2    12  2005       -1.00
     3    12  2005       -1.00
     4    12  2005       -1.00
     5    12  2005       -1.00
     6    12  2005       -1.00
     7    12  2005       -1.00
     8    12  2005       -1.00
     9    12  2005       -1.00
    10    12  2005       -1.00
    11    12  2005       -1.00
    12    12  2005       -1.00
    13    12  2005       -1.00
    14    12  2005       -1.00
    15    12  2005       -1.00
    16    12  2005       -1.00
    17    12  2005       -1.00
    18    12  2005       -1.00
    19    12  2005       -1.00
    20    12  2005       -1.00
    21    12  2005       -1.00
    22    12  2005       -1.00
    23    12  2005       -1.00
    24    12  2005       -1.00
    25    12  2005       -1.00
    26    12  2005       -1.00
    27    12  2005       -1.00
    28    12  2005       -1.00
    29    12  2005       -1.00
    30    12  2005       -1.00
    31    12  2005       -1.00
     1     1  2006       -1.00
     2     1  2006       -1.00
     3     1  2006       -1.00
     4     1  2006       -1.00
     5     1  2006       -1.00
     6     1  2006       -1.00
     7     1  2006       -1.00
     8     1  2006       -1.00
     9     1  2006       -1.00
    10     1  2006       -1.00
    11     1  2006       -1.00
    12     1  2006       -1.00
    13     1  2006       -1.00
    14     1  2006       -1.00
    15     1  2006       -1.00
    16     1  2006       -1.00
    17     1  2006       -1.00
    18     1  2006       -1.00
    19     1  2006       -1.00
    20     1  2006       -1.00
    21     1  2006       -1.00
    22     1  2006       -1.00
    23     1  2006       -1.00
    24     1  2006       -1.00
    25     1  2006       -1.00
    26     1  2006       -1.00
    27     1  2006       -1.00
    28     1  2006       -1.00
    29     1  2006       -1.00
    30     1  2006       -1.00
    31     1  2006       -1.00
     1     2  2006       -1.00
     2     2  2006       -1.00
     3     2  2006       -1.00
     4     2  2006       -1.00
     5     2  2006       -1.00
     6     2  2006       -1.00
     7     2  2006       -1.00
     8     2  2006       -1.00
     9     2  2006       -1.00
    10     2  2006       -1.00
    11     2  2006       -1.00
    12     2  2006       -1.00
    13     2  2006       -1.00
    14     2  2006       -1.00
    15     2  2006       -1.00
    16     2  2006       -1.00
    17     2  2006       -1.00
    18     2  2006       -1.00
    19     2  2006       -1.00
    20     2  2006       -1.00
    21     2  2006       -1.00
    22     2  2006       -1.00
    23     2  2006       -1.00
    24     2  2006       -1.00
    25     2  2006       -1.00
    26     2  2006       -1.00
    27     2  2006       -1.00
    28     2  2006       -1.00
     1     3  2006       -1.00
     2     3  2006       -1.00
     3     3  2006       -1.00
     4     3  2006       -1.00
     5     3  2006       -1.00
     6     3  2006       -1.00
     7     3  2006       -1.00
     8     3  2006       -1.00
     9     3  2006       -1.00
    10     3  2006       -1.00
    11     3  2006       -1.00
    12     3  2006       -1.00
    13     3  2006       -1.00
    14     3  2006       -1.00
    15     3  2006       -1.00
    16     3  2006       -1.00
    17     3  2006       -1.00
    18     3  2006       -1.00
    19     3  2006       -1.00
    20     3  2006       -1.00
    21     3  2006       -1.00
    22     3  2006       -1.00
    23     3  2006       -1.00
    24     3  2006       -1.00
    25     3  2006       -1.00
    26     3  2006       -1.00
    27     3  2006       -1.00
    28     3  2006       -1.00
    29     3  2006       -1.00
    30     3  2006        1.17
    31     3  2006       -1.00
     1     4  2006       -1.00
     2     4  2006       -1.00
     3     4  2006       -1.00
     4     4  2006       -1.00
     5     4  2006       -1.00
     6     4  2006       -1.00
     7     4  2006       -1.00
     8     4  2006       -1.00
     9     4  2006       -1.00
    10     4  2006       -1.00
    11     4  2006       -1.00
    12     4  2006       -1.00
    13     4  2006       -1.00
    14     4  2006       -1.00
    15     4  2006       -1.00
    16     4  2006       -1.00
    17     4  2006       -1.00
    18     4  2006       -1.00
    19     4  2006       -1.00
    20     4  2006       -1.00
    21     4  2006       -1.00
    22     4  2006       -1.00
    23     4  2006       -1.00
    24     4  2006       -1.00
    25     4  2006       -1.00
    26     4  2006       -1.00
    27     4  2006       -1.00
    28     4  2006       -1.00
    29     4  2006       -1.00
    30     4  2006       -1.00
     1     5  2006       -1.00
     2     5  2006       -1.00
     3     5  2006       -1.00
     4     5  2006       -1.00
     5     5  2006       -1.00
     6     5  2006       -1.00
     7     5  2006       -1.00
     8     5  2006       -1.00
     9     5  2006       -1.00
    10     5  2006       -1.00
    11     5  2006       -1.00
    12     5  2006       -1.00
    13     5  2006       -1.00
    14     5  2006       -1.00
    15     5  2006       -1.00
    16     5  2006       -1.00
    17     5  2006       -1.00
    18     5  2006       -1.00
    19     5  2006       -1.00
    20     5  2006       -1.00
    21     5  2006       -1.00
    22     5  2006       -1.00
    23     5  2006       -1.00
    24     5  2006       -1.00
    25     5  2006       -1.00
    26     5  2006       -1.00
    27     5  2006       -1.00
    28     5  2006       -1.00
    29     5  2006       -1.00
    30     5  2006       -1.00
    31     5  2006       -1.00
     1     6  2006       -1.00
     2     6  2006       -1.00
     3     6  2006       -1.00
     4     6  2006       -1.00
     5     6  2006       -1.00
     6     6  2006       -1.00
     7     6  2006       -1.00
     8     6  2006       -1.00
     9     6  2006       -1.00
    10     6  2006       -1.00
    11     6  2006       -1.00
    12     6  2006       -1.00
    13     6  2006       -1.00
    14     6  2006       -1.00
    15     6  2006       -1.00
    16     6  2006       -1.00
    17     6  2006       -1.00
    18     6  2006       -1.00
    19     6  2006       -1.00
    20     6  2006       -1.00
    21     6  2006       -1.00
    22     6  2006        0.20
    23     6  2006        0.00
    24     6  2006        0.00
    25     6  2006        0.00
    26     6  2006        0.00
    27     6  2006        0.00
    28     6  2006        0.00
    29     6  2006        0.00
    30     6  2006        0.00
     1     7  2006        0.00
     2     7  2006        0.00
     3     7  2006        0.00
     4     7  2006        0.00
     5     7  2006        0.00
     6     7  2006        0.00
     7     7  2006        0.00
     8     7  2006        0.00
     9     7  2006        0.00
    10     7  2006        0.00
    11     7  2006        0.00
    12     7  2006        0.00
    13     7  2006        0.00
    14     7  2006        0.00
    15     7  2006        0.00
    16     7  2006        0.00
    17     7  2006        0.00
    18     7  2006        0.00
    19     7  2006        0.00
    20     7  2006        0.00
    21     7  2006        0.00
    22     7  2006        0.00
    23     7  2006        0.00
    24     7  2006        0.00
    25     7  2006        0.00
    26     7  2006        0.00
    27     7  2006        2.16
    28     7  2006        0.00
    29     7  2006       -1.00
    30     7  2006       -1.00
    31     7  2006       -1.00
     1     8  2006       -1.00
     2     8  2006       -1.00
     3     8  2006       -1.00
     4     8  2006       -1.00
     5     8  2006       -1.00
     6     8  2006       -1.00
     7     8  2006       -1.00
     8     8  2006       -1.00
     9     8  2006       -1.00
    10     8  2006       -1.00
    11     8  2006       -1.00
    12     8  2006       -1.00
    13     8  2006       -1.00
    14     8  2006       -1.00
    15     8  2006       -1.00
    16     8  2006       -1.00
    17     8  2006       -1.00
    18     8  2006       -1.00
    19     8  2006       -1.00
    20     8  2006       -1.00
    21     8  2006       -1.00
    22     8  2006       -1.00
    23     8  2006       -1.00
    24     8  2006       -1.00
    25     8  2006       -1.00
    26     8  2006       -1.00
    27     8  2006       -1.00
    28     8  2006       -1.00
    29     8  2006       -1.00
    30     8  2006       -1.00
    31     8  2006       -1.00
     1     9  2006       -1.00
     2     9  2006       -1.00
     3     9  2006       -1.00
     4     9  2006       -1.00
     5     9  2006       -1.00
     6     9  2006       -1.00
     7     9  2006       -1.00
     8     9  2006       -1.00
     9     9  2006       -1.00
    10     9  2006       -1.00
    11     9  2006       -1.00
    12     9  2006       -1.00
    13     9  2006       -1.00
    14     9  2006       -1.00
    15     9  2006       -1.00
    16     9  2006       -1.00
    17     9  2006       -1.00
    18     9  2006       -1.00
    19     9  2006       -1.00
    20     9  2006       -1.00
    21     9  2006       -1.00
    22     9  2006       -1.00
    23     9  2006       -1.00
    24     9  2006        0.20
    25     9  2006        0.00
    26     9  2006        0.00
    27     9  2006        0.00
    28     9  2006        0.00
    29     9  2006       -1.00
    30     9  2006       -1.00
     1    10  2006       -1.00
     2    10  2006       -1.00
     3    10  2006       -1.00
     4    10  2006       -1.00
     5    10  2006       -1.00
     6    10  2006       -1.00
     7    10  2006       -1.00
     8    10  2006       -1.00
     9    10  2006       -1.00
    10    10  2006       -1.00
    11    10  2006       -1.00
    12    10  2006       -1.00
    13    10  2006       -1.00
    14    10  2006       -1.00
    15    10  2006       -1.00
    16    10  2006       -1.00
    17    10  2006       -1.00
    18    10  2006       -1.00
    19    10  2006       -1.00
    20    10  2006       -1.00
    21    10  2006       -1.00
    22    10  2006       -1.00
    23    10  2006       -1.00
    24    10  2006       -1.00
    25    10  2006       -1.00
    26    10  2006       -1.00
    27    10  2006        0.20
    28    10  2006        0.00
    29    10  2006        0.00
    30    10  2006        0.00
    31    10  2006        0.00
     1    11  2006        0.00
     2    11  2006        0.00
     3    11  2006        0.00
     4    11  2006        0.00
     5    11  2006        0.00
     6    11  2006        0.00
     7    11  2006        0.00
     8    11  2006        0.00
     9    11  2006        0.00
    10    11  2006        0.00
    11    11  2006        0.00
    12    11  2006        0.00
    13    11  2006        0.00
    14    11  2006        0.00
    15    11  2006        0.00
    16    11  2006       -1.00
    17    11  2006       -1.00
    18    11  2006       -1.00
    19    11  2006       -1.00
    20    11  2006       -1.00
    21    11  2006       -1.00
    22    11  2006       -1.00
    23    11  2006       -1.00
    24    11  2006       -1.00
    25    11  2006       -1.00
    26    11  2006       -1.00
    27    11  2006       -1.00
    28    11  2006       -1.00
    29    11  2006       -1.00
    30    11  2006       -1.00
     1    12  2006       -1.00
     2    12  2006       -1.00
     3    12  2006       -1.00
     4    12  2006       -1.00
     5    12  2006       -1.00
     6    12  2006       -1.00
     7    12  2006       -1.00
     8    12  2006       -1.00
     9    12  2006       -1.00
    10    12  2006       -1.00
    11    12  2006       -1.00
    12    12  2006       -1.00
    13    12  2006        0.20
    14    12  2006        0.00
    15    12  2006        0.00
    16    12  2006        0.00
    17    12  2006        0.00
    18    12  2006        0.00
    19    12  2006        0.00
    20    12  2006        0.00
    21    12  2006        0.00
    22    12  2006        0.00
    23    12  2006        0.00
    24    12  2006        0.00
    25    12  2006        0.00
    26    12  2006        0.00
    27    12  2006        0.00
    28    12  2006        0.00
    29    12  2006        0.00
    30    12  2006        0.00
    31    12  2006        0.20
     1     1  2007        0.00
     2     1  2007        0.20
     3     1  2007        0.00
     4     1  2007        0.00
     5     1  2007        0.00
     6     1  2007        0.00
     7     1  2007        0.00
     8     1  2007        0.00
     9     1  2007        0.20
    10     1  2007        0.00
    11     1  2007        0.00
    12     1  2007        0.00
    13     1  2007        0.00
    14     1  2007        0.00
    15     1  2007        0.00
    16     1  2007        0.00
    17     1  2007        0.00
