     1     1  2001        0.00
     2     1  2001        0.00
     3     1  2001        0.00
     4     1  2001        0.00
     5     1  2001        0.00
     6     1  2001        0.00
     7     1  2001        0.00
     8     1  2001        0.00
     9     1  2001        0.00
    10     1  2001        0.00
    11     1  2001        0.00
    12     1  2001        0.00
    13     1  2001        0.00
    14     1  2001        0.00
    15     1  2001        0.00
    16     1  2001        0.00
    17     1  2001        0.00
    18     1  2001        0.00
    19     1  2001        0.00
    20     1  2001        0.00
    21     1  2001        0.00
    22     1  2001        0.00
    23     1  2001        0.00
    24     1  2001        0.00
    25     1  2001        0.00
    26     1  2001        1.18
    27     1  2001        0.59
    28     1  2001        0.20
    29     1  2001        0.00
    30     1  2001        0.00
    31     1  2001        2.40
     1     2  2001        0.00
     2     2  2001        0.59
     3     2  2001        0.00
     4     2  2001        1.40
     5     2  2001        0.20
     6     2  2001        0.00
     7     2  2001        0.00
     8     2  2001        0.00
     9     2  2001        0.00
    10     2  2001        0.00
    11     2  2001        0.00
    12     2  2001        0.00
    13     2  2001        0.00
    14     2  2001        0.00
    15     2  2001        0.00
    16     2  2001        0.00
    17     2  2001        8.47
    18     2  2001        4.14
    19     2  2001        2.76
    20     2  2001        3.35
    21     2  2001       13.77
    22     2  2001       18.01
    23     2  2001       10.07
    24     2  2001        3.54
    25     2  2001        1.58
    26     2  2001        1.97
    27     2  2001        7.87
    28     2  2001        3.35
     1     3  2001        0.00
     2     3  2001        0.00
     3     3  2001        0.00
     4     3  2001        0.00
     5     3  2001        0.00
     6     3  2001        0.00
     7     3  2001        0.00
     8     3  2001        0.00
     9     3  2001        0.00
    10     3  2001        0.00
    11     3  2001        0.00
    12     3  2001        0.00
    13     3  2001        5.90
    14     3  2001        0.00
    15     3  2001        0.79
    16     3  2001        1.97
    17     3  2001        0.00
    18     3  2001        0.00
    19     3  2001        6.29
    20     3  2001        0.00
    21     3  2001        0.00
    22     3  2001        0.00
    23     3  2001        0.00
    24     3  2001        0.20
    25     3  2001        0.00
    26     3  2001        0.20
    27     3  2001        0.00
    28     3  2001        0.00
    29     3  2001        0.00
    30     3  2001        0.00
    31     3  2001        0.00
     1     4  2001        0.00
     2     4  2001        0.00
     3     4  2001        0.00
     4     4  2001        0.00
     5     4  2001        1.38
     6     4  2001        4.14
     7     4  2001        0.00
     8     4  2001        0.00
     9     4  2001        0.00
    10     4  2001        0.00
    11     4  2001        0.20
    12     4  2001        0.00
    13     4  2001        0.00
    14     4  2001        0.00
    15     4  2001        0.00
    16     4  2001        0.39
    17     4  2001        0.00
    18     4  2001        0.00
    19     4  2001        0.00
    20     4  2001        0.00
    21     4  2001        0.00
    22     4  2001        0.00
    23     4  2001        0.00
    24     4  2001        0.00
    25     4  2001        0.00
    26     4  2001        0.00
    27     4  2001        0.00
    28     4  2001        0.00
    29     4  2001        0.00
    30     4  2001        0.00
     1     5  2001        0.00
     2     5  2001        0.60
     3     5  2001        0.00
     4     5  2001        0.00
     5     5  2001        0.20
     6     5  2001        0.00
     7     5  2001        3.95
     8     5  2001        4.72
     9     5  2001        3.15
    10     5  2001        0.59
    11     5  2001        0.00
    12     5  2001        0.00
    13     5  2001        0.00
    14     5  2001        0.00
    15     5  2001        0.00
    16     5  2001        0.00
    17     5  2001        0.00
    18     5  2001        0.00
    19     5  2001        0.00
    20     5  2001        0.00
    21     5  2001        0.00
    22     5  2001        0.00
    23     5  2001        0.00
    24     5  2001        0.00
    25     5  2001        0.00
    26     5  2001        0.00
    27     5  2001        0.00
    28     5  2001        0.00
    29     5  2001        0.00
    30     5  2001        0.00
    31     5  2001        0.00
     1     6  2001        0.00
     2     6  2001        0.00
     3     6  2001        0.00
     4     6  2001        0.00
     5     6  2001        0.78
     6     6  2001        0.20
     7     6  2001        0.00
     8     6  2001        0.40
     9     6  2001        0.00
    10     6  2001        0.00
    11     6  2001        0.00
    12     6  2001        0.00
    13     6  2001        0.00
    14     6  2001        0.00
    15     6  2001        1.97
    16     6  2001        0.59
    17     6  2001        0.00
    18     6  2001        0.00
    19     6  2001        0.00
    20     6  2001        0.00
    21     6  2001        0.00
    22     6  2001        0.00
    23     6  2001        0.00
    24     6  2001        0.00
    25     6  2001        0.00
    26     6  2001        0.00
    27     6  2001        0.00
    28     6  2001        0.00
    29     6  2001        0.00
    30     6  2001        0.00
     1     7  2001        0.20
     2     7  2001        0.00
     3     7  2001        0.00
     4     7  2001        0.00
     5     7  2001        0.00
     6     7  2001        0.00
     7     7  2001        0.00
     8     7  2001        0.00
     9     7  2001        0.00
    10     7  2001        0.00
    11     7  2001        0.00
    12     7  2001        0.00
    13     7  2001        0.00
    14     7  2001        0.00
    15     7  2001        0.00
    16     7  2001        0.00
    17     7  2001        0.00
    18     7  2001        0.00
    19     7  2001        0.00
    20     7  2001        0.00
    21     7  2001        0.00
    22     7  2001        0.00
    23     7  2001        5.51
    24     7  2001        1.18
    25     7  2001        0.00
    26     7  2001        0.00
    27     7  2001        0.00
    28     7  2001        0.00
    29     7  2001        0.00
    30     7  2001        0.00
    31     7  2001        0.00
     1     8  2001        0.00
     2     8  2001        0.00
     3     8  2001        0.00
     4     8  2001        0.00
     5     8  2001        0.00
     6     8  2001        0.00
     7     8  2001        0.00
     8     8  2001        0.00
     9     8  2001        0.00
    10     8  2001        0.00
    11     8  2001        0.20
    12     8  2001        2.17
    13     8  2001        1.18
    14     8  2001        0.20
    15     8  2001        0.00
    16     8  2001        0.00
    17     8  2001        1.18
    18     8  2001        0.00
    19     8  2001        0.00
    20     8  2001        0.20
    21     8  2001        0.00
    22     8  2001        0.00
    23     8  2001        0.00
    24     8  2001        0.00
    25     8  2001        0.00
    26     8  2001        0.00
    27     8  2001        0.00
    28     8  2001        0.00
    29     8  2001        0.00
    30     8  2001        0.00
    31     8  2001        0.00
     1     9  2001        0.00
     2     9  2001        0.00
     3     9  2001        0.00
     4     9  2001        0.00
     5     9  2001        0.00
     6     9  2001        0.00
     7     9  2001        0.00
     8     9  2001        0.00
     9     9  2001        0.00
    10     9  2001        0.00
    11     9  2001        0.00
    12     9  2001        0.00
    13     9  2001        0.00
    14     9  2001        0.00
    15     9  2001        0.20
    16     9  2001        0.00
    17     9  2001        0.00
    18     9  2001        0.00
    19     9  2001        0.00
    20     9  2001        0.00
    21     9  2001        0.00
    22     9  2001        0.00
    23     9  2001        0.00
    24     9  2001        0.00
    25     9  2001        0.00
    26     9  2001        0.00
    27     9  2001        0.00
    28     9  2001        0.00
    29     9  2001        0.00
    30     9  2001        0.00
     1    10  2001        0.00
     2    10  2001        0.00
     3    10  2001        0.00
     4    10  2001        0.00
     5    10  2001        0.00
     6    10  2001        0.00
     7    10  2001        0.00
     8    10  2001        0.00
     9    10  2001        0.00
    10    10  2001        0.00
    11    10  2001        0.00
    12    10  2001        0.00
    13    10  2001        0.00
    14    10  2001        0.00
    15    10  2001        0.00
    16    10  2001        0.00
    17    10  2001        0.00
    18    10  2001        0.00
    19    10  2001        0.00
    20    10  2001        0.00
    21    10  2001        0.00
    22    10  2001        0.00
    23    10  2001        0.00
    24    10  2001        0.00
    25    10  2001        0.00
    26    10  2001        0.00
    27    10  2001        0.00
    28    10  2001        0.00
    29    10  2001        0.00
    30    10  2001        0.00
    31    10  2001        0.00
     1    11  2001        0.00
     2    11  2001        0.00
     3    11  2001        0.00
     4    11  2001        0.00
     5    11  2001        0.00
     6    11  2001        0.00
     7    11  2001        0.00
     8    11  2001        0.00
     9    11  2001        0.00
    10    11  2001        0.00
    11    11  2001        0.00
    12    11  2001        0.00
    13    11  2001        0.00
    14    11  2001        0.00
    15    11  2001        0.00
    16    11  2001        0.00
    17    11  2001        0.00
    18    11  2001        0.00
    19    11  2001        0.20
    20    11  2001        0.00
    21    11  2001        0.00
    22    11  2001        0.00
    23    11  2001        0.00
    24    11  2001        0.00
    25    11  2001        0.00
    26    11  2001        0.00
    27    11  2001        0.00
    28    11  2001        0.00
    29    11  2001        0.00
    30    11  2001        0.00
     1    12  2001        0.00
     2    12  2001        0.00
     3    12  2001        0.00
     4    12  2001        0.00
     5    12  2001        0.00
     6    12  2001        0.00
     7    12  2001        0.00
     8    12  2001        0.00
     9    12  2001        0.00
    10    12  2001        0.00
    11    12  2001        0.00
    12    12  2001        0.00
    13    12  2001        0.00
    14    12  2001        0.00
    15    12  2001        0.00
    16    12  2001        0.00
    17    12  2001        0.00
    18    12  2001        0.00
    19    12  2001        0.00
    20    12  2001        0.00
    21    12  2001        0.00
    22    12  2001        0.00
    23    12  2001        0.00
    24    12  2001        0.00
    25    12  2001        0.00
    26    12  2001        0.00
    27    12  2001        0.00
    28    12  2001        0.00
    29    12  2001        0.00
    30    12  2001        0.00
    31    12  2001        0.00
     1     1  2002        0.00
     2     1  2002        0.00
     3     1  2002        0.00
     4     1  2002        0.00
     5     1  2002        0.00
     6     1  2002        0.00
     7     1  2002        0.00
     8     1  2002        0.00
     9     1  2002        0.00
    10     1  2002        0.00
    11     1  2002        0.00
    12     1  2002        0.00
    13     1  2002        0.00
    14     1  2002        0.00
    15     1  2002        0.00
    16     1  2002        0.00
    17     1  2002        0.00
    18     1  2002        0.00
    19     1  2002        0.00
    20     1  2002        0.00
    21     1  2002        0.00
    22     1  2002        0.00
    23     1  2002        0.00
    24     1  2002        0.00
    25     1  2002        0.00
    26     1  2002        0.00
    27     1  2002        0.00
    28     1  2002        0.00
    29     1  2002        0.00
    30     1  2002        0.00
    31     1  2002        0.00
     1     2  2002        0.00
     2     2  2002        0.00
     3     2  2002        0.00
     4     2  2002        0.00
     5     2  2002        0.00
     6     2  2002        0.00
     7     2  2002        0.00
     8     2  2002        0.00
     9     2  2002        0.00
    10     2  2002        0.00
    11     2  2002        0.00
    12     2  2002        0.00
    13     2  2002        0.00
    14     2  2002        0.00
    15     2  2002        0.00
    16     2  2002        0.00
    17     2  2002        0.00
    18     2  2002        0.00
    19     2  2002        0.00
    20     2  2002        0.00
    21     2  2002        0.00
    22     2  2002        0.00
    23     2  2002        0.00
    24     2  2002        1.38
    25     2  2002        0.20
    26     2  2002        0.00
    27     2  2002        0.00
    28     2  2002        0.00
     1     3  2002        0.00
     2     3  2002        0.00
     3     3  2002        0.00
     4     3  2002        0.00
     5     3  2002        0.00
     6     3  2002        0.00
     7     3  2002        0.00
     8     3  2002        0.00
     9     3  2002        0.00
    10     3  2002        0.00
    11     3  2002        0.00
    12     3  2002        0.00
    13     3  2002        0.00
    14     3  2002        0.00
    15     3  2002        0.00
    16     3  2002        0.00
    17     3  2002        0.00
    18     3  2002        0.00
    19     3  2002        0.00
    20     3  2002        0.00
    21     3  2002        0.00
    22     3  2002        0.00
    23     3  2002        0.00
    24     3  2002        0.00
    25     3  2002        0.00
    26     3  2002        0.00
    27     3  2002        0.00
    28     3  2002        0.00
    29     3  2002        0.00
    30     3  2002        0.00
    31     3  2002        0.00
     1     4  2002        0.00
     2     4  2002        0.00
     3     4  2002        0.00
     4     4  2002        0.00
     5     4  2002        0.00
     6     4  2002        0.00
     7     4  2002        0.00
     8     4  2002        0.00
     9     4  2002        0.00
    10     4  2002        0.00
    11     4  2002        0.00
    12     4  2002        0.00
    13     4  2002        0.00
    14     4  2002        0.42
    15     4  2002        0.79
    16     4  2002        2.56
    17     4  2002        0.00
    18     4  2002        8.50
    19     4  2002        0.00
    20     4  2002        0.00
    21     4  2002        0.00
    22     4  2002        7.92
    23     4  2002        0.00
    24     4  2002        0.00
    25     4  2002        0.00
    26     4  2002        0.00
    27     4  2002        0.00
    28     4  2002        0.00
    29     4  2002        0.00
    30     4  2002        0.00
     1     5  2002        0.00
     2     5  2002        0.00
     3     5  2002        0.20
     4     5  2002        7.87
     5     5  2002       10.86
     6     5  2002       13.58
     7     5  2002        7.07
     8     5  2002        1.77
     9     5  2002        3.93
    10     5  2002        1.18
    11     5  2002        1.37
    12     5  2002        0.82
    13     5  2002        1.97
    14     5  2002        0.20
    15     5  2002        0.00
    16     5  2002        0.00
    17     5  2002        0.00
    18     5  2002        0.00
    19     5  2002        0.20
    20     5  2002        7.09
    21     5  2002        5.51
    22     5  2002        1.19
    23     5  2002        1.18
    24     5  2002        0.20
    25     5  2002        5.51
    26     5  2002        2.97
    27     5  2002        0.59
    28     5  2002        4.32
    29     5  2002        0.40
    30     5  2002        7.28
    31     5  2002        0.98
     1     6  2002        0.00
     2     6  2002        0.20
     3     6  2002        0.62
     4     6  2002        1.80
     5     6  2002        0.00
     6     6  2002        0.00
     7     6  2002        3.74
     8     6  2002        0.00
     9     6  2002        0.00
    10     6  2002        0.00
    11     6  2002        4.72
    12     6  2002        0.40
    13     6  2002        0.20
    14     6  2002        0.00
    15     6  2002        0.00
    16     6  2002        1.38
    17     6  2002       15.54
    18     6  2002        1.18
    19     6  2002        0.59
    20     6  2002        0.00
    21     6  2002        2.95
    22     6  2002        0.00
    23     6  2002        0.00
    24     6  2002        0.00
    25     6  2002        0.20
    26     6  2002        0.00
    27     6  2002        0.00
    28     6  2002        0.00
    29     6  2002        0.00
    30     6  2002        0.00
     1     7  2002        0.00
     2     7  2002        0.00
     3     7  2002        0.00
     4     7  2002        0.20
     5     7  2002        0.00
     6     7  2002        1.22
     7     7  2002        0.20
     8     7  2002        0.00
     9     7  2002        0.00
    10     7  2002        0.00
    11     7  2002        0.00
    12     7  2002        0.00
    13     7  2002        0.00
    14     7  2002        0.39
    15     7  2002        0.00
    16     7  2002        0.42
    17     7  2002       12.02
    18     7  2002       11.41
    19     7  2002        2.78
    20     7  2002        5.13
    21     7  2002       13.38
    22     7  2002       24.49
    23     7  2002       15.96
    24     7  2002        3.94
    25     7  2002        0.42
    26     7  2002       11.41
    27     7  2002       15.97
    28     7  2002        3.35
    29     7  2002        1.77
    30     7  2002        0.39
    31     7  2002        2.75
     1     8  2002        0.00
     2     8  2002        0.20
     3     8  2002        0.98
     4     8  2002        0.98
     5     8  2002        0.00
     6     8  2002        0.79
     7     8  2002        0.62
     8     8  2002        0.99
     9     8  2002        0.00
    10     8  2002        0.59
    11     8  2002        0.79
    12     8  2002        2.37
    13     8  2002        0.20
    14     8  2002        0.98
    15     8  2002        1.19
    16     8  2002        1.18
    17     8  2002        0.20
    18     8  2002        0.98
    19     8  2002        0.20
    20     8  2002        0.20
    21     8  2002        0.99
    22     8  2002        0.59
    23     8  2002        1.19
    24     8  2002        2.37
    25     8  2002        5.11
    26     8  2002        3.74
    27     8  2002        0.40
    28     8  2002        0.20
    29     8  2002        0.00
    30     8  2002        0.00
    31     8  2002        3.58
     1     9  2002        3.15
     2     9  2002        4.16
     3     9  2002       11.81
     4     9  2002        2.37
     5     9  2002        1.57
     6     9  2002        0.59
     7     9  2002        0.00
     8     9  2002        1.21
     9     9  2002        0.62
    10     9  2002        0.00
    11     9  2002        0.20
    12     9  2002        8.46
    13     9  2002       18.31
    14     9  2002        9.83
    15     9  2002       10.02
    16     9  2002        8.65
    17     9  2002       19.62
    18     9  2002        6.89
    19     9  2002        1.80
    20     9  2002        1.39
    21     9  2002        9.25
    22     9  2002       18.89
    23     9  2002       13.18
    24     9  2002        9.63
    25     9  2002        1.19
    26     9  2002        2.75
    27     9  2002        1.78
    28     9  2002        1.57
    29     9  2002        8.64
    30     9  2002        2.17
     1    10  2002        1.19
     2    10  2002        6.10
     3    10  2002        0.00
     4    10  2002        0.00
     5    10  2002        0.00
     6    10  2002        0.00
     7    10  2002        0.00
     8    10  2002        0.40
     9    10  2002        0.39
    10    10  2002        2.19
    11    10  2002        2.95
    12    10  2002        1.58
    13    10  2002        0.00
    14    10  2002        0.00
    15    10  2002        0.00
    16    10  2002        0.00
    17    10  2002        0.00
    18    10  2002        0.20
    19    10  2002        3.14
    20    10  2002        0.00
    21    10  2002        3.78
    22    10  2002        0.99
    23    10  2002        0.00
    24    10  2002        1.18
    25    10  2002        0.00
    26    10  2002        0.00
    27    10  2002        0.20
    28    10  2002        0.00
    29    10  2002        0.00
    30    10  2002        0.00
    31    10  2002        0.00
     1    11  2002        0.59
     2    11  2002        0.99
     3    11  2002        0.20
     4    11  2002        3.14
     5    11  2002        1.77
     6    11  2002        0.00
     7    11  2002        0.20
     8    11  2002        0.40
     9    11  2002        0.00
    10    11  2002        0.00
    11    11  2002        0.00
    12    11  2002        0.00
    13    11  2002        0.00
    14    11  2002        0.00
    15    11  2002        0.00
    16    11  2002        0.00
    17    11  2002        0.00
    18    11  2002        0.00
    19    11  2002        0.00
    20    11  2002        0.00
    21    11  2002        1.57
    22    11  2002        0.00
    23    11  2002        0.00
    24    11  2002        0.00
    25    11  2002        0.00
    26    11  2002        0.00
    27    11  2002        0.00
    28    11  2002        0.00
    29    11  2002        0.00
    30    11  2002        0.00
     1    12  2002        0.00
     2    12  2002        0.00
     3    12  2002        0.00
     4    12  2002        0.00
     5    12  2002        0.00
     6    12  2002        0.00
     7    12  2002        0.00
     8    12  2002        0.40
     9    12  2002        0.42
    10    12  2002        3.15
    11    12  2002        0.00
    12    12  2002        0.20
    13    12  2002        0.00
    14    12  2002        0.00
    15    12  2002        0.00
    16    12  2002        0.00
    17    12  2002        0.00
    18    12  2002        0.00
    19    12  2002        0.00
    20    12  2002        0.20
    21    12  2002        1.18
    22    12  2002        0.00
    23    12  2002        0.00
    24    12  2002        0.00
    25    12  2002        0.00
    26    12  2002        0.79
    27    12  2002        0.00
    28    12  2002        1.79
    29    12  2002        3.14
    30    12  2002        3.94
    31    12  2002        0.20
     1     1  2003        4.14
     2     1  2003        3.93
     3     1  2003        0.98
     4     1  2003        1.58
     5     1  2003        0.59
     6     1  2003        0.20
     7     1  2003        0.20
     8     1  2003        0.00
     9     1  2003        0.00
    10     1  2003        0.00
    11     1  2003        0.00
    12     1  2003        3.94
    13     1  2003        0.20
    14     1  2003        0.00
    15     1  2003        0.00
    16     1  2003        0.98
    17     1  2003        0.00
    18     1  2003        0.00
    19     1  2003        0.40
    20     1  2003        0.00
    21     1  2003        0.20
    22     1  2003        1.18
    23     1  2003        0.00
    24     1  2003        0.20
    25     1  2003        0.20
    26     1  2003        1.38
    27     1  2003        1.77
    28     1  2003        0.40
    29     1  2003        1.39
    30     1  2003        0.00
    31     1  2003        0.00
     1     2  2003        0.00
     2     2  2003        0.20
     3     2  2003        0.00
     4     2  2003        0.00
     5     2  2003        0.00
     6     2  2003        0.00
     7     2  2003        0.00
     8     2  2003        0.00
     9     2  2003        0.00
    10     2  2003        0.00
    11     2  2003        0.00
    12     2  2003        0.00
    13     2  2003        0.00
    14     2  2003        0.00
    15     2  2003        0.00
    16     2  2003        0.00
    17     2  2003        0.20
    18     2  2003        4.95
    19     2  2003        0.20
    20     2  2003        0.20
    21     2  2003        0.00
    22     2  2003        0.00
    23     2  2003        0.20
    24     2  2003        0.00
    25     2  2003        0.00
    26     2  2003        0.00
    27     2  2003        0.00
    28     2  2003        0.00
     1     3  2003        0.00
     2     3  2003        0.00
     3     3  2003        0.00
     4     3  2003        0.00
     5     3  2003        0.00
     6     3  2003        0.00
     7     3  2003        0.00
     8     3  2003        0.00
     9     3  2003        0.00
    10     3  2003        0.00
    11     3  2003        0.00
    12     3  2003        0.00
    13     3  2003        0.00
    14     3  2003        0.00
    15     3  2003        0.00
    16     3  2003        0.00
    17     3  2003        0.20
    18     3  2003        0.00
    19     3  2003        0.00
    20     3  2003        0.00
    21     3  2003        0.00
    22     3  2003        0.00
    23     3  2003        0.00
    24     3  2003        0.00
    25     3  2003        0.00
    26     3  2003        0.00
    27     3  2003        0.00
    28     3  2003        0.00
    29     3  2003        5.71
    30     3  2003        0.00
    31     3  2003        0.00
     1     4  2003        0.00
     2     4  2003        0.00
     3     4  2003        0.00
     4     4  2003        0.79
     5     4  2003        2.19
     6     4  2003        0.00
     7     4  2003        0.00
     8     4  2003        0.00
     9     4  2003        0.00
    10     4  2003        0.00
    11     4  2003        0.00
    12     4  2003        0.00
    13     4  2003        0.00
    14     4  2003        0.00
    15     4  2003        0.00
    16     4  2003        0.00
    17     4  2003        0.00
    18     4  2003        0.99
    19     4  2003        0.00
    20     4  2003        3.55
    21     4  2003        0.00
    22     4  2003        6.32
    23     4  2003        0.00
    24     4  2003        0.00
    25     4  2003        0.00
    26     4  2003        0.00
    27     4  2003        0.00
    28     4  2003        0.00
    29     4  2003        0.00
    30     4  2003        0.00
     1     5  2003        1.97
     2     5  2003        0.20
     3     5  2003        2.55
     4     5  2003        2.95
     5     5  2003        0.00
     6     5  2003        0.00
     7     5  2003        0.00
     8     5  2003        0.00
     9     5  2003        0.00
    10     5  2003        0.00
    11     5  2003        0.00
    12     5  2003        0.00
    13     5  2003        0.00
    14     5  2003        0.00
    15     5  2003        0.00
    16     5  2003        0.00
    17     5  2003        0.00
    18     5  2003        7.50
    19     5  2003        0.00
    20     5  2003        0.00
    21     5  2003        0.00
    22     5  2003        0.42
    23     5  2003        0.00
    24     5  2003        0.00
    25     5  2003       11.27
    26     5  2003        1.19
    27     5  2003        0.00
    28     5  2003        0.00
    29     5  2003        2.96
    30     5  2003        0.00
    31     5  2003        1.18
     1     6  2003        0.00
     2     6  2003        0.00
     3     6  2003        0.00
     4     6  2003        0.00
     5     6  2003        0.00
     6     6  2003        0.00
     7     6  2003        0.00
     8     6  2003        0.00
     9     6  2003        0.00
    10     6  2003        0.00
    11     6  2003        0.00
    12     6  2003        0.00
    13     6  2003        0.00
    14     6  2003        0.00
    15     6  2003        0.00
    16     6  2003        0.00
    17     6  2003        0.00
    18     6  2003        0.00
    19     6  2003        0.00
    20     6  2003        2.17
    21     6  2003        0.20
    22     6  2003        0.00
    23     6  2003        0.00
    24     6  2003        0.00
    25     6  2003        0.00
    26     6  2003        0.00
    27     6  2003        0.00
    28     6  2003        0.00
    29     6  2003        0.00
    30     6  2003        0.00
     1     7  2003        0.00
     2     7  2003        0.00
     3     7  2003        0.00
     4     7  2003        4.52
     5     7  2003        0.00
     6     7  2003        1.57
     7     7  2003        2.95
     8     7  2003        6.31
     9     7  2003        0.00
    10     7  2003        0.00
    11     7  2003        0.79
    12     7  2003        5.11
    13     7  2003        0.00
    14     7  2003        0.00
    15     7  2003        0.20
    16     7  2003        0.00
    17     7  2003        0.00
    18     7  2003        0.00
    19     7  2003        0.00
    20     7  2003        0.00
    21     7  2003        0.00
    22     7  2003        0.00
    23     7  2003        0.00
    24     7  2003        0.00
    25     7  2003        0.00
    26     7  2003        0.00
    27     7  2003        0.00
    28     7  2003        0.00
    29     7  2003        0.00
    30     7  2003        0.00
    31     7  2003        0.00
     1     8  2003        0.00
     2     8  2003        0.00
     3     8  2003        0.00
     4     8  2003        0.00
     5     8  2003        0.00
     6     8  2003        0.00
     7     8  2003        0.00
     8     8  2003        0.00
     9     8  2003        0.00
    10     8  2003        0.00
    11     8  2003        0.00
    12     8  2003        0.00
    13     8  2003        0.00
    14     8  2003        0.00
    15     8  2003        0.00
    16     8  2003        0.00
    17     8  2003        0.00
    18     8  2003        0.00
    19     8  2003        0.00
    20     8  2003        0.00
    21     8  2003        0.00
    22     8  2003        0.00
    23     8  2003        0.00
    24     8  2003        0.00
    25     8  2003        0.00
    26     8  2003        0.00
    27     8  2003        0.00
    28     8  2003        0.79
    29     8  2003        1.38
    30     8  2003        0.00
    31     8  2003        5.71
     1     9  2003        0.20
     2     9  2003        0.00
     3     9  2003        0.98
     4     9  2003        0.00
     5     9  2003        0.20
     6     9  2003        0.00
     7     9  2003        0.00
     8     9  2003        0.00
     9     9  2003        0.00
    10     9  2003        0.00
    11     9  2003        0.00
    12     9  2003        0.00
    13     9  2003        0.00
    14     9  2003        0.00
    15     9  2003        0.00
    16     9  2003        0.00
    17     9  2003        0.00
    18     9  2003        0.20
    19     9  2003        1.77
    20     9  2003        0.00
    21     9  2003        1.77
    22     9  2003        0.00
    23     9  2003        0.20
    24     9  2003        3.92
    25     9  2003        3.93
    26     9  2003        0.79
    27     9  2003        0.00
    28     9  2003        0.00
    29     9  2003        0.00
    30     9  2003        0.00
     1    10  2003        0.00
     2    10  2003        0.00
     3    10  2003        0.00
     4    10  2003        0.00
     5    10  2003        0.00
     6    10  2003        0.00
     7    10  2003        0.00
     8    10  2003        0.00
     9    10  2003        0.00
    10    10  2003        0.00
    11    10  2003        0.00
    12    10  2003        0.00
    13    10  2003        0.00
    14    10  2003        0.20
    15    10  2003        0.00
    16    10  2003        0.00
    17    10  2003        0.00
    18    10  2003        0.00
    19    10  2003        0.00
    20    10  2003        0.00
    21    10  2003        0.00
    22    10  2003        0.00
    23    10  2003        0.00
    24    10  2003        0.00
    25    10  2003        0.00
    26    10  2003        0.00
    27    10  2003        0.00
    28    10  2003        0.00
    29    10  2003        0.00
    30    10  2003        0.00
    31    10  2003        0.00
     1    11  2003        0.00
     2    11  2003        1.77
     3    11  2003        0.40
     4    11  2003        7.08
     5    11  2003        0.40
     6    11  2003        4.52
     7    11  2003        0.20
     8    11  2003        0.20
     9    11  2003        0.00
    10    11  2003        0.00
    11    11  2003        0.00
    12    11  2003        0.00
    13    11  2003        0.00
    14    11  2003        0.00
    15    11  2003        0.00
    16    11  2003        0.00
    17    11  2003        0.20
    18    11  2003        3.53
    19    11  2003        0.20
    20    11  2003        0.00
    21    11  2003        0.20
    22    11  2003        0.00
    23    11  2003        0.00
    24    11  2003        0.00
    25    11  2003        0.00
    26    11  2003        0.00
    27    11  2003        0.00
    28    11  2003        0.00
    29    11  2003        0.00
    30    11  2003        0.00
     1    12  2003        0.00
     2    12  2003        0.00
     3    12  2003        0.00
     4    12  2003        0.00
     5    12  2003        0.00
     6    12  2003        0.00
     7    12  2003        0.00
     8    12  2003        0.00
     9    12  2003        0.00
    10    12  2003        0.00
    11    12  2003        0.00
    12    12  2003        0.00
    13    12  2003        0.00
    14    12  2003        0.00
    15    12  2003        0.00
    16    12  2003        0.00
    17    12  2003        0.20
    18    12  2003        0.20
    19    12  2003        0.00
    20    12  2003        0.00
    21    12  2003        0.20
    22    12  2003        0.40
    23    12  2003        0.79
    24    12  2003        1.22
    25    12  2003        3.33
    26    12  2003        3.57
    27    12  2003        1.99
    28    12  2003        2.17
    29    12  2003        1.18
    30    12  2003        0.79
    31    12  2003        1.38
     1     1  2004        8.06
     2     1  2004        0.39
     3     1  2004        0.40
     4     1  2004        2.00
     5     1  2004        1.41
     6     1  2004        0.00
     7     1  2004        0.00
     8     1  2004        0.20
     9     1  2004        0.40
    10     1  2004        0.20
    11     1  2004        0.00
    12     1  2004        0.00
    13     1  2004        0.00
    14     1  2004        0.20
    15     1  2004        0.00
    16     1  2004        0.00
    17     1  2004        0.00
    18     1  2004        0.00
    19     1  2004        0.00
    20     1  2004        0.00
    21     1  2004        0.42
    22     1  2004        0.00
    23     1  2004        0.00
    24     1  2004        0.00
    25     1  2004        0.00
    26     1  2004        0.00
    27     1  2004        0.00
    28     1  2004        0.59
    29     1  2004        2.79
    30     1  2004        3.55
    31     1  2004        0.00
     1     2  2004        0.62
     2     2  2004        0.00
     3     2  2004        0.00
     4     2  2004        0.00
     5     2  2004        0.00
     6     2  2004        0.59
     7     2  2004        0.00
     8     2  2004        0.00
     9     2  2004        0.00
    10     2  2004        0.00
    11     2  2004        0.00
    12     2  2004        0.00
    13     2  2004        0.00
    14     2  2004        0.00
    15     2  2004        0.00
    16     2  2004        0.20
    17     2  2004        0.00
    18     2  2004        0.00
    19     2  2004        0.00
    20     2  2004        0.00
    21     2  2004        0.00
    22     2  2004        0.00
    23     2  2004        0.00
    24     2  2004        0.00
    25     2  2004        0.99
    26     2  2004        6.49
    27     2  2004        0.20
    28     2  2004        0.00
    29     2  2004        6.71
     1     3  2004        3.56
     2     3  2004        0.00
     3     3  2004        0.59
     4     3  2004        0.39
     5     3  2004        0.20
     6     3  2004        1.37
     7     3  2004        0.98
     8     3  2004        1.59
     9     3  2004        1.18
    10     3  2004        0.00
    11     3  2004        0.00
    12     3  2004        1.77
    13     3  2004        0.00
    14     3  2004        0.00
    15     3  2004        0.00
    16     3  2004        5.54
    17     3  2004        0.00
    18     3  2004        0.00
    19     3  2004        8.51
    20     3  2004        0.00
    21     3  2004        0.00
    22     3  2004        0.20
    23     3  2004        0.40
    24     3  2004        0.00
    25     3  2004        0.20
    26     3  2004        2.56
    27     3  2004        2.77
    28     3  2004        0.20
    29     3  2004        0.00
    30     3  2004        0.00
    31     3  2004        0.20
     1     4  2004        0.00
     2     4  2004        0.00
     3     4  2004        0.00
     4     4  2004        0.00
     5     4  2004        0.00
     6     4  2004        0.00
     7     4  2004        0.00
     8     4  2004        0.00
     9     4  2004        0.00
    10     4  2004        0.00
    11     4  2004        0.00
    12     4  2004        0.62
    13     4  2004        0.00
    14     4  2004        0.00
    15     4  2004        2.95
    16     4  2004        0.00
    17     4  2004        0.40
    18     4  2004        2.17
    19     4  2004        0.99
    20     4  2004        2.59
    21     4  2004        3.92
    22     4  2004        0.40
    23     4  2004        0.20
    24     4  2004        0.00
    25     4  2004        0.00
    26     4  2004        0.59
    27     4  2004        0.20
    28     4  2004        0.00
    29     4  2004        0.79
    30     4  2004        0.00
     1     5  2004        0.00
     2     5  2004        0.20
     3     5  2004        0.00
     4     5  2004        0.00
     5     5  2004        0.00
     6     5  2004        0.00
     7     5  2004        0.00
     8     5  2004        0.00
     9     5  2004        0.00
    10     5  2004        0.00
    11     5  2004        2.95
    12     5  2004        0.00
    13     5  2004        3.55
    14     5  2004        1.18
    15     5  2004        0.39
    16     5  2004        1.38
    17     5  2004        1.38
    18     5  2004        3.74
    19     5  2004        1.97
    20     5  2004        0.79
    21     5  2004        3.94
    22     5  2004        0.20
    23     5  2004        0.00
    24     5  2004        0.20
    25     5  2004        0.00
    26     5  2004        0.00
    27     5  2004        0.00
    28     5  2004        0.00
    29     5  2004        0.00
    30     5  2004        0.00
    31     5  2004        0.00
     1     6  2004        0.00
     2     6  2004        0.20
     3     6  2004        0.00
     4     6  2004        0.98
     5     6  2004        0.00
     6     6  2004        0.20
     7     6  2004        0.40
     8     6  2004        0.00
     9     6  2004        0.00
    10     6  2004        0.00
    11     6  2004        0.00
    12     6  2004        0.00
    13     6  2004        0.00
    14     6  2004        0.20
    15     6  2004        0.00
    16     6  2004        0.00
    17     6  2004        0.00
    18     6  2004        0.00
    19     6  2004        1.77
    20     6  2004        0.39
    21     6  2004        0.00
    22     6  2004        0.00
    23     6  2004        0.00
    24     6  2004        0.39
    25     6  2004        2.75
    26     6  2004        3.73
    27     6  2004        2.56
    28     6  2004        1.97
    29     6  2004        0.59
    30     6  2004        0.42
     1     7  2004        6.11
     2     7  2004        1.58
     3     7  2004        1.58
     4     7  2004        0.00
     5     7  2004        0.00
     6     7  2004        0.00
     7     7  2004        0.00
     8     7  2004        0.00
     9     7  2004        0.79
    10     7  2004        0.20
    11     7  2004        0.00
    12     7  2004        0.00
    13     7  2004        0.00
    14     7  2004        0.00
    15     7  2004        0.00
    16     7  2004        0.00
    17     7  2004        0.20
    18     7  2004        0.20
    19     7  2004        4.93
    20     7  2004        2.75
    21     7  2004        2.78
    22     7  2004        0.00
    23     7  2004        0.20
    24     7  2004        0.00
    25     7  2004        0.20
    26     7  2004        0.00
    27     7  2004        0.00
    28     7  2004        0.00
    29     7  2004        0.00
    30     7  2004        0.00
    31     7  2004        0.00
     1     8  2004        0.00
     2     8  2004        0.00
     3     8  2004        0.00
     4     8  2004        0.00
     5     8  2004        0.00
     6     8  2004        0.00
     7     8  2004        0.00
     8     8  2004        0.00
     9     8  2004        0.00
    10     8  2004        0.00
    11     8  2004        0.00
    12     8  2004        0.00
    13     8  2004        0.00
    14     8  2004        0.00
    15     8  2004        0.00
    16     8  2004        1.37
    17     8  2004        0.20
    18     8  2004        0.00
    19     8  2004        0.00
    20     8  2004        0.00
    21     8  2004        0.81
    22     8  2004        0.00
    23     8  2004        0.00
    24     8  2004        0.00
    25     8  2004        0.00
    26     8  2004        0.00
    27     8  2004        0.00
    28     8  2004        0.00
    29     8  2004        0.00
    30     8  2004        0.00
    31     8  2004        0.00
     1     9  2004        0.00
     2     9  2004        0.00
     3     9  2004        0.00
     4     9  2004        0.00
     5     9  2004        0.00
     6     9  2004        0.00
     7     9  2004        0.00
     8     9  2004        0.00
     9     9  2004        0.00
    10     9  2004        0.00
    11     9  2004        0.00
    12     9  2004        0.20
    13     9  2004        1.97
    14     9  2004        0.00
    15     9  2004        0.00
    16     9  2004        0.00
    17     9  2004        0.00
    18     9  2004        0.00
    19     9  2004        0.00
    20     9  2004        0.00
    21     9  2004        0.00
    22     9  2004        0.00
    23     9  2004        0.00
    24     9  2004        0.00
    25     9  2004        0.00
    26     9  2004        0.00
    27     9  2004        0.00
    28     9  2004        0.00
    29     9  2004        0.00
    30     9  2004        0.00
     1    10  2004        0.00
     2    10  2004        0.42
     3    10  2004        0.00
     4    10  2004        0.20
     5    10  2004        0.00
     6    10  2004        0.00
     7    10  2004        0.00
     8    10  2004        0.00
     9    10  2004        0.00
    10    10  2004        0.00
    11    10  2004        0.00
    12    10  2004        0.00
    13    10  2004        0.00
    14    10  2004        0.00
    15    10  2004        0.00
    16    10  2004        0.00
    17    10  2004        0.00
    18    10  2004        0.00
    19    10  2004        0.00
    20    10  2004        0.00
    21    10  2004        0.00
    22    10  2004        0.00
    23    10  2004        0.00
    24    10  2004        0.00
    25    10  2004        0.00
    26    10  2004        0.00
    27    10  2004        0.00
    28    10  2004        0.00
    29    10  2004        0.00
    30    10  2004        0.00
    31    10  2004        0.00
     1    11  2004        0.00
     2    11  2004        0.00
     3    11  2004        0.00
     4    11  2004        0.00
     5    11  2004        0.00
     6    11  2004        0.99
     7    11  2004        4.55
     8    11  2004        3.75
     9    11  2004        1.77
    10    11  2004        5.31
    11    11  2004        0.98
    12    11  2004        0.00
    13    11  2004        0.40
    14    11  2004       11.29
    15    11  2004        8.47
    16    11  2004       24.80
    17    11  2004        9.44
    18    11  2004        2.56
    19    11  2004        0.00
    20    11  2004        6.29
    21    11  2004        2.95
    22    11  2004        0.40
    23    11  2004        1.78
    24    11  2004        0.79
    25    11  2004        0.00
    26    11  2004        0.00
    27    11  2004       10.62
    28    11  2004        1.76
    29    11  2004        0.00
    30    11  2004        0.00
     1    12  2004        0.00
     2    12  2004        0.00
     3    12  2004       16.18
     4    12  2004        4.71
     5    12  2004        1.57
     6    12  2004        3.94
     7    12  2004        0.99
     8    12  2004        0.00
     9    12  2004        0.00
    10    12  2004        0.00
    11    12  2004        0.00
    12    12  2004        0.20
    13    12  2004        5.69
    14    12  2004        0.00
    15    12  2004        0.00
    16    12  2004        0.39
    17    12  2004        2.59
    18    12  2004        1.57
    19    12  2004        2.17
    20    12  2004        2.95
    21    12  2004        3.73
    22    12  2004        0.99
    23    12  2004        6.48
    24    12  2004        0.20
    25    12  2004       15.56
    26    12  2004       17.52
    27    12  2004        3.17
    28    12  2004        1.18
    29    12  2004        0.20
    30    12  2004        1.78
    31    12  2004        2.57
     1     1  2005        0.20
     2     1  2005        0.00
     3     1  2005        0.00
     4     1  2005        3.55
     5     1  2005        2.36
     6     1  2005       10.46
     7     1  2005       18.50
     8     1  2005        6.68
     9     1  2005        0.60
    10     1  2005        0.00
    11     1  2005        0.42
    12     1  2005        2.17
    13     1  2005        0.00
    14     1  2005        0.40
    15     1  2005        0.20
    16     1  2005        3.34
    17     1  2005        6.68
    18     1  2005        3.54
    19     1  2005        0.78
    20     1  2005        0.59
    21     1  2005        0.20
    22     1  2005        1.38
    23     1  2005        0.00
    24     1  2005        0.20
    25     1  2005        0.00
    26     1  2005        0.00
    27     1  2005        0.00
    28     1  2005        0.00
    29     1  2005        0.00
    30     1  2005        0.00
    31     1  2005        0.00
     1     2  2005        0.00
     2     2  2005        0.00
     3     2  2005        0.00
     4     2  2005        0.00
     5     2  2005        0.20
     6     2  2005        0.20
     7     2  2005        0.00
     8     2  2005        0.00
     9     2  2005        0.00
    10     2  2005        0.00
    11     2  2005        0.00
    12     2  2005        0.20
    13     2  2005        0.00
    14     2  2005        1.77
    15     2  2005        0.00
    16     2  2005        0.00
    17     2  2005        0.59
    18     2  2005        0.00
    19     2  2005        0.00
    20     2  2005        0.59
    21     2  2005        0.00
    22     2  2005        2.36
    23     2  2005        0.20
    24     2  2005        0.00
    25     2  2005        0.00
    26     2  2005        0.39
    27     2  2005        0.20
    28     2  2005        1.38
     1     3  2005        4.32
     2     3  2005        0.20
     3     3  2005        0.00
     4     3  2005        0.00
     5     3  2005        0.00
     6     3  2005        0.20
     7     3  2005        0.00
     8     3  2005        0.00
     9     3  2005        0.00
    10     3  2005        0.79
    11     3  2005        0.00
    12     3  2005        0.00
    13     3  2005        0.00
    14     3  2005        0.00
    15     3  2005        0.00
    16     3  2005        0.00
    17     3  2005        0.00
    18     3  2005        0.00
    19     3  2005        0.00
    20     3  2005        0.00
    21     3  2005        0.00
    22     3  2005        0.00
    23     3  2005        0.00
    24     3  2005        1.58
    25     3  2005        1.57
    26     3  2005        1.58
    27     3  2005        1.96
    28     3  2005        0.40
    29     3  2005        2.17
    30     3  2005        5.12
    31     3  2005        0.00
     1     4  2005        0.20
     2     4  2005        0.00
     3     4  2005        0.00
     4     4  2005        1.38
     5     4  2005        2.16
     6     4  2005        0.00
     7     4  2005        0.40
     8     4  2005        0.00
     9     4  2005        0.20
    10     4  2005        0.79
    11     4  2005        0.00
    12     4  2005        0.79
    13     4  2005        0.39
    14     4  2005        0.20
    15     4  2005        0.20
    16     4  2005        0.20
    17     4  2005        0.20
    18     4  2005        0.00
    19     4  2005        0.59
    20     4  2005        2.36
    21     4  2005        0.00
    22     4  2005        7.66
    23     4  2005        0.00
    24     4  2005        1.97
    25     4  2005        0.98
    26     4  2005        0.00
    27     4  2005        0.00
    28     4  2005        0.00
    29     4  2005        0.00
    30     4  2005        0.00
     1     5  2005        0.00
     2     5  2005        0.20
     3     5  2005        0.00
     4     5  2005        0.00
     5     5  2005        0.00
     6     5  2005        0.00
     7     5  2005        0.00
     8     5  2005        0.00
     9     5  2005        2.56
    10     5  2005        0.59
    11     5  2005        0.00
    12     5  2005        0.20
    13     5  2005        0.20
    14     5  2005        0.00
    15     5  2005        0.62
    16     5  2005        0.00
    17     5  2005        0.00
    18     5  2005        0.00
    19     5  2005        0.39
    20     5  2005        0.00
    21     5  2005        0.00
    22     5  2005        0.00
    23     5  2005        0.79
    24     5  2005        0.00
    25     5  2005        0.20
    26     5  2005        0.20
    27     5  2005        0.40
    28     5  2005        0.00
    29     5  2005        0.00
    30     5  2005        0.00
    31     5  2005        0.00
     1     6  2005        1.38
     2     6  2005        0.99
     3     6  2005        0.00
     4     6  2005        0.00
     5     6  2005        0.40
     6     6  2005        1.37
     7     6  2005        1.18
     8     6  2005        3.15
     9     6  2005        0.00
    10     6  2005        0.40
    11     6  2005        0.20
    12     6  2005        0.59
    13     6  2005        0.59
    14     6  2005        0.00
    15     6  2005        0.99
    16     6  2005        1.61
    17     6  2005        0.00
    18     6  2005        0.99
    19     6  2005        3.15
    20     6  2005        0.20
    21     6  2005        2.16
    22     6  2005        0.79
    23     6  2005        0.79
    24     6  2005        0.00
    25     6  2005        0.00
    26     6  2005        0.00
    27     6  2005        0.00
    28     6  2005        0.00
    29     6  2005        0.00
    30     6  2005        0.00
     1     7  2005        0.00
     2     7  2005        0.00
     3     7  2005        0.20
     4     7  2005        0.00
     5     7  2005        0.00
     6     7  2005        0.00
     7     7  2005        0.78
     8     7  2005        0.20
     9     7  2005        0.00
    10     7  2005        0.00
    11     7  2005        0.00
    12     7  2005        0.00
    13     7  2005        6.30
    14     7  2005        0.20
    15     7  2005        1.19
    16     7  2005        0.39
    17     7  2005        7.29
    18     7  2005        0.00
    19     7  2005        0.00
    20     7  2005        0.00
    21     7  2005        0.00
    22     7  2005        0.00
    23     7  2005        0.00
    24     7  2005        0.00
    25     7  2005        1.77
    26     7  2005        0.00
    27     7  2005        0.00
    28     7  2005        0.20
    29     7  2005        0.40
    30     7  2005        0.00
    31     7  2005        0.00
     1     8  2005        0.20
     2     8  2005        0.00
     3     8  2005        0.00
     4     8  2005        0.00
     5     8  2005        0.00
     6     8  2005        0.00
     7     8  2005        0.00
     8     8  2005        0.00
     9     8  2005        0.00
    10     8  2005        0.00
    11     8  2005        0.20
    12     8  2005        0.00
    13     8  2005        1.57
    14     8  2005        0.00
    15     8  2005        0.00
    16     8  2005        0.00
    17     8  2005        0.00
    18     8  2005        2.56
    19     8  2005        0.00
    20     8  2005        0.00
    21     8  2005        0.20
    22     8  2005        0.00
    23     8  2005        0.00
    24     8  2005        0.20
    25     8  2005        0.82
    26     8  2005        0.20
    27     8  2005        0.00
    28     8  2005        0.00
    29     8  2005        0.00
    30     8  2005        0.00
    31     8  2005        0.00
     1     9  2005        0.00
     2     9  2005        0.00
     3     9  2005        1.58
     4     9  2005        0.00
     5     9  2005        2.36
     6     9  2005        0.59
     7     9  2005        2.75
     8     9  2005        2.36
     9     9  2005        0.79
    10     9  2005        2.36
    11     9  2005        3.74
    12     9  2005        0.00
    13     9  2005        0.20
    14     9  2005        0.20
    15     9  2005        0.00
    16     9  2005        0.00
    17     9  2005        0.20
    18     9  2005        0.00
    19     9  2005        0.00
    20     9  2005        0.00
    21     9  2005        0.00
    22     9  2005        0.40
    23     9  2005        0.00
    24     9  2005        0.00
    25     9  2005        0.00
    26     9  2005        1.18
    27     9  2005        0.00
    28     9  2005        1.97
    29     9  2005        0.00
    30     9  2005        0.00
     1    10  2005        1.97
     2    10  2005        0.39
     3    10  2005        0.00
     4    10  2005        1.77
     5    10  2005        0.59
     6    10  2005        0.98
     7    10  2005        0.00
     8    10  2005        0.00
     9    10  2005        0.00
    10    10  2005        0.00
    11    10  2005        0.00
    12    10  2005        0.00
    13    10  2005        0.00
    14    10  2005        0.00
    15    10  2005        0.00
    16    10  2005        0.00
    17    10  2005        0.00
    18    10  2005        0.00
    19    10  2005        0.00
    20    10  2005        0.00
    21    10  2005        0.00
    22    10  2005        0.00
    23    10  2005        0.00
    24    10  2005        0.00
    25    10  2005        0.00
    26    10  2005        3.54
    27    10  2005        1.77
    28    10  2005        0.00
    29    10  2005        2.36
    30    10  2005        0.00
    31    10  2005        1.58
     1    11  2005        0.40
     2    11  2005        0.00
     3    11  2005        0.00
     4    11  2005        0.00
     5    11  2005        0.00
     6    11  2005        0.98
     7    11  2005        0.00
     8    11  2005        0.00
     9    11  2005        0.00
    10    11  2005        0.00
    11    11  2005        0.00
    12    11  2005        0.00
    13    11  2005        0.00
    14    11  2005        0.00
    15    11  2005        0.00
    16    11  2005        0.00
    17    11  2005        0.00
    18    11  2005        0.00
    19    11  2005        0.00
    20    11  2005        2.95
    21    11  2005        1.58
    22    11  2005        0.00
    23    11  2005        0.00
    24    11  2005        0.00
    25    11  2005        0.00
    26    11  2005        0.00
    27    11  2005        0.00
    28    11  2005        0.00
    29    11  2005        0.00
    30    11  2005        0.00
     1    12  2005        0.00
     2    12  2005        0.00
     3    12  2005        0.00
     4    12  2005        0.00
     5    12  2005        0.42
     6    12  2005        1.18
     7    12  2005        0.00
     8    12  2005        0.00
     9    12  2005        0.00
    10    12  2005        0.00
    11    12  2005        0.00
    12    12  2005        0.00
    13    12  2005        0.00
    14    12  2005        0.00
    15    12  2005        0.00
    16    12  2005        0.00
    17    12  2005        0.00
    18    12  2005        0.00
    19    12  2005        0.00
    20    12  2005        0.00
    21    12  2005        0.00
    22    12  2005        0.00
    23    12  2005        0.00
    24    12  2005        0.62
    25    12  2005        0.00
    26    12  2005        0.00
    27    12  2005        0.00
    28    12  2005        0.00
    29    12  2005        0.00
    30    12  2005        0.00
    31    12  2005        0.00
     1     1  2006        0.00
     2     1  2006        0.00
     3     1  2006        0.00
     4     1  2006        0.00
     5     1  2006        0.00
     6     1  2006        0.00
     7     1  2006        0.00
     8     1  2006        0.00
     9     1  2006        0.00
    10     1  2006        0.00
    11     1  2006        0.00
    12     1  2006        0.00
    13     1  2006        0.00
    14     1  2006        0.00
    15     1  2006        0.00
    16     1  2006        0.00
    17     1  2006        0.20
    18     1  2006        0.00
    19     1  2006        0.00
    20     1  2006        0.00
    21     1  2006        0.00
    22     1  2006        0.00
    23     1  2006        0.00
    24     1  2006        0.00
    25     1  2006        0.00
    26     1  2006        0.00
    27     1  2006        0.00
    28     1  2006        0.00
    29     1  2006        0.00
    30     1  2006        0.00
    31     1  2006        0.00
     1     2  2006        0.20
     2     2  2006        0.00
     3     2  2006        0.00
     4     2  2006        0.00
     5     2  2006        0.00
     6     2  2006        0.00
     7     2  2006        0.00
     8     2  2006        0.00
     9     2  2006        0.20
    10     2  2006        0.00
    11     2  2006        0.00
    12     2  2006        0.00
    13     2  2006        0.00
    14     2  2006        0.00
    15     2  2006        0.00
    16     2  2006        0.00
    17     2  2006        0.00
    18     2  2006        0.20
    19     2  2006        0.00
    20     2  2006        1.41
    21     2  2006        0.59
    22     2  2006        0.00
    23     2  2006        0.00
    24     2  2006        0.00
    25     2  2006        0.00
    26     2  2006        0.00
    27     2  2006        0.00
    28     2  2006        0.00
     1     3  2006        0.00
     2     3  2006        0.20
     3     3  2006        0.00
     4     3  2006        0.00
     5     3  2006        0.00
     6     3  2006        0.00
     7     3  2006        0.00
     8     3  2006        0.00
     9     3  2006        0.00
    10     3  2006        0.00
    11     3  2006        0.00
    12     3  2006        0.00
    13     3  2006        0.00
    14     3  2006        0.00
    15     3  2006        0.00
    16     3  2006        2.16
    17     3  2006        0.00
    18     3  2006        4.53
    19     3  2006        0.59
    20     3  2006        0.00
    21     3  2006        0.00
    22     3  2006        0.39
    23     3  2006        0.79
    24     3  2006        0.20
    25     3  2006        0.00
    26     3  2006        0.00
    27     3  2006        2.56
    28     3  2006        5.10
    29     3  2006        2.36
    30     3  2006        0.60
    31     3  2006        0.59
     1     4  2006        0.00
     2     4  2006        1.02
     3     4  2006        0.99
     4     4  2006        2.60
     5     4  2006        1.96
     6     4  2006        1.78
     7     4  2006        2.75
     8     4  2006        0.40
     9     4  2006        0.60
    10     4  2006        2.19
    11     4  2006        1.60
    12     4  2006        4.91
    13     4  2006        6.48
    14     4  2006        1.58
    15     4  2006        0.40
    16     4  2006        0.98
    17     4  2006        4.13
    18     4  2006        1.41
    19     4  2006        3.35
    20     4  2006        0.99
    21     4  2006        1.77
    22     4  2006        1.02
    23     4  2006        0.00
    24     4  2006        0.20
    25     4  2006        0.60
    26     4  2006        0.20
    27     4  2006        1.19
    28     4  2006        3.93
    29     4  2006        2.94
    30     4  2006        2.36
     1     5  2006        0.42
     2     5  2006        2.17
     3     5  2006        0.00
     4     5  2006        0.20
     5     5  2006        0.40
     6     5  2006        0.00
     7     5  2006        0.00
     8     5  2006        2.17
     9     5  2006        4.33
    10     5  2006        0.20
    11     5  2006        9.85
    12     5  2006        0.00
    13     5  2006        3.74
    14     5  2006        0.00
    15     5  2006        0.00
    16     5  2006        0.00
    17     5  2006        0.00
    18     5  2006        0.00
    19     5  2006        0.00
    20     5  2006        0.00
    21     5  2006        0.00
    22     5  2006        0.00
    23     5  2006        0.00
    24     5  2006        0.00
    25     5  2006        0.00
    26     5  2006        0.00
    27     5  2006        0.00
    28     5  2006        0.00
    29     5  2006        0.00
    30     5  2006        0.00
    31     5  2006        0.00
     1     6  2006        1.18
     2     6  2006        0.00
     3     6  2006        0.00
     4     6  2006        0.00
     5     6  2006        0.00
     6     6  2006        0.00
     7     6  2006        0.00
     8     6  2006        0.00
     9     6  2006        0.00
    10     6  2006        0.00
    11     6  2006        0.00
    12     6  2006        0.00
    13     6  2006        0.00
    14     6  2006        2.56
    15     6  2006        0.00
    16     6  2006        0.99
    17     6  2006        0.20
    18     6  2006        0.00
    19     6  2006        0.00
    20     6  2006        0.00
    21     6  2006        0.20
    22     6  2006        0.82
    23     6  2006        0.00
    24     6  2006        0.00
    25     6  2006        1.97
    26     6  2006        2.16
    27     6  2006        3.15
    28     6  2006        3.93
    29     6  2006        0.60
    30     6  2006        3.15
     1     7  2006        0.99
     2     7  2006        0.20
     3     7  2006        0.00
     4     7  2006        0.00
     5     7  2006        0.00
     6     7  2006        0.00
     7     7  2006        1.37
     8     7  2006        0.00
     9     7  2006        0.00
    10     7  2006        0.00
    11     7  2006        0.00
    12     7  2006        0.00
    13     7  2006        0.00
    14     7  2006        0.00
    15     7  2006        1.38
    16     7  2006        0.20
    17     7  2006        2.17
    18     7  2006        0.39
    19     7  2006        0.20
    20     7  2006        0.00
    21     7  2006        0.00
    22     7  2006        0.00
    23     7  2006        0.20
    24     7  2006        0.00
    25     7  2006        0.00
    26     7  2006        2.56
    27     7  2006        4.18
    28     7  2006        2.16
    29     7  2006        2.17
    30     7  2006        1.59
    31     7  2006        8.07
     1     8  2006        0.20
     2     8  2006        0.00
     3     8  2006        0.39
     4     8  2006        0.00
     5     8  2006        0.00
     6     8  2006        0.00
     7     8  2006        0.59
     8     8  2006        3.34
     9     8  2006        1.58
    10     8  2006        0.00
    11     8  2006        0.40
    12     8  2006        0.39
    13     8  2006        2.76
    14     8  2006        0.20
    15     8  2006        0.20
    16     8  2006        0.00
    17     8  2006        0.00
    18     8  2006        0.00
    19     8  2006        0.00
    20     8  2006        0.00
    21     8  2006        0.00
    22     8  2006        0.00
    23     8  2006        0.00
    24     8  2006        0.00
    25     8  2006        0.00
    26     8  2006        0.00
    27     8  2006        0.00
    28     8  2006        0.00
    29     8  2006        0.00
    30     8  2006        0.00
    31     8  2006        0.00
     1     9  2006        0.20
     2     9  2006        0.00
     3     9  2006        0.00
     4     9  2006        0.00
     5     9  2006        0.00
     6     9  2006        0.00
     7     9  2006        0.00
     8     9  2006        0.00
     9     9  2006        0.00
    10     9  2006        0.20
    11     9  2006        0.00
    12     9  2006        0.00
    13     9  2006        0.00
    14     9  2006        0.39
    15     9  2006        0.00
    16     9  2006        0.00
    17     9  2006        0.00
    18     9  2006        0.20
    19     9  2006        0.20
    20     9  2006        5.11
    21     9  2006        1.19
    22     9  2006        0.79
    23     9  2006        1.18
    24     9  2006        0.00
    25     9  2006        0.00
    26     9  2006        0.00
    27     9  2006        0.00
    28     9  2006        0.39
    29     9  2006        2.95
    30     9  2006        0.20
     1    10  2006        0.00
     2    10  2006        0.00
     3    10  2006        0.00
     4    10  2006        0.00
     5    10  2006        0.00
     6    10  2006        0.00
     7    10  2006        0.00
     8    10  2006        0.00
     9    10  2006        0.99
    10    10  2006        0.39
    11    10  2006        0.20
    12    10  2006        0.00
    13    10  2006        1.18
    14    10  2006        0.00
    15    10  2006        0.00
    16    10  2006        0.00
    17    10  2006        0.00
    18    10  2006        0.00
    19    10  2006        0.00
    20    10  2006        0.00
    21    10  2006        0.00
    22    10  2006        1.38
    23    10  2006        3.35
    24    10  2006        2.16
    25    10  2006        2.56
    26    10  2006        1.58
    27    10  2006        0.00
    28    10  2006        0.00
    29    10  2006        0.00
    30    10  2006        0.00
    31    10  2006        0.00
     1    11  2006        0.00
     2    11  2006        0.00
     3    11  2006        0.00
     4    11  2006        0.00
     5    11  2006        0.00
     6    11  2006        0.00
     7    11  2006        0.00
     8    11  2006        0.00
     9    11  2006        0.00
    10    11  2006        0.00
    11    11  2006        0.00
    12    11  2006        0.00
    13    11  2006        0.00
    14    11  2006        0.00
    15    11  2006        0.00
    16    11  2006        0.00
    17    11  2006        0.00
    18    11  2006        0.00
    19    11  2006        0.00
    20    11  2006        0.00
    21    11  2006        0.00
    22    11  2006        0.00
    23    11  2006        1.77
    24    11  2006        3.96
    25    11  2006        3.93
    26    11  2006        0.40
    27    11  2006        0.00
    28    11  2006        0.00
    29    11  2006        0.00
    30    11  2006        0.00
     1    12  2006        0.00
     2    12  2006        0.00
     3    12  2006        0.00
     4    12  2006        0.00
     5    12  2006        0.98
     6    12  2006        0.00
     7    12  2006        2.76
     8    12  2006        1.58
     9    12  2006        1.77
    10    12  2006        1.97
    11    12  2006        2.36
    12    12  2006        2.74
    13    12  2006        0.20
    14    12  2006        2.16
    15    12  2006        0.00
    16    12  2006        0.00
    17    12  2006        0.00
    18    12  2006        0.00
    19    12  2006        0.00
    20    12  2006        0.00
    21    12  2006        0.00
    22    12  2006        0.00
    23    12  2006        0.00
    24    12  2006        0.00
    25    12  2006        0.00
    26    12  2006        0.00
    27    12  2006        0.00
    28    12  2006        0.00
    29    12  2006        0.00
    30    12  2006        0.00
    31    12  2006        0.98
     1     1  2007        0.00
     2     1  2007        0.39
     3     1  2007        1.37
     4     1  2007        0.00
     5     1  2007        0.00
     6     1  2007        0.00
     7     1  2007        0.00
     8     1  2007        0.00
     9     1  2007        0.00
    10     1  2007        0.00
    11     1  2007        0.00
    12     1  2007        0.00
    13     1  2007        0.00
    14     1  2007        0.00
    15     1  2007        0.00
    16     1  2007        0.00
    17     1  2007        0.00
