     1     1  2001        0.00
     2     1  2001        0.00
     3     1  2001        0.00
     4     1  2001        0.00
     5     1  2001        0.00
     6     1  2001        0.00
     7     1  2001        0.00
     8     1  2001        0.00
     9     1  2001        0.00
    10     1  2001        0.00
    11     1  2001        0.00
    12     1  2001        0.00
    13     1  2001        0.00
    14     1  2001        0.00
    15     1  2001        0.00
    16     1  2001        0.00
    17     1  2001        0.00
    18     1  2001        0.00
    19     1  2001        0.00
    20     1  2001        0.00
    21     1  2001        0.00
    22     1  2001        0.00
    23     1  2001        0.00
    24     1  2001        0.00
    25     1  2001        0.00
    26     1  2001        0.00
    27     1  2001        0.00
    28     1  2001        0.00
    29     1  2001        0.00
    30     1  2001        0.00
    31     1  2001        0.00
     1     2  2001        0.00
     2     2  2001        0.00
     3     2  2001        0.40
     4     2  2001        1.19
     5     2  2001        0.00
     6     2  2001        0.00
     7     2  2001        0.00
     8     2  2001        0.00
     9     2  2001        0.00
    10     2  2001        0.00
    11     2  2001        0.00
    12     2  2001        0.00
    13     2  2001        0.00
    14     2  2001        0.00
    15     2  2001        0.00
    16     2  2001        0.00
    17     2  2001        0.00
    18     2  2001        0.00
    19     2  2001        0.39
    20     2  2001        0.00
    21     2  2001        1.38
    22     2  2001        1.77
    23     2  2001        3.14
    24     2  2001        7.47
    25     2  2001        0.20
    26     2  2001        2.36
    27     2  2001        3.14
    28     2  2001        2.15
     1     3  2001        1.58
     2     3  2001        1.58
     3     3  2001        0.60
     4     3  2001        0.00
     5     3  2001        0.00
     6     3  2001        0.00
     7     3  2001        0.00
     8     3  2001        0.00
     9     3  2001        0.00
    10     3  2001        0.00
    11     3  2001        0.00
    12     3  2001        0.00
    13     3  2001        0.00
    14     3  2001        0.39
    15     3  2001        2.17
    16     3  2001        1.38
    17     3  2001        1.18
    18     3  2001        0.40
    19     3  2001        1.18
    20     3  2001        1.58
    21     3  2001        0.20
    22     3  2001        0.00
    23     3  2001        0.00
    24     3  2001        0.00
    25     3  2001        0.00
    26     3  2001        0.00
    27     3  2001        0.00
    28     3  2001        0.00
    29     3  2001        0.00
    30     3  2001        0.00
    31     3  2001        0.00
     1     4  2001        0.00
     2     4  2001        0.00
     3     4  2001        0.00
     4     4  2001        0.00
     5     4  2001        0.00
     6     4  2001        0.00
     7     4  2001        0.59
     8     4  2001        0.20
     9     4  2001        0.79
    10     4  2001        0.00
    11     4  2001        0.00
    12     4  2001        0.00
    13     4  2001        0.00
    14     4  2001        0.00
    15     4  2001        0.00
    16     4  2001        0.00
    17     4  2001        0.20
    18     4  2001        0.00
    19     4  2001        0.00
    20     4  2001        0.00
    21     4  2001        0.00
    22     4  2001        0.00
    23     4  2001        0.00
    24     4  2001        0.00
    25     4  2001        0.00
    26     4  2001        0.00
    27     4  2001        0.00
    28     4  2001        0.00
    29     4  2001        0.00
    30     4  2001        0.00
     1     5  2001        1.38
     2     5  2001        1.19
     3     5  2001        1.96
     4     5  2001        0.00
     5     5  2001        0.20
     6     5  2001        0.00
     7     5  2001        0.00
     8     5  2001        0.20
     9     5  2001        0.20
    10     5  2001        1.18
    11     5  2001        2.16
    12     5  2001        0.60
    13     5  2001        0.40
    14     5  2001        1.58
    15     5  2001        1.58
    16     5  2001        0.60
    17     5  2001        0.00
    18     5  2001        0.00
    19     5  2001        0.00
    20     5  2001        0.00
    21     5  2001        0.00
    22     5  2001        0.00
    23     5  2001        0.00
    24     5  2001        0.00
    25     5  2001        0.00
    26     5  2001        0.00
    27     5  2001        0.00
    28     5  2001        0.00
    29     5  2001        0.00
    30     5  2001        0.00
    31     5  2001        0.00
     1     6  2001        0.00
     2     6  2001        0.00
     3     6  2001        0.00
     4     6  2001        0.00
     5     6  2001        0.00
     6     6  2001        0.98
     7     6  2001        0.00
     8     6  2001        0.00
     9     6  2001        0.00
    10     6  2001        0.00
    11     6  2001        0.00
    12     6  2001        0.00
    13     6  2001        0.00
    14     6  2001        0.00
    15     6  2001        0.00
    16     6  2001        0.00
    17     6  2001        0.00
    18     6  2001        0.00
    19     6  2001        0.00
    20     6  2001        0.00
    21     6  2001        0.00
    22     6  2001        0.00
    23     6  2001        0.00
    24     6  2001        0.00
    25     6  2001        0.00
    26     6  2001        0.00
    27     6  2001        0.00
    28     6  2001        0.00
    29     6  2001        0.00
    30     6  2001        0.00
     1     7  2001        0.00
     2     7  2001        0.00
     3     7  2001        0.00
     4     7  2001        0.00
     5     7  2001        0.59
     6     7  2001        0.20
     7     7  2001        0.00
     8     7  2001        0.00
     9     7  2001        0.00
    10     7  2001        0.00
    11     7  2001        0.00
    12     7  2001        0.00
    13     7  2001        0.00
    14     7  2001        0.00
    15     7  2001        0.00
    16     7  2001        0.00
    17     7  2001        0.00
    18     7  2001        0.00
    19     7  2001        0.00
    20     7  2001        0.00
    21     7  2001        0.00
    22     7  2001        0.00
    23     7  2001        0.00
    24     7  2001        1.18
    25     7  2001       14.56
    26     7  2001        8.44
    27     7  2001        2.54
    28     7  2001        1.18
    29     7  2001        0.00
    30     7  2001        0.00
    31     7  2001        0.00
     1     8  2001        0.20
     2     8  2001        0.60
     3     8  2001        0.00
     4     8  2001        0.00
     5     8  2001        0.00
     6     8  2001        0.00
     7     8  2001        0.00
     8     8  2001        0.00
     9     8  2001        0.00
    10     8  2001        0.00
    11     8  2001        0.98
    12     8  2001        3.34
    13     8  2001        2.74
    14     8  2001        2.35
    15     8  2001        0.99
    16     8  2001        0.20
    17     8  2001        0.00
    18     8  2001        0.00
    19     8  2001        0.00
    20     8  2001        0.00
    21     8  2001        0.00
    22     8  2001        0.00
    23     8  2001        0.00
    24     8  2001        0.00
    25     8  2001        0.00
    26     8  2001        0.00
    27     8  2001        0.00
    28     8  2001        0.00
    29     8  2001        0.00
    30     8  2001        0.00
    31     8  2001        0.00
     1     9  2001        0.00
     2     9  2001        0.00
     3     9  2001        0.00
     4     9  2001        0.00
     5     9  2001        0.00
     6     9  2001        0.00
     7     9  2001        0.00
     8     9  2001        0.00
     9     9  2001        0.00
    10     9  2001        0.00
    11     9  2001        0.00
    12     9  2001        0.00
    13     9  2001        0.00
    14     9  2001        0.00
    15     9  2001        0.00
    16     9  2001        0.00
    17     9  2001        0.00
    18     9  2001        0.00
    19     9  2001        0.00
    20     9  2001        0.00
    21     9  2001        0.00
    22     9  2001        0.00
    23     9  2001        0.00
    24     9  2001        0.00
    25     9  2001        0.00
    26     9  2001        0.00
    27     9  2001        0.00
    28     9  2001        0.00
    29     9  2001        0.00
    30     9  2001        0.00
     1    10  2001        0.00
     2    10  2001        0.00
     3    10  2001        0.00
     4    10  2001        0.00
     5    10  2001        0.00
     6    10  2001        0.00
     7    10  2001        0.00
     8    10  2001        0.00
     9    10  2001        0.00
    10    10  2001        0.00
    11    10  2001        0.00
    12    10  2001        0.00
    13    10  2001        0.00
    14    10  2001        0.00
    15    10  2001        0.00
    16    10  2001        0.00
    17    10  2001        0.00
    18    10  2001        0.00
    19    10  2001        0.00
    20    10  2001        0.00
    21    10  2001        0.00
    22    10  2001        0.00
    23    10  2001        0.00
    24    10  2001        0.00
    25    10  2001        0.00
    26    10  2001        0.00
    27    10  2001        0.00
    28    10  2001        0.00
    29    10  2001        0.00
    30    10  2001        0.00
    31    10  2001        0.00
     1    11  2001        0.00
     2    11  2001        0.00
     3    11  2001        0.00
     4    11  2001        0.00
     5    11  2001        0.00
     6    11  2001        0.00
     7    11  2001        0.00
     8    11  2001        0.00
     9    11  2001        0.00
    10    11  2001        0.00
    11    11  2001        0.00
    12    11  2001        0.00
    13    11  2001        0.00
    14    11  2001        0.80
    15    11  2001        0.00
    16    11  2001        0.00
    17    11  2001        0.00
    18    11  2001        0.00
    19    11  2001        0.00
    20    11  2001        0.00
    21    11  2001        0.00
    22    11  2001        0.00
    23    11  2001        0.00
    24    11  2001        0.00
    25    11  2001        0.00
    26    11  2001        0.00
    27    11  2001        0.00
    28    11  2001        0.00
    29    11  2001        0.00
    30    11  2001        0.00
     1    12  2001        0.00
     2    12  2001        0.00
     3    12  2001        0.00
     4    12  2001        0.00
     5    12  2001        0.00
     6    12  2001        0.00
     7    12  2001        0.00
     8    12  2001        0.00
     9    12  2001        0.00
    10    12  2001        0.00
    11    12  2001        0.00
    12    12  2001        0.00
    13    12  2001        0.00
    14    12  2001        0.00
    15    12  2001        0.00
    16    12  2001        0.00
    17    12  2001        0.00
    18    12  2001        0.00
    19    12  2001        0.00
    20    12  2001        0.00
    21    12  2001        0.00
    22    12  2001        0.00
    23    12  2001        0.00
    24    12  2001        0.00
    25    12  2001        0.00
    26    12  2001        0.00
    27    12  2001        0.00
    28    12  2001        0.00
    29    12  2001        0.00
    30    12  2001        0.00
    31    12  2001        0.00
     1     1  2002        0.00
     2     1  2002        0.00
     3     1  2002        0.00
     4     1  2002        0.00
     5     1  2002        0.00
     6     1  2002        0.00
     7     1  2002        0.00
     8     1  2002        0.00
     9     1  2002        0.00
    10     1  2002        0.00
    11     1  2002        0.00
    12     1  2002        0.00
    13     1  2002        0.00
    14     1  2002        0.00
    15     1  2002        0.00
    16     1  2002        0.00
    17     1  2002        0.00
    18     1  2002        0.00
    19     1  2002        0.00
    20     1  2002        0.00
    21     1  2002        0.00
    22     1  2002        0.00
    23     1  2002        0.00
    24     1  2002        0.00
    25     1  2002        0.00
    26     1  2002        0.00
    27     1  2002        0.00
    28     1  2002        0.00
    29     1  2002        0.00
    30     1  2002        0.00
    31     1  2002        0.00
     1     2  2002        0.00
     2     2  2002        0.00
     3     2  2002        0.00
     4     2  2002        0.00
     5     2  2002        0.00
     6     2  2002        0.00
     7     2  2002        0.00
     8     2  2002        0.00
     9     2  2002        0.00
    10     2  2002        0.00
    11     2  2002        0.00
    12     2  2002        0.00
    13     2  2002        0.00
    14     2  2002        0.00
    15     2  2002        0.00
    16     2  2002        0.00
    17     2  2002        0.00
    18     2  2002        0.00
    19     2  2002        0.00
    20     2  2002        0.00
    21     2  2002        0.00
    22     2  2002        0.00
    23     2  2002        0.00
    24     2  2002        0.00
    25     2  2002        0.00
    26     2  2002        0.00
    27     2  2002        0.00
    28     2  2002        0.00
     1     3  2002        0.00
     2     3  2002        0.00
     3     3  2002        0.00
     4     3  2002        0.00
     5     3  2002        0.00
     6     3  2002        0.00
     7     3  2002        0.00
     8     3  2002        0.00
     9     3  2002        0.00
    10     3  2002        0.00
    11     3  2002        0.00
    12     3  2002        0.00
    13     3  2002        0.00
    14     3  2002        0.00
    15     3  2002        0.00
    16     3  2002        0.00
    17     3  2002        0.00
    18     3  2002        0.00
    19     3  2002        0.00
    20     3  2002        0.00
    21     3  2002        0.00
    22     3  2002        0.00
    23     3  2002        0.40
    24     3  2002        0.00
    25     3  2002        0.00
    26     3  2002        0.00
    27     3  2002        0.00
    28     3  2002        0.00
    29     3  2002        0.00
    30     3  2002        0.00
    31     3  2002        0.00
     1     4  2002        0.00
     2     4  2002        0.00
     3     4  2002        0.00
     4     4  2002        0.00
     5     4  2002        0.00
     6     4  2002        0.00
     7     4  2002        0.00
     8     4  2002        0.00
     9     4  2002        0.00
    10     4  2002        0.00
    11     4  2002        0.00
    12     4  2002        0.40
    13     4  2002        0.20
    14     4  2002        0.20
    15     4  2002        0.59
    16     4  2002        1.56
    17     4  2002        5.31
    18     4  2002        3.94
    19     4  2002        3.74
    20     4  2002        6.67
    21     4  2002        8.62
    22     4  2002        8.42
    23     4  2002       10.42
    24     4  2002       10.22
    25     4  2002       11.38
    26     4  2002       11.98
    27     4  2002       11.58
    28     4  2002       10.22
    29     4  2002        6.87
    30     4  2002        3.14
     1     5  2002        4.34
     2     5  2002        4.73
     3     5  2002        5.31
     4     5  2002        4.93
     5     5  2002        4.74
     6     5  2002        4.54
     7     5  2002        4.14
     8     5  2002        2.55
     9     5  2002        2.15
    10     5  2002        3.34
    11     5  2002        3.14
    12     5  2002        3.34
    13     5  2002        2.94
    14     5  2002        2.94
    15     5  2002        2.54
    16     5  2002        2.94
    17     5  2002        2.94
    18     5  2002        2.54
    19     5  2002        1.77
    20     5  2002        0.80
    21     5  2002        0.00
    22     5  2002        0.60
    23     5  2002        0.80
    24     5  2002        0.80
    25     5  2002        0.80
    26     5  2002        0.80
    27     5  2002        1.19
    28     5  2002        1.39
    29     5  2002        2.54
    30     5  2002        2.54
    31     5  2002        2.74
     1     6  2002        1.96
     2     6  2002        1.77
     3     6  2002        1.00
     4     6  2002        1.00
     5     6  2002        1.00
     6     6  2002        1.39
     7     6  2002        1.58
     8     6  2002        1.77
     9     6  2002        3.14
    10     6  2002        3.74
    11     6  2002        1.77
    12     6  2002        0.40
    13     6  2002        0.00
    14     6  2002        0.20
    15     6  2002        0.00
    16     6  2002        0.00
    17     6  2002        0.00
    18     6  2002        0.00
    19     6  2002        0.79
    20     6  2002        0.80
    21     6  2002        1.00
    22     6  2002        1.20
    23     6  2002        1.00
    24     6  2002        0.00
    25     6  2002        0.00
    26     6  2002        0.00
    27     6  2002        0.00
    28     6  2002        0.00
    29     6  2002        0.00
    30     6  2002        0.00
     1     7  2002        0.00
     2     7  2002        0.00
     3     7  2002        0.00
     4     7  2002        0.00
     5     7  2002        0.00
     6     7  2002        0.00
     7     7  2002        0.00
     8     7  2002        0.00
     9     7  2002        0.00
    10     7  2002        0.00
    11     7  2002        0.00
    12     7  2002        0.00
    13     7  2002        0.00
    14     7  2002        0.79
    15     7  2002        0.79
    16     7  2002        0.20
    17     7  2002        0.60
    18     7  2002        2.95
    19     7  2002        3.54
    20     7  2002        2.35
    21     7  2002        2.34
    22     7  2002        3.14
    23     7  2002        2.74
    24     7  2002        2.35
    25     7  2002        2.34
    26     7  2002        3.14
    27     7  2002        4.53
    28     7  2002        5.69
    29     7  2002        4.13
    30     7  2002        5.12
    31     7  2002        4.14
     1     8  2002        3.54
     2     8  2002        3.74
     3     8  2002        2.94
     4     8  2002        1.58
     5     8  2002        1.39
     6     8  2002        1.77
     7     8  2002        1.58
     8     8  2002        1.58
     9     8  2002        0.60
    10     8  2002        0.40
    11     8  2002        0.80
    12     8  2002        1.00
    13     8  2002        1.58
    14     8  2002        1.77
    15     8  2002        1.77
    16     8  2002        1.76
    17     8  2002        2.15
    18     8  2002        2.54
    19     8  2002        2.74
    20     8  2002        2.74
    21     8  2002        2.54
    22     8  2002        1.96
    23     8  2002        1.39
    24     8  2002        1.00
    25     8  2002        1.20
    26     8  2002        1.20
    27     8  2002        1.20
    28     8  2002        1.20
    29     8  2002        1.39
    30     8  2002        1.00
    31     8  2002        1.00
     1     9  2002        0.80
     2     9  2002        1.39
     3     9  2002        2.15
     4     9  2002        1.39
     5     9  2002        1.00
     6     9  2002        0.80
     7     9  2002        0.80
     8     9  2002        0.60
     9     9  2002        0.80
    10     9  2002        0.60
    11     9  2002        0.60
    12     9  2002        0.20
    13     9  2002        0.00
    14     9  2002        0.40
    15     9  2002        3.73
    16     9  2002        6.68
    17     9  2002        6.08
    18     9  2002        3.34
    19     9  2002        3.34
    20     9  2002        6.28
    21     9  2002        9.62
    22     9  2002       13.56
    23     9  2002       13.96
    24     9  2002       11.19
    25     9  2002        8.23
    26     9  2002        4.72
    27     9  2002        3.14
    28     9  2002        2.54
    29     9  2002        2.34
    30     9  2002        2.54
     1    10  2002        2.94
     2    10  2002        3.54
     3    10  2002        3.54
     4    10  2002        2.94
     5    10  2002        2.34
     6    10  2002        1.77
     7    10  2002        1.58
     8    10  2002        1.58
     9    10  2002        1.20
    10    10  2002        0.40
    11    10  2002        0.80
    12    10  2002        1.00
    13    10  2002        1.58
    14    10  2002        2.15
    15    10  2002        2.34
    16    10  2002        2.54
    17    10  2002        2.74
    18    10  2002        3.54
    19    10  2002        4.54
    20    10  2002        4.33
    21    10  2002        5.69
    22    10  2002        5.88
    23    10  2002        5.50
    24    10  2002        4.93
    25    10  2002        3.94
    26    10  2002        2.94
    27    10  2002        2.35
    28    10  2002        0.40
    29    10  2002        0.00
    30    10  2002        0.00
    31    10  2002        0.00
     1    11  2002        0.00
     2    11  2002        0.00
     3    11  2002        0.98
     4    11  2002        0.20
     5    11  2002        0.00
     6    11  2002        1.39
     7    11  2002        1.00
     8    11  2002        0.40
     9    11  2002        0.20
    10    11  2002        0.20
    11    11  2002        0.20
    12    11  2002        0.00
    13    11  2002        0.00
    14    11  2002        0.00
    15    11  2002        0.00
    16    11  2002        0.00
    17    11  2002        0.00
    18    11  2002        0.00
    19    11  2002        0.00
    20    11  2002        0.00
    21    11  2002        0.00
    22    11  2002        0.00
    23    11  2002        0.00
    24    11  2002        0.00
    25    11  2002        0.00
    26    11  2002        0.00
    27    11  2002        0.00
    28    11  2002        0.00
    29    11  2002        0.00
    30    11  2002        0.39
     1    12  2002        0.00
     2    12  2002        0.20
     3    12  2002        0.00
     4    12  2002        0.00
     5    12  2002        0.00
     6    12  2002        0.00
     7    12  2002        0.00
     8    12  2002        0.00
     9    12  2002        0.00
    10    12  2002        0.60
    11    12  2002        0.00
    12    12  2002        0.59
    13    12  2002        0.40
    14    12  2002        0.00
    15    12  2002        0.00
    16    12  2002        0.00
    17    12  2002        0.00
    18    12  2002        0.00
    19    12  2002        0.00
    20    12  2002        0.79
    21    12  2002        0.00
    22    12  2002        0.20
    23    12  2002        0.00
    24    12  2002        0.00
    25    12  2002        0.20
    26    12  2002        0.00
    27    12  2002        0.00
    28    12  2002        0.00
    29    12  2002        1.38
    30    12  2002        0.40
    31    12  2002        0.20
     1     1  2003        0.20
     2     1  2003        0.00
     3     1  2003        0.00
     4     1  2003        0.00
     5     1  2003        1.77
     6     1  2003        1.00
     7     1  2003        0.00
     8     1  2003        0.20
     9     1  2003        0.00
    10     1  2003        0.00
    11     1  2003        0.00
    12     1  2003        0.20
    13     1  2003        0.40
    14     1  2003        0.00
    15     1  2003        0.20
    16     1  2003        0.00
    17     1  2003        0.00
    18     1  2003        2.75
    19     1  2003        0.00
    20     1  2003        0.59
    21     1  2003        0.20
    22     1  2003        0.20
    23     1  2003        0.00
    24     1  2003        0.00
    25     1  2003        0.40
    26     1  2003        0.00
    27     1  2003        0.00
    28     1  2003        0.59
    29     1  2003        2.35
    30     1  2003        1.18
    31     1  2003        3.73
     1     2  2003        1.38
     2     2  2003        0.60
     3     2  2003        0.20
     4     2  2003        0.00
     5     2  2003        0.00
     6     2  2003        0.00
     7     2  2003        0.00
     8     2  2003        0.00
     9     2  2003        0.00
    10     2  2003        0.00
    11     2  2003        0.00
    12     2  2003        0.00
    13     2  2003        0.00
    14     2  2003        0.00
    15     2  2003        0.00
    16     2  2003        0.00
    17     2  2003        0.00
    18     2  2003        0.39
    19     2  2003        0.00
    20     2  2003        0.00
    21     2  2003        0.20
    22     2  2003        0.00
    23     2  2003        0.00
    24     2  2003        0.00
    25     2  2003        0.00
    26     2  2003        0.00
    27     2  2003        0.00
    28     2  2003        0.00
     1     3  2003        0.00
     2     3  2003        0.00
     3     3  2003        0.00
     4     3  2003        0.00
     5     3  2003        0.00
     6     3  2003        0.00
     7     3  2003        0.00
     8     3  2003        0.00
     9     3  2003        0.00
    10     3  2003        0.00
    11     3  2003        0.00
    12     3  2003        0.00
    13     3  2003        0.00
    14     3  2003        0.00
    15     3  2003        0.00
    16     3  2003        0.00
    17     3  2003        0.00
    18     3  2003        0.00
    19     3  2003        0.00
    20     3  2003        0.00
    21     3  2003        0.00
    22     3  2003        0.00
    23     3  2003        0.00
    24     3  2003        0.00
    25     3  2003        0.00
    26     3  2003        0.00
    27     3  2003        0.20
    28     3  2003        0.00
    29     3  2003        0.00
    30     3  2003        0.00
    31     3  2003        0.00
     1     4  2003        0.00
     2     4  2003        2.96
     3     4  2003        0.20
     4     4  2003        6.68
     5     4  2003        0.20
     6     4  2003        0.00
     7     4  2003        0.00
     8     4  2003        0.00
     9     4  2003        0.00
    10     4  2003        0.00
    11     4  2003        0.00
    12     4  2003        0.00
    13     4  2003        0.00
    14     4  2003        0.00
    15     4  2003        0.00
    16     4  2003        0.00
    17     4  2003        0.00
    18     4  2003        0.00
    19     4  2003        0.39
    20     4  2003        0.20
    21     4  2003        1.38
    22     4  2003        0.00
    23     4  2003        0.99
    24     4  2003        0.20
    25     4  2003        0.00
    26     4  2003        0.00
    27     4  2003        0.00
    28     4  2003        0.00
    29     4  2003        0.00
    30     4  2003        0.00
     1     5  2003        0.00
     2     5  2003        0.00
     3     5  2003        0.00
     4     5  2003        0.00
     5     5  2003        0.00
     6     5  2003        0.00
     7     5  2003        0.00
     8     5  2003        0.98
     9     5  2003        0.00
    10     5  2003        0.00
    11     5  2003        0.00
    12     5  2003        0.00
    13     5  2003        0.00
    14     5  2003        0.00
    15     5  2003        0.00
    16     5  2003        0.00
    17     5  2003        0.20
    18     5  2003        4.13
    19     5  2003        0.00
    20     5  2003        0.00
    21     5  2003        0.00
    22     5  2003        0.00
    23     5  2003        0.79
    24     5  2003        0.00
    25     5  2003        2.36
    26     5  2003        1.18
    27     5  2003        0.40
    28     5  2003        2.76
    29     5  2003        0.59
    30     5  2003        0.00
    31     5  2003        0.00
     1     6  2003        0.39
     2     6  2003        0.00
     3     6  2003        0.20
     4     6  2003        0.00
     5     6  2003        0.00
     6     6  2003        0.00
     7     6  2003        0.00
     8     6  2003        0.60
     9     6  2003        0.00
    10     6  2003        0.00
    11     6  2003        0.00
    12     6  2003        0.20
    13     6  2003        0.00
    14     6  2003        0.00
    15     6  2003        0.00
    16     6  2003        0.00
    17     6  2003        0.00
    18     6  2003        1.58
    19     6  2003        1.39
    20     6  2003        0.20
    21     6  2003        1.18
    22     6  2003        0.20
    23     6  2003        0.00
    24     6  2003        0.00
    25     6  2003        0.00
    26     6  2003        0.00
    27     6  2003        0.00
    28     6  2003        0.00
    29     6  2003        0.00
    30     6  2003        0.00
     1     7  2003        0.00
     2     7  2003        0.00
     3     7  2003        0.00
     4     7  2003        0.00
     5     7  2003        0.20
     6     7  2003        0.00
     7     7  2003        0.20
     8     7  2003        0.99
     9     7  2003        0.20
    10     7  2003        1.77
    11     7  2003        0.20
    12     7  2003        2.95
    13     7  2003        1.77
    14     7  2003        0.00
    15     7  2003        0.00
    16     7  2003        1.18
    17     7  2003        0.00
    18     7  2003        0.00
    19     7  2003        0.00
    20     7  2003        0.00
    21     7  2003        0.00
    22     7  2003        0.00
    23     7  2003        0.00
    24     7  2003        0.00
    25     7  2003        0.00
    26     7  2003        0.00
    27     7  2003        0.00
    28     7  2003        0.00
    29     7  2003        1.58
    30     7  2003        0.20
    31     7  2003        0.00
     1     8  2003        0.00
     2     8  2003        0.20
     3     8  2003        0.00
     4     8  2003        0.00
     5     8  2003        0.00
     6     8  2003        0.00
     7     8  2003        0.00
     8     8  2003        0.00
     9     8  2003        0.00
    10     8  2003        0.00
    11     8  2003        0.00
    12     8  2003        0.00
    13     8  2003        0.00
    14     8  2003        0.00
    15     8  2003        0.00
    16     8  2003        0.00
    17     8  2003        0.00
    18     8  2003        0.00
    19     8  2003        0.00
    20     8  2003        0.00
    21     8  2003        0.00
    22     8  2003        0.00
    23     8  2003        0.00
    24     8  2003        0.78
    25     8  2003        0.40
    26     8  2003        0.00
    27     8  2003        0.20
    28     8  2003        0.00
    29     8  2003        0.00
    30     8  2003        0.00
    31     8  2003        0.00
     1     9  2003        0.79
     2     9  2003        0.00
     3     9  2003        0.00
     4     9  2003        0.00
     5     9  2003        0.00
     6     9  2003        0.00
     7     9  2003        0.00
     8     9  2003        0.00
     9     9  2003        0.00
    10     9  2003        0.00
    11     9  2003        0.00
    12     9  2003        0.00
    13     9  2003        0.00
    14     9  2003        0.00
    15     9  2003        0.00
    16     9  2003        0.00
    17     9  2003        0.00
    18     9  2003        0.00
    19     9  2003        0.00
    20     9  2003        0.00
    21     9  2003        0.00
    22     9  2003        0.00
    23     9  2003        1.76
    24     9  2003        0.20
    25     9  2003        0.00
    26     9  2003        4.32
    27     9  2003        1.19
    28     9  2003        0.60
    29     9  2003        0.00
    30     9  2003        0.00
     1    10  2003        0.00
     2    10  2003        0.00
     3    10  2003        0.00
     4    10  2003        0.60
     5    10  2003        0.00
     6    10  2003        0.00
     7    10  2003        0.00
     8    10  2003        0.00
     9    10  2003        0.00
    10    10  2003        0.00
    11    10  2003        0.00
    12    10  2003        0.00
    13    10  2003        0.00
    14    10  2003        0.20
    15    10  2003        0.00
    16    10  2003        0.00
    17    10  2003        0.00
    18    10  2003        0.00
    19    10  2003        0.00
    20    10  2003        0.00
    21    10  2003        0.00
    22    10  2003        0.00
    23    10  2003        0.00
    24    10  2003        0.00
    25    10  2003        0.00
    26    10  2003        0.00
    27    10  2003        0.00
    28    10  2003        0.00
    29    10  2003        0.00
    30    10  2003        0.00
    31    10  2003        0.00
     1    11  2003        0.00
     2    11  2003        0.20
     3    11  2003        0.20
     4    11  2003        0.00
     5    11  2003        1.37
     6    11  2003        2.76
     7    11  2003       10.03
     8    11  2003        7.06
     9    11  2003        0.59
    10    11  2003        0.00
    11    11  2003        0.00
    12    11  2003        0.00
    13    11  2003        0.00
    14    11  2003        0.00
    15    11  2003        0.00
    16    11  2003        0.00
    17    11  2003        0.00
    18    11  2003        0.40
    19    11  2003        0.00
    20    11  2003        0.20
    21    11  2003        0.79
    22    11  2003        0.00
    23    11  2003        0.00
    24    11  2003        0.00
    25    11  2003        0.20
    26    11  2003        0.00
    27    11  2003        0.00
    28    11  2003        0.00
    29    11  2003        0.00
    30    11  2003        0.00
     1    12  2003        0.00
     2    12  2003        0.00
     3    12  2003        0.20
     4    12  2003        0.00
     5    12  2003        0.00
     6    12  2003        0.40
     7    12  2003        0.00
     8    12  2003        0.00
     9    12  2003        0.00
    10    12  2003        0.00
    11    12  2003        0.00
    12    12  2003        0.00
    13    12  2003        0.00
    14    12  2003        0.00
    15    12  2003        0.00
    16    12  2003        0.00
    17    12  2003        0.00
    18    12  2003        0.00
    19    12  2003        0.00
    20    12  2003        0.00
    21    12  2003        0.00
    22    12  2003        0.00
    23    12  2003        0.00
    24    12  2003        0.20
    25    12  2003        0.80
    26    12  2003        0.59
    27    12  2003        0.99
    28    12  2003        0.99
    29    12  2003        0.20
    30    12  2003        1.57
    31    12  2003        3.92
     1     1  2004        0.40
     2     1  2004        1.78
     3     1  2004        3.34
     4     1  2004        1.58
     5     1  2004        1.19
     6     1  2004        0.99
     7     1  2004        0.00
     8     1  2004        0.20
     9     1  2004        0.40
    10     1  2004        0.20
    11     1  2004        1.58
    12     1  2004        0.20
    13     1  2004        0.00
    14     1  2004        0.00
    15     1  2004        0.00
    16     1  2004        0.00
    17     1  2004        0.00
    18     1  2004        0.00
    19     1  2004        0.00
    20     1  2004        0.00
    21     1  2004        0.00
    22     1  2004        0.59
    23     1  2004        0.00
    24     1  2004        0.00
    25     1  2004        0.00
    26     1  2004        0.59
    27     1  2004        1.57
    28     1  2004        0.98
    29     1  2004        0.00
    30     1  2004        0.00
    31     1  2004        0.20
     1     2  2004        0.00
     2     2  2004        0.00
     3     2  2004        0.00
     4     2  2004        0.00
     5     2  2004        0.60
     6     2  2004        0.00
     7     2  2004        0.00
     8     2  2004        0.00
     9     2  2004        0.00
    10     2  2004        0.00
    11     2  2004        0.00
    12     2  2004        0.00
    13     2  2004        0.00
    14     2  2004        0.00
    15     2  2004        0.00
    16     2  2004        1.18
    17     2  2004        1.00
    18     2  2004        0.40
    19     2  2004        0.00
    20     2  2004        0.00
    21     2  2004        0.00
    22     2  2004        0.00
    23     2  2004        0.00
    24     2  2004        1.38
    25     2  2004        0.00
    26     2  2004        0.99
    27     2  2004        3.54
    28     2  2004        0.99
    29     2  2004        0.99
     1     3  2004        2.95
     2     3  2004        0.60
     3     3  2004        0.40
     4     3  2004        0.40
     5     3  2004        2.35
     6     3  2004        0.60
     7     3  2004        1.19
     8     3  2004        0.00
     9     3  2004        0.40
    10     3  2004        0.00
    11     3  2004        0.00
    12     3  2004        1.38
    13     3  2004        0.99
    14     3  2004        0.60
    15     3  2004        2.36
    16     3  2004        2.16
    17     3  2004        1.77
    18     3  2004        2.35
    19     3  2004        2.16
    20     3  2004        1.97
    21     3  2004        4.14
    22     3  2004        4.14
    23     3  2004        3.34
    24     3  2004        2.54
    25     3  2004        1.96
    26     3  2004        1.58
    27     3  2004        0.20
    28     3  2004        0.60
    29     3  2004        0.40
    30     3  2004        0.00
    31     3  2004        0.79
     1     4  2004        0.00
     2     4  2004        0.00
     3     4  2004        0.00
     4     4  2004        0.00
     5     4  2004        0.00
     6     4  2004        0.00
     7     4  2004        0.00
     8     4  2004        0.00
     9     4  2004        0.00
    10     4  2004        0.00
    11     4  2004        0.00
    12     4  2004        0.00
    13     4  2004        0.00
    14     4  2004        0.00
    15     4  2004        0.00
    16     4  2004        0.00
    17     4  2004        0.20
    18     4  2004        0.20
    19     4  2004        0.40
    20     4  2004        0.20
    21     4  2004        1.38
    22     4  2004        0.40
    23     4  2004        0.79
    24     4  2004        0.40
    25     4  2004        0.00
    26     4  2004        0.00
    27     4  2004        0.00
    28     4  2004        0.00
    29     4  2004        0.39
    30     4  2004        2.96
     1     5  2004        0.00
     2     5  2004        0.40
     3     5  2004        0.60
     4     5  2004        0.20
     5     5  2004        0.20
     6     5  2004        0.59
     7     5  2004        1.18
     8     5  2004        0.98
     9     5  2004        0.00
    10     5  2004        1.38
    11     5  2004        2.55
    12     5  2004        1.78
    13     5  2004        3.93
    14     5  2004        4.34
    15     5  2004        3.93
    16     5  2004        5.69
    17     5  2004        5.89
    18     5  2004        6.08
    19     5  2004        5.88
    20     5  2004        5.31
    21     5  2004        5.31
    22     5  2004        4.54
    23     5  2004        3.54
    24     5  2004        2.74
    25     5  2004        2.34
    26     5  2004        2.54
    27     5  2004        2.15
    28     5  2004        1.77
    29     5  2004        1.77
    30     5  2004        1.20
    31     5  2004        1.19
     1     6  2004        0.20
     2     6  2004        0.20
     3     6  2004        0.00
     4     6  2004        0.60
     5     6  2004        0.80
     6     6  2004        1.00
     7     6  2004        0.60
     8     6  2004        0.20
     9     6  2004        0.00
    10     6  2004        0.00
    11     6  2004        0.00
    12     6  2004        0.00
    13     6  2004        0.00
    14     6  2004        0.00
    15     6  2004        0.00
    16     6  2004        0.00
    17     6  2004        0.00
    18     6  2004        0.39
    19     6  2004        0.00
    20     6  2004        0.00
    21     6  2004        0.00
    22     6  2004        0.00
    23     6  2004        0.20
    24     6  2004        0.20
    25     6  2004        1.18
    26     6  2004        0.79
    27     6  2004        2.55
    28     6  2004        0.99
    29     6  2004        2.15
    30     6  2004        2.16
     1     7  2004        0.20
     2     7  2004        0.60
     3     7  2004        2.55
     4     7  2004        2.34
     5     7  2004        1.96
     6     7  2004        0.20
     7     7  2004        0.00
     8     7  2004        0.00
     9     7  2004        0.40
    10     7  2004        0.00
    11     7  2004        0.39
    12     7  2004        3.54
    13     7  2004        1.38
    14     7  2004        0.20
    15     7  2004        2.75
    16     7  2004        3.94
    17     7  2004        1.77
    18     7  2004        0.79
    19     7  2004        0.60
    20     7  2004        1.58
    21     7  2004        1.96
    22     7  2004        1.77
    23     7  2004        1.00
    24     7  2004        1.20
    25     7  2004        1.76
    26     7  2004        2.35
    27     7  2004        1.58
    28     7  2004        0.00
    29     7  2004        0.00
    30     7  2004        0.00
    31     7  2004        0.00
     1     8  2004        0.00
     2     8  2004        0.00
     3     8  2004        0.00
     4     8  2004        0.00
     5     8  2004        0.00
     6     8  2004        0.00
     7     8  2004        0.00
     8     8  2004        0.00
     9     8  2004        0.00
    10     8  2004        0.00
    11     8  2004        0.00
    12     8  2004        0.00
    13     8  2004        0.00
    14     8  2004        0.00
    15     8  2004        0.00
    16     8  2004        0.00
    17     8  2004        0.39
    18     8  2004        0.20
    19     8  2004        0.20
    20     8  2004        1.56
    21     8  2004        0.00
    22     8  2004        0.20
    23     8  2004        0.00
    24     8  2004        0.00
    25     8  2004        0.00
    26     8  2004        0.00
    27     8  2004        0.00
    28     8  2004        0.00
    29     8  2004        0.00
    30     8  2004        0.00
    31     8  2004        0.00
     1     9  2004        0.00
     2     9  2004        0.00
     3     9  2004        0.00
     4     9  2004        0.00
     5     9  2004        0.00
     6     9  2004        0.00
     7     9  2004        0.00
     8     9  2004        0.00
     9     9  2004        0.39
    10     9  2004        0.20
    11     9  2004        0.00
    12     9  2004        0.00
    13     9  2004        0.59
    14     9  2004        0.79
    15     9  2004        0.20
    16     9  2004        0.00
    17     9  2004        0.00
    18     9  2004        0.00
    19     9  2004        0.00
    20     9  2004        0.00
    21     9  2004        0.00
    22     9  2004        0.00
    23     9  2004        0.00
    24     9  2004        0.00
    25     9  2004        0.00
    26     9  2004        0.00
    27     9  2004        0.00
    28     9  2004        0.00
    29     9  2004        0.00
    30     9  2004        0.00
     1    10  2004        0.00
     2    10  2004        0.00
     3    10  2004        0.00
     4    10  2004        0.00
     5    10  2004        0.20
     6    10  2004        0.20
     7    10  2004        0.00
     8    10  2004        0.00
     9    10  2004        0.00
    10    10  2004        0.00
    11    10  2004        0.00
    12    10  2004        0.00
    13    10  2004        0.00
    14    10  2004        0.00
    15    10  2004        0.00
    16    10  2004        0.00
    17    10  2004        0.00
    18    10  2004        0.00
    19    10  2004        0.00
    20    10  2004        0.00
    21    10  2004        0.00
    22    10  2004        0.00
    23    10  2004        0.00
    24    10  2004        0.00
    25    10  2004        0.00
    26    10  2004        0.00
    27    10  2004        0.00
    28    10  2004        0.00
    29    10  2004        0.00
    30    10  2004        0.00
    31    10  2004        0.39
     1    11  2004        0.20
     2    11  2004        0.00
     3    11  2004        0.00
     4    11  2004        0.00
     5    11  2004        1.38
     6    11  2004        1.57
     7    11  2004        2.17
     8    11  2004        1.97
     9    11  2004        0.20
    10    11  2004        0.20
    11    11  2004        0.20
    12    11  2004        1.19
    13    11  2004        0.99
    14    11  2004        1.17
    15    11  2004        0.79
    16    11  2004        3.54
    17    11  2004        5.12
    18    11  2004        2.36
    19    11  2004        0.20
    20    11  2004        0.00
    21    11  2004        2.56
    22    11  2004        3.34
    23    11  2004        3.54
    24    11  2004        1.96
    25    11  2004        0.60
    26    11  2004        0.40
    27    11  2004        0.20
    28    11  2004        2.15
    29    11  2004        1.58
    30    11  2004        0.80
     1    12  2004        1.00
     2    12  2004        0.20
     3    12  2004        0.00
     4    12  2004        0.00
     5    12  2004        0.00
     6    12  2004        0.00
     7    12  2004        0.20
     8    12  2004        0.60
     9    12  2004        0.20
    10    12  2004        0.00
    11    12  2004        0.00
    12    12  2004        0.20
    13    12  2004        0.00
    14    12  2004        0.00
    15    12  2004        0.00
    16    12  2004        0.00
    17    12  2004        0.00
    18    12  2004        1.00
    19    12  2004        1.39
    20    12  2004        0.80
    21    12  2004        2.55
    22    12  2004        2.16
    23    12  2004        0.80
    24    12  2004        0.20
    25    12  2004        0.20
    26    12  2004        0.20
    27    12  2004        6.48
    28    12  2004        5.69
    29    12  2004        1.77
    30    12  2004        2.95
    31    12  2004        2.94
     1     1  2005        2.94
     2     1  2005        2.74
     3     1  2005        0.98
     4     1  2005        3.15
     5     1  2005        2.94
     6     1  2005        0.20
     7     1  2005        2.16
     8     1  2005        7.86
     9     1  2005       14.95
    10     1  2005       10.81
    11     1  2005        0.20
    12     1  2005        0.00
    13     1  2005        0.60
    14     1  2005        0.40
    15     1  2005        0.00
    16     1  2005        0.20
    17     1  2005        0.60
    18     1  2005        2.95
    19     1  2005        7.65
    20     1  2005        6.48
    21     1  2005        4.13
    22     1  2005        3.54
    23     1  2005        2.35
    24     1  2005        0.80
    25     1  2005        0.20
    26     1  2005        0.00
    27     1  2005        0.00
    28     1  2005        0.00
    29     1  2005        0.00
    30     1  2005        0.20
    31     1  2005        0.00
     1     2  2005        0.00
     2     2  2005        0.00
     3     2  2005        0.40
     4     2  2005        2.54
     5     2  2005        1.19
     6     2  2005        0.20
     7     2  2005        0.00
     8     2  2005        0.00
     9     2  2005        0.00
    10     2  2005        0.20
    11     2  2005        0.00
    12     2  2005        0.00
    13     2  2005        0.00
    14     2  2005        0.20
    15     2  2005        0.00
    16     2  2005        0.00
    17     2  2005        0.99
    18     2  2005        0.00
    19     2  2005        0.00
    20     2  2005        0.00
    21     2  2005        0.00
    22     2  2005        0.20
    23     2  2005        0.20
    24     2  2005        2.55
    25     2  2005        0.40
    26     2  2005        0.20
    27     2  2005        1.18
    28     2  2005        2.16
     1     3  2005        0.98
     2     3  2005        1.78
     3     3  2005        0.00
     4     3  2005        0.00
     5     3  2005        2.94
     6     3  2005        0.40
     7     3  2005        0.00
     8     3  2005        0.79
     9     3  2005        0.00
    10     3  2005        0.20
    11     3  2005        0.20
    12     3  2005        0.20
    13     3  2005        0.00
    14     3  2005        0.00
    15     3  2005        0.00
    16     3  2005        0.00
    17     3  2005        0.00
    18     3  2005        2.36
    19     3  2005        1.56
    20     3  2005        0.00
    21     3  2005        0.20
    22     3  2005        0.00
    23     3  2005        0.00
    24     3  2005        0.20
    25     3  2005        1.96
    26     3  2005        2.16
    27     3  2005        0.99
    28     3  2005        1.57
    29     3  2005        1.38
    30     3  2005        3.35
    31     3  2005        1.19
     1     4  2005        0.00
     2     4  2005        0.00
     3     4  2005        0.20
     4     4  2005        0.00
     5     4  2005        0.78
     6     4  2005        0.20
     7     4  2005        0.00
     8     4  2005        3.15
     9     4  2005        0.40
    10     4  2005        0.00
    11     4  2005        1.37
    12     4  2005        0.00
    13     4  2005        0.99
    14     4  2005        1.18
    15     4  2005        0.20
    16     4  2005        0.40
    17     4  2005        1.58
    18     4  2005        0.00
    19     4  2005        0.79
    20     4  2005        2.36
    21     4  2005        0.40
    22     4  2005        0.99
    23     4  2005        1.97
    24     4  2005        0.00
    25     4  2005        1.97
    26     4  2005        1.97
    27     4  2005        2.94
    28     4  2005        1.57
    29     4  2005        0.20
    30     4  2005        0.20
     1     5  2005        0.00
     2     5  2005        0.20
     3     5  2005        0.40
     4     5  2005        0.00
     5     5  2005        0.00
     6     5  2005        0.00
     7     5  2005        0.00
     8     5  2005        0.00
     9     5  2005        0.59
    10     5  2005        1.38
    11     5  2005        1.96
    12     5  2005        0.40
    13     5  2005        0.99
    14     5  2005        0.40
    15     5  2005        0.00
    16     5  2005        0.00
    17     5  2005        0.79
    18     5  2005        0.00
    19     5  2005        0.00
    20     5  2005        0.00
    21     5  2005        0.00
    22     5  2005        0.00
    23     5  2005        0.00
    24     5  2005        0.00
    25     5  2005        0.00
    26     5  2005        0.00
    27     5  2005        0.00
    28     5  2005        0.00
    29     5  2005        0.00
    30     5  2005        0.00
    31     5  2005        0.00
     1     6  2005        0.00
     2     6  2005        0.60
     3     6  2005        0.98
     4     6  2005        0.79
     5     6  2005        2.74
     6     6  2005        1.19
     7     6  2005        0.40
     8     6  2005        0.99
     9     6  2005        0.98
    10     6  2005        0.40
    11     6  2005        1.18
    12     6  2005        0.00
    13     6  2005        0.00
    14     6  2005        4.33
    15     6  2005        1.18
    16     6  2005        0.00
    17     6  2005        0.98
    18     6  2005        0.20
    19     6  2005        0.80
    20     6  2005        0.00
    21     6  2005        0.00
    22     6  2005        0.00
    23     6  2005        0.20
    24     6  2005        0.00
    25     6  2005        0.00
    26     6  2005        0.00
    27     6  2005        0.00
    28     6  2005        0.00
    29     6  2005        0.20
    30     6  2005        0.00
     1     7  2005        0.00
     2     7  2005        0.20
     3     7  2005        0.00
     4     7  2005        0.00
     5     7  2005        0.00
     6     7  2005        0.00
     7     7  2005        1.19
     8     7  2005        0.59
     9     7  2005        0.00
    10     7  2005        0.00
    11     7  2005        1.97
    12     7  2005        0.00
    13     7  2005        1.19
    14     7  2005        0.20
    15     7  2005        0.40
    16     7  2005        0.80
    17     7  2005        0.79
    18     7  2005        1.57
    19     7  2005        0.00
    20     7  2005        0.00
    21     7  2005        0.00
    22     7  2005        0.00
    23     7  2005        0.00
    24     7  2005        0.00
    25     7  2005        0.00
    26     7  2005        0.20
    27     7  2005        0.00
    28     7  2005        0.00
    29     7  2005        0.00
    30     7  2005        0.59
    31     7  2005        0.79
     1     8  2005        0.00
     2     8  2005        0.80
     3     8  2005        0.00
     4     8  2005        0.00
     5     8  2005        0.20
     6     8  2005        0.20
     7     8  2005        0.00
     8     8  2005        0.20
     9     8  2005        0.00
    10     8  2005        0.00
    11     8  2005        0.00
    12     8  2005        0.00
    13     8  2005        0.00
    14     8  2005        0.00
    15     8  2005        0.00
    16     8  2005        0.00
    17     8  2005        0.00
    18     8  2005        0.00
    19     8  2005        0.00
    20     8  2005        0.20
    21     8  2005        0.40
    22     8  2005        0.60
    23     8  2005        0.00
    24     8  2005        0.00
    25     8  2005        0.00
    26     8  2005        0.00
    27     8  2005        0.00
    28     8  2005        0.00
    29     8  2005        0.00
    30     8  2005        0.00
    31     8  2005        0.00
     1     9  2005        0.20
     2     9  2005        0.00
     3     9  2005        0.00
     4     9  2005        0.40
     5     9  2005        0.00
     6     9  2005        1.78
     7     9  2005        0.20
     8     9  2005        0.40
     9     9  2005        0.80
    10     9  2005        0.98
    11     9  2005        4.13
    12     9  2005        1.38
    13     9  2005        0.20
    14     9  2005        0.40
    15     9  2005        0.00
    16     9  2005        0.00
    17     9  2005        0.59
    18     9  2005        2.95
    19     9  2005        0.59
    20     9  2005        2.17
    21     9  2005        0.59
    22     9  2005        0.00
    23     9  2005        1.18
    24     9  2005        0.99
    25     9  2005        0.00
    26     9  2005        0.00
    27     9  2005        0.99
    28     9  2005        0.00
    29     9  2005        0.79
    30     9  2005        0.59
     1    10  2005        0.00
     2    10  2005        0.79
     3    10  2005        0.80
     4    10  2005        0.79
     5    10  2005        0.98
     6    10  2005        0.59
     7    10  2005        0.20
     8    10  2005        0.40
     9    10  2005        0.00
    10    10  2005        0.00
    11    10  2005        0.00
    12    10  2005        0.00
    13    10  2005        0.00
    14    10  2005        0.00
    15    10  2005        0.00
    16    10  2005        0.00
    17    10  2005        0.00
    18    10  2005        0.00
    19    10  2005        0.00
    20    10  2005        0.00
    21    10  2005        0.00
    22    10  2005        0.00
    23    10  2005        0.00
    24    10  2005        0.00
    25    10  2005        0.00
    26    10  2005        0.00
    27    10  2005        0.00
    28    10  2005        0.20
    29    10  2005        0.00
    30    10  2005        2.57
    31    10  2005        0.59
     1    11  2005        2.76
     2    11  2005        4.72
     3    11  2005        0.00
     4    11  2005        0.59
     5    11  2005        0.00
     6    11  2005        0.40
     7    11  2005        0.20
     8    11  2005        0.00
     9    11  2005        0.00
    10    11  2005        0.00
    11    11  2005        0.00
    12    11  2005        0.00
    13    11  2005        0.00
    14    11  2005        0.00
    15    11  2005        0.00
    16    11  2005        0.00
    17    11  2005        0.00
    18    11  2005        0.00
    19    11  2005        0.00
    20    11  2005        0.00
    21    11  2005        0.79
    22    11  2005        0.60
    23    11  2005        0.00
    24    11  2005        2.76
    25    11  2005        0.40
    26    11  2005        0.00
    27    11  2005        0.00
    28    11  2005        0.00
    29    11  2005        0.00
    30    11  2005        0.00
     1    12  2005        0.00
     2    12  2005        0.00
     3    12  2005        0.00
     4    12  2005        0.00
     5    12  2005        0.00
     6    12  2005        0.39
     7    12  2005        0.20
     8    12  2005        0.00
     9    12  2005        0.20
    10    12  2005        0.00
    11    12  2005        0.00
    12    12  2005        0.00
    13    12  2005        0.00
    14    12  2005        0.00
    15    12  2005        0.00
    16    12  2005        0.00
    17    12  2005        0.20
    18    12  2005        0.00
    19    12  2005        0.00
    20    12  2005        0.00
    21    12  2005        0.00
    22    12  2005        0.00
    23    12  2005        0.00
    24    12  2005        0.00
    25    12  2005        0.00
    26    12  2005        0.00
    27    12  2005        0.00
    28    12  2005        0.00
    29    12  2005        0.00
    30    12  2005        0.00
    31    12  2005        0.00
     1     1  2006        0.00
     2     1  2006        0.00
     3     1  2006        0.00
     4     1  2006        0.00
     5     1  2006        0.00
     6     1  2006        0.00
     7     1  2006        0.20
     8     1  2006        0.00
     9     1  2006        0.00
    10     1  2006        0.00
    11     1  2006        0.00
    12     1  2006        0.00
    13     1  2006        0.00
    14     1  2006        0.00
    15     1  2006        0.00
    16     1  2006        0.20
    17     1  2006        0.00
    18     1  2006        0.00
    19     1  2006        0.40
    20     1  2006        0.00
    21     1  2006        0.00
    22     1  2006        0.00
    23     1  2006        0.00
    24     1  2006        0.00
    25     1  2006        0.00
    26     1  2006        0.00
    27     1  2006        0.00
    28     1  2006        0.00
    29     1  2006        0.20
    30     1  2006        0.60
    31     1  2006        0.00
     1     2  2006        0.00
     2     2  2006        0.00
     3     2  2006        0.00
     4     2  2006        0.00
     5     2  2006        0.00
     6     2  2006        0.00
     7     2  2006        0.00
     8     2  2006        0.00
     9     2  2006        0.00
    10     2  2006        0.20
    11     2  2006        0.00
    12     2  2006        0.00
    13     2  2006        0.00
    14     2  2006        0.00
    15     2  2006        1.58
    16     2  2006        0.20
    17     2  2006        0.00
    18     2  2006        0.00
    19     2  2006        0.20
    20     2  2006        0.20
    21     2  2006        0.20
    22     2  2006        0.40
    23     2  2006        0.00
    24     2  2006        0.00
    25     2  2006        0.00
    26     2  2006        0.00
    27     2  2006        0.00
    28     2  2006        0.00
     1     3  2006        0.00
     2     3  2006        0.00
     3     3  2006        0.00
     4     3  2006        0.00
     5     3  2006        0.00
     6     3  2006        0.00
     7     3  2006        0.00
     8     3  2006        0.00
     9     3  2006        0.00
    10     3  2006        0.00
    11     3  2006        0.00
    12     3  2006        0.00
    13     3  2006        0.00
    14     3  2006        0.00
    15     3  2006        0.00
    16     3  2006        0.00
    17     3  2006        0.00
    18     3  2006        0.78
    19     3  2006        0.20
    20     3  2006        1.00
    21     3  2006        0.00
    22     3  2006        0.00
    23     3  2006        0.00
    24     3  2006        0.20
    25     3  2006        0.20
    26     3  2006        0.79
    27     3  2006        0.40
    28     3  2006        0.20
    29     3  2006        0.00
    30     3  2006        1.37
    31     3  2006        0.40
     1     4  2006        0.40
     2     4  2006        0.79
     3     4  2006        0.20
     4     4  2006        0.80
     5     4  2006        2.75
     6     4  2006        1.18
     7     4  2006        1.57
     8     4  2006        1.97
     9     4  2006        0.40
    10     4  2006        0.40
    11     4  2006        0.20
    12     4  2006        3.53
    13     4  2006        5.89
    14     4  2006        2.95
    15     4  2006        4.14
    16     4  2006        0.60
    17     4  2006        0.60
    18     4  2006        0.40
    19     4  2006        1.00
    20     4  2006        0.79
    21     4  2006        2.17
    22     4  2006        1.97
    23     4  2006        0.60
    24     4  2006        0.40
    25     4  2006        0.00
    26     4  2006        0.40
    27     4  2006        3.54
    28     4  2006        0.80
    29     4  2006        1.37
    30     4  2006        0.40
     1     5  2006        0.40
     2     5  2006        0.40
     3     5  2006        0.00
     4     5  2006        0.20
     5     5  2006        0.20
     6     5  2006        0.00
     7     5  2006        0.20
     8     5  2006        0.00
     9     5  2006        0.20
    10     5  2006        1.18
    11     5  2006        0.20
    12     5  2006        9.06
    13     5  2006        0.80
    14     5  2006        0.00
    15     5  2006        0.00
    16     5  2006        6.50
    17     5  2006        0.99
    18     5  2006        1.96
    19     5  2006        0.00
    20     5  2006        0.00
    21     5  2006        0.00
    22     5  2006        0.20
    23     5  2006        0.00
    24     5  2006        0.00
    25     5  2006        0.00
    26     5  2006        0.00
    27     5  2006        0.00
    28     5  2006        0.00
    29     5  2006        0.00
    30     5  2006        0.00
    31     5  2006        0.20
     1     6  2006        0.40
     2     6  2006        0.20
     3     6  2006        0.00
     4     6  2006        1.58
     5     6  2006        0.20
     6     6  2006        0.00
     7     6  2006        0.00
     8     6  2006        0.00
     9     6  2006        0.20
    10     6  2006        0.00
    11     6  2006        0.20
    12     6  2006        0.00
    13     6  2006        0.00
    14     6  2006        0.00
    15     6  2006        0.20
    16     6  2006        0.20
    17     6  2006        3.73
    18     6  2006        0.20
    19     6  2006        0.20
    20     6  2006        0.40
    21     6  2006        0.20
    22     6  2006        0.40
    23     6  2006        0.20
    24     6  2006        0.20
    25     6  2006        0.00
    26     6  2006        0.40
    27     6  2006        0.79
    28     6  2006        3.54
    29     6  2006        5.11
    30     6  2006        0.60
     1     7  2006        0.98
     2     7  2006        0.20
     3     7  2006        0.00
     4     7  2006        0.00
     5     7  2006        0.00
     6     7  2006        0.00
     7     7  2006        0.00
     8     7  2006        1.58
     9     7  2006        2.55
    10     7  2006        0.20
    11     7  2006        0.00
    12     7  2006        0.59
    13     7  2006        0.40
    14     7  2006        0.00
    15     7  2006        0.20
    16     7  2006        0.00
    17     7  2006        0.79
    18     7  2006        0.00
    19     7  2006        0.00
    20     7  2006        0.00
    21     7  2006        0.00
    22     7  2006        0.00
    23     7  2006        1.77
    24     7  2006        0.00
    25     7  2006        0.00
    26     7  2006        0.20
    27     7  2006        0.00
    28     7  2006        3.35
    29     7  2006        0.20
    30     7  2006        0.79
    31     7  2006        0.40
     1     8  2006        1.19
     2     8  2006        0.00
     3     8  2006        1.77
     4     8  2006        0.00
     5     8  2006        0.20
     6     8  2006        0.00
     7     8  2006        0.59
     8     8  2006        2.56
     9     8  2006        1.97
    10     8  2006        0.20
    11     8  2006        0.98
    12     8  2006        1.58
    13     8  2006        0.20
    14     8  2006        0.20
    15     8  2006        0.00
    16     8  2006        0.00
    17     8  2006        0.00
    18     8  2006        0.00
    19     8  2006        0.00
    20     8  2006        0.00
    21     8  2006        0.00
    22     8  2006        0.00
    23     8  2006        0.00
    24     8  2006        0.00
    25     8  2006        0.00
    26     8  2006        0.00
    27     8  2006        0.00
    28     8  2006        0.20
    29     8  2006        0.00
    30     8  2006        0.59
    31     8  2006        0.20
     1     9  2006        0.00
     2     9  2006        0.00
     3     9  2006        0.00
     4     9  2006        0.00
     5     9  2006        0.00
     6     9  2006        0.00
     7     9  2006        0.00
     8     9  2006        0.00
     9     9  2006        0.00
    10     9  2006        0.00
    11     9  2006        0.00
    12     9  2006        0.00
    13     9  2006        0.00
    14     9  2006        0.00
    15     9  2006        0.39
    16     9  2006        0.00
    17     9  2006        0.00
    18     9  2006        0.20
    19     9  2006        0.60
    20     9  2006        0.00
    21     9  2006        2.56
    22     9  2006        0.20
    23     9  2006        0.20
    24     9  2006        0.20
    25     9  2006        0.40
    26     9  2006        0.00
    27     9  2006        0.00
    28     9  2006        0.00
    29     9  2006        0.20
    30     9  2006        1.37
     1    10  2006        1.58
     2    10  2006        0.00
     3    10  2006        0.00
     4    10  2006        0.00
     5    10  2006        0.00
     6    10  2006        0.00
     7    10  2006        0.00
     8    10  2006        0.00
     9    10  2006        0.00
    10    10  2006        0.00
    11    10  2006        0.00
    12    10  2006        0.20
    13    10  2006        0.00
    14    10  2006        4.72
    15    10  2006        1.18
    16    10  2006        0.40
    17    10  2006        0.59
    18    10  2006        0.40
    19    10  2006        0.00
    20    10  2006        0.59
    21    10  2006        0.00
    22    10  2006        0.59
    23    10  2006        2.95
    24    10  2006        2.17
    25    10  2006        3.35
    26    10  2006        0.98
    27    10  2006        0.40
    28    10  2006        0.00
    29    10  2006        0.00
    30    10  2006        0.00
    31    10  2006        0.00
     1    11  2006        0.00
     2    11  2006        0.00
     3    11  2006        0.00
     4    11  2006        0.00
     5    11  2006        0.00
     6    11  2006        0.00
     7    11  2006        0.00
     8    11  2006        0.00
     9    11  2006        0.00
    10    11  2006        0.00
    11    11  2006        0.00
    12    11  2006        0.00
    13    11  2006        0.00
    14    11  2006        0.00
    15    11  2006        0.00
    16    11  2006        0.00
    17    11  2006        0.00
    18    11  2006        0.20
    19    11  2006        0.79
    20    11  2006        0.20
    21    11  2006        0.00
    22    11  2006        0.00
    23    11  2006        0.00
    24    11  2006        2.76
    25    11  2006        0.00
    26    11  2006        1.38
    27    11  2006        0.20
    28    11  2006        0.00
    29    11  2006        0.00
    30    11  2006        0.00
     1    12  2006        0.00
     2    12  2006        0.00
     3    12  2006        0.20
     4    12  2006        0.00
     5    12  2006        0.20
     6    12  2006        2.95
     7    12  2006        0.00
     8    12  2006        0.20
     9    12  2006        0.59
    10    12  2006        2.16
    11    12  2006        0.79
    12    12  2006        1.58
    13    12  2006        0.40
    14    12  2006        0.59
    15    12  2006        0.00
    16    12  2006        0.39
    17    12  2006        0.98
    18    12  2006        0.20
    19    12  2006        0.00
    20    12  2006        0.00
    21    12  2006        0.00
    22    12  2006        0.00
    23    12  2006        0.00
    24    12  2006        0.00
    25    12  2006        0.00
    26    12  2006        0.00
    27    12  2006        0.00
    28    12  2006        0.00
    29    12  2006        0.00
    30    12  2006        0.00
    31    12  2006        0.20
     1     1  2007        3.72
     2     1  2007        0.79
     3     1  2007        1.97
     4     1  2007        0.20
     5     1  2007        0.00
     6     1  2007        0.40
     7     1  2007        0.00
     8     1  2007        0.00
     9     1  2007        0.00
    10     1  2007        0.00
    11     1  2007        0.00
    12     1  2007        0.00
    13     1  2007        0.00
    14     1  2007        0.00
    15     1  2007        0.00
    16     1  2007        0.00
    17     1  2007        0.00
