     1     1  2001        0.00
     2     1  2001        0.00
     3     1  2001        0.00
     4     1  2001        0.00
     5     1  2001        0.00
     6     1  2001        0.00
     7     1  2001        0.00
     8     1  2001        0.20
     9     1  2001        0.00
    10     1  2001        0.00
    11     1  2001        0.00
    12     1  2001        0.00
    13     1  2001        0.00
    14     1  2001        0.00
    15     1  2001        0.00
    16     1  2001        0.00
    17     1  2001        0.00
    18     1  2001        0.00
    19     1  2001        0.00
    20     1  2001        0.00
    21     1  2001        0.00
    22     1  2001        0.00
    23     1  2001        0.00
    24     1  2001        0.00
    25     1  2001        0.00
    26     1  2001        0.59
    27     1  2001        0.00
    28     1  2001        0.00
    29     1  2001        0.20
    30     1  2001        0.99
    31     1  2001        0.00
     1     2  2001        0.60
     2     2  2001        0.00
     3     2  2001        0.00
     4     2  2001        0.60
     5     2  2001        0.20
     6     2  2001        0.00
     7     2  2001        0.00
     8     2  2001        0.00
     9     2  2001        0.00
    10     2  2001        0.00
    11     2  2001        0.00
    12     2  2001        0.00
    13     2  2001        0.00
    14     2  2001        0.00
    15     2  2001        0.00
    16     2  2001        0.00
    17     2  2001        0.00
    18     2  2001        0.00
    19     2  2001        0.00
    20     2  2001        0.00
    21     2  2001        0.62
    22     2  2001        0.40
    23     2  2001        0.60
    24     2  2001        0.42
    25     2  2001        1.57
    26     2  2001        0.99
    27     2  2001        1.39
    28     2  2001        0.40
     1     3  2001        1.57
     2     3  2001        0.20
     3     3  2001        0.20
     4     3  2001        0.00
     5     3  2001        0.00
     6     3  2001        0.00
     7     3  2001        0.00
     8     3  2001        0.00
     9     3  2001        0.00
    10     3  2001        0.00
    11     3  2001        0.00
    12     3  2001        0.00
    13     3  2001        0.00
    14     3  2001        0.20
    15     3  2001        0.00
    16     3  2001        0.00
    17     3  2001        1.77
    18     3  2001        0.60
    19     3  2001        1.77
    20     3  2001        0.00
    21     3  2001        0.20
    22     3  2001        0.39
    23     3  2001        0.00
    24     3  2001        0.00
    25     3  2001        0.00
    26     3  2001        0.00
    27     3  2001        0.00
    28     3  2001        0.00
    29     3  2001        0.00
    30     3  2001        0.00
    31     3  2001        0.00
     1     4  2001        0.00
     2     4  2001        0.00
     3     4  2001        0.00
     4     4  2001        0.79
     5     4  2001        0.20
     6     4  2001        0.00
     7     4  2001        0.00
     8     4  2001        0.79
     9     4  2001        0.00
    10     4  2001        0.00
    11     4  2001        0.00
    12     4  2001        0.00
    13     4  2001        0.00
    14     4  2001        0.20
    15     4  2001        0.00
    16     4  2001        0.00
    17     4  2001        0.00
    18     4  2001        0.00
    19     4  2001        0.00
    20     4  2001        0.00
    21     4  2001        0.00
    22     4  2001        0.00
    23     4  2001        0.00
    24     4  2001        0.00
    25     4  2001        0.00
    26     4  2001        0.00
    27     4  2001        0.00
    28     4  2001        0.00
    29     4  2001        0.00
    30     4  2001        0.00
     1     5  2001        0.00
     2     5  2001        0.00
     3     5  2001        2.35
     4     5  2001        0.00
     5     5  2001        0.59
     6     5  2001        0.20
     7     5  2001        0.00
     8     5  2001        0.39
     9     5  2001        0.59
    10     5  2001        0.20
    11     5  2001        0.00
    12     5  2001        0.00
    13     5  2001        0.00
    14     5  2001        0.00
    15     5  2001        0.00
    16     5  2001        0.00
    17     5  2001        0.00
    18     5  2001        0.00
    19     5  2001        0.00
    20     5  2001        0.00
    21     5  2001        0.00
    22     5  2001        0.00
    23     5  2001        0.00
    24     5  2001        0.00
    25     5  2001        0.00
    26     5  2001        0.00
    27     5  2001        0.00
    28     5  2001        0.00
    29     5  2001        0.00
    30     5  2001        0.00
    31     5  2001        0.00
     1     6  2001        0.00
     2     6  2001        0.00
     3     6  2001        0.00
     4     6  2001        0.00
     5     6  2001        0.00
     6     6  2001        0.00
     7     6  2001        0.00
     8     6  2001        0.00
     9     6  2001        0.00
    10     6  2001        0.00
    11     6  2001        0.00
    12     6  2001        0.00
    13     6  2001        0.00
    14     6  2001        0.00
    15     6  2001        0.00
    16     6  2001        0.00
    17     6  2001        0.00
    18     6  2001        0.00
    19     6  2001        0.00
    20     6  2001        0.00
    21     6  2001        0.00
    22     6  2001        0.00
    23     6  2001        0.00
    24     6  2001        0.00
    25     6  2001        0.00
    26     6  2001        0.00
    27     6  2001        0.00
    28     6  2001        0.00
    29     6  2001        0.00
    30     6  2001        0.00
     1     7  2001        0.00
     2     7  2001        0.00
     3     7  2001        0.00
     4     7  2001        0.00
     5     7  2001        0.00
     6     7  2001        0.00
     7     7  2001        0.00
     8     7  2001        0.00
     9     7  2001        0.00
    10     7  2001        0.00
    11     7  2001        0.00
    12     7  2001        0.00
    13     7  2001        0.00
    14     7  2001        0.00
    15     7  2001        0.00
    16     7  2001        0.00
    17     7  2001        0.00
    18     7  2001        0.00
    19     7  2001        0.00
    20     7  2001        0.00
    21     7  2001        0.00
    22     7  2001        0.00
    23     7  2001        0.00
    24     7  2001        0.79
    25     7  2001        0.00
    26     7  2001        0.00
    27     7  2001        0.00
    28     7  2001        0.00
    29     7  2001        0.00
    30     7  2001        0.00
    31     7  2001        0.00
     1     8  2001        0.00
     2     8  2001        0.00
     3     8  2001        0.00
     4     8  2001        0.00
     5     8  2001        0.00
     6     8  2001        0.00
     7     8  2001        0.00
     8     8  2001        0.00
     9     8  2001        0.00
    10     8  2001        0.00
    11     8  2001        0.00
    12     8  2001        0.00
    13     8  2001        9.45
    14     8  2001        3.15
    15     8  2001        0.00
    16     8  2001        0.00
    17     8  2001        0.00
    18     8  2001        0.00
    19     8  2001        0.00
    20     8  2001        0.00
    21     8  2001        0.00
    22     8  2001        0.00
    23     8  2001        0.00
    24     8  2001        0.00
    25     8  2001        0.00
    26     8  2001        0.00
    27     8  2001        0.00
    28     8  2001        0.00
    29     8  2001        0.00
    30     8  2001        0.00
    31     8  2001        0.00
     1     9  2001        0.00
     2     9  2001        0.00
     3     9  2001        0.00
     4     9  2001        0.00
     5     9  2001        0.00
     6     9  2001        0.00
     7     9  2001        0.00
     8     9  2001        0.00
     9     9  2001        0.00
    10     9  2001        0.00
    11     9  2001        0.00
    12     9  2001        0.00
    13     9  2001        0.00
    14     9  2001        0.00
    15     9  2001        0.00
    16     9  2001        0.00
    17     9  2001        0.00
    18     9  2001        0.00
    19     9  2001        0.00
    20     9  2001        0.00
    21     9  2001        0.00
    22     9  2001        0.00
    23     9  2001        0.00
    24     9  2001        0.00
    25     9  2001        0.00
    26     9  2001        0.00
    27     9  2001        0.00
    28     9  2001        0.00
    29     9  2001        0.00
    30     9  2001        0.00
     1    10  2001        0.00
     2    10  2001        0.00
     3    10  2001        0.00
     4    10  2001        0.00
     5    10  2001        0.00
     6    10  2001        0.00
     7    10  2001        0.00
     8    10  2001        0.00
     9    10  2001        0.00
    10    10  2001        0.00
    11    10  2001        0.00
    12    10  2001        0.00
    13    10  2001        0.00
    14    10  2001        0.00
    15    10  2001        0.00
    16    10  2001        0.00
    17    10  2001        0.00
    18    10  2001        0.00
    19    10  2001        0.00
    20    10  2001        0.00
    21    10  2001        0.00
    22    10  2001        0.00
    23    10  2001        0.00
    24    10  2001        0.00
    25    10  2001        0.00
    26    10  2001        0.00
    27    10  2001        0.00
    28    10  2001        0.00
    29    10  2001        0.00
    30    10  2001        0.00
    31    10  2001        0.00
     1    11  2001        0.00
     2    11  2001        0.00
     3    11  2001        0.00
     4    11  2001        0.00
     5    11  2001        0.00
     6    11  2001        0.00
     7    11  2001        0.00
     8    11  2001        0.00
     9    11  2001        0.00
    10    11  2001        0.00
    11    11  2001        0.00
    12    11  2001        0.00
    13    11  2001        0.00
    14    11  2001        0.00
    15    11  2001        0.00
    16    11  2001        0.00
    17    11  2001        0.00
    18    11  2001        0.00
    19    11  2001        0.00
    20    11  2001        0.00
    21    11  2001        0.00
    22    11  2001        0.00
    23    11  2001        0.00
    24    11  2001        0.00
    25    11  2001        0.00
    26    11  2001        0.00
    27    11  2001        0.00
    28    11  2001        0.00
    29    11  2001        0.00
    30    11  2001        0.00
     1    12  2001        0.00
     2    12  2001        0.00
     3    12  2001        0.00
     4    12  2001        0.00
     5    12  2001        0.00
     6    12  2001        0.00
     7    12  2001        0.00
     8    12  2001        0.00
     9    12  2001        0.00
    10    12  2001        0.00
    11    12  2001        0.00
    12    12  2001        0.00
    13    12  2001        0.00
    14    12  2001        0.00
    15    12  2001        0.00
    16    12  2001        0.00
    17    12  2001        0.00
    18    12  2001        0.00
    19    12  2001        0.00
    20    12  2001        0.00
    21    12  2001        0.00
    22    12  2001        0.00
    23    12  2001        0.00
    24    12  2001        0.00
    25    12  2001        0.00
    26    12  2001        0.00
    27    12  2001        0.00
    28    12  2001        0.00
    29    12  2001        0.00
    30    12  2001        0.00
    31    12  2001        0.00
     1     1  2002        0.00
     2     1  2002        0.00
     3     1  2002        0.00
     4     1  2002        0.00
     5     1  2002        0.00
     6     1  2002        0.00
     7     1  2002        0.00
     8     1  2002        0.00
     9     1  2002        0.00
    10     1  2002        0.00
    11     1  2002        0.00
    12     1  2002        0.00
    13     1  2002        0.00
    14     1  2002        0.00
    15     1  2002        0.00
    16     1  2002        0.00
    17     1  2002        0.00
    18     1  2002        0.00
    19     1  2002        0.00
    20     1  2002        0.00
    21     1  2002        0.00
    22     1  2002        0.00
    23     1  2002        0.00
    24     1  2002        0.00
    25     1  2002        0.00
    26     1  2002        0.00
    27     1  2002        0.00
    28     1  2002        0.00
    29     1  2002        0.00
    30     1  2002        0.00
    31     1  2002        0.00
     1     2  2002        0.00
     2     2  2002        0.00
     3     2  2002        0.00
     4     2  2002        0.00
     5     2  2002        0.00
     6     2  2002        0.00
     7     2  2002        0.00
     8     2  2002        0.00
     9     2  2002        0.00
    10     2  2002        0.00
    11     2  2002        0.00
    12     2  2002        0.00
    13     2  2002        0.00
    14     2  2002        0.00
    15     2  2002        0.00
    16     2  2002        0.00
    17     2  2002        0.00
    18     2  2002        0.00
    19     2  2002        0.00
    20     2  2002        0.00
    21     2  2002        0.00
    22     2  2002        0.00
    23     2  2002        0.00
    24     2  2002        0.00
    25     2  2002        0.00
    26     2  2002        0.00
    27     2  2002        0.00
    28     2  2002        0.00
     1     3  2002        0.00
     2     3  2002        0.00
     3     3  2002        0.00
     4     3  2002        0.00
     5     3  2002        0.00
     6     3  2002        0.00
     7     3  2002        0.00
     8     3  2002        0.00
     9     3  2002        0.00
    10     3  2002        0.00
    11     3  2002        0.00
    12     3  2002        0.00
    13     3  2002        0.00
    14     3  2002        0.00
    15     3  2002        0.00
    16     3  2002        0.00
    17     3  2002        0.00
    18     3  2002        0.00
    19     3  2002        0.00
    20     3  2002        0.00
    21     3  2002        0.00
    22     3  2002        0.00
    23     3  2002        0.00
    24     3  2002        0.00
    25     3  2002        0.00
    26     3  2002        0.00
    27     3  2002        0.00
    28     3  2002        0.00
    29     3  2002        0.00
    30     3  2002        0.00
    31     3  2002        0.00
     1     4  2002        0.00
     2     4  2002        0.00
     3     4  2002        0.00
     4     4  2002        0.00
     5     4  2002        0.00
     6     4  2002        0.00
     7     4  2002        0.00
     8     4  2002        0.00
     9     4  2002        0.00
    10     4  2002        0.00
    11     4  2002        0.00
    12     4  2002        0.20
    13     4  2002        0.00
    14     4  2002        0.00
    15     4  2002        0.00
    16     4  2002        0.39
    17     4  2002        0.00
    18     4  2002        1.57
    19     4  2002        6.13
    20     4  2002        0.00
    21     4  2002        3.54
    22     4  2002        0.00
    23     4  2002        3.95
    24     4  2002        1.60
    25     4  2002        0.00
    26     4  2002        0.00
    27     4  2002        0.00
    28     4  2002        0.00
    29     4  2002        0.40
    30     4  2002        0.00
     1     5  2002        0.00
     2     5  2002        0.20
     3     5  2002        0.00
     4     5  2002        0.00
     5     5  2002        0.20
     6     5  2002        0.00
     7     5  2002        9.08
     8     5  2002        1.19
     9     5  2002        1.20
    10     5  2002        2.98
    11     5  2002        2.19
    12     5  2002        0.40
    13     5  2002        0.40
    14     5  2002        0.00
    15     5  2002        0.00
    16     5  2002        0.00
    17     5  2002        0.00
    18     5  2002        0.00
    19     5  2002        0.00
    20     5  2002        0.42
    21     5  2002        1.63
    22     5  2002        0.62
    23     5  2002        0.40
    24     5  2002        0.00
    25     5  2002        0.20
    26     5  2002        0.42
    27     5  2002        0.41
    28     5  2002        1.44
    29     5  2002        0.00
    30     5  2002        1.24
    31     5  2002        1.78
     1     6  2002        2.39
     2     6  2002        0.00
     3     6  2002        0.00
     4     6  2002        0.00
     5     6  2002        2.41
     6     6  2002        0.42
     7     6  2002        0.00
     8     6  2002        0.00
     9     6  2002        1.63
    10     6  2002        0.00
    11     6  2002        0.00
    12     6  2002        0.00
    13     6  2002        0.00
    14     6  2002        0.00
    15     6  2002        0.00
    16     6  2002        0.00
    17     6  2002        0.00
    18     6  2002        0.20
    19     6  2002        0.00
    20     6  2002        0.59
    21     6  2002        0.00
    22     6  2002        0.00
    23     6  2002        0.00
    24     6  2002        0.00
    25     6  2002        0.00
    26     6  2002        0.20
    27     6  2002        0.00
    28     6  2002        0.00
    29     6  2002        0.00
    30     6  2002        0.00
     1     7  2002        0.00
     2     7  2002        0.20
     3     7  2002        7.87
     4     7  2002        0.79
     5     7  2002        0.00
     6     7  2002        0.00
     7     7  2002        0.00
     8     7  2002        0.00
     9     7  2002        0.00
    10     7  2002        0.00
    11     7  2002        0.00
    12     7  2002        0.00
    13     7  2002        0.00
    14     7  2002        0.00
    15     7  2002        0.42
    16     7  2002        0.00
    17     7  2002        0.00
    18     7  2002        0.42
    19     7  2002        2.36
    20     7  2002        4.72
    21     7  2002        2.98
    22     7  2002        0.20
    23     7  2002        0.42
    24     7  2002        2.37
    25     7  2002        1.18
    26     7  2002        3.15
    27     7  2002        2.78
    28     7  2002        4.34
    29     7  2002        2.56
    30     7  2002        8.46
    31     7  2002        1.01
     1     8  2002        0.20
     2     8  2002        0.84
     3     8  2002        0.79
     4     8  2002        1.40
     5     8  2002        1.43
     6     8  2002        0.20
     7     8  2002        0.00
     8     8  2002        0.00
     9     8  2002        4.55
    10     8  2002        0.00
    11     8  2002        0.42
    12     8  2002        0.20
    13     8  2002        0.00
    14     8  2002        0.20
    15     8  2002        0.79
    16     8  2002        0.79
    17     8  2002        1.97
    18     8  2002        6.30
    19     8  2002        3.94
    20     8  2002        2.41
    21     8  2002        3.54
    22     8  2002        5.11
    23     8  2002        5.52
    24     8  2002        3.15
    25     8  2002        2.22
    26     8  2002        1.04
    27     8  2002        1.78
    28     8  2002        1.40
    29     8  2002        0.20
    30     8  2002        0.20
    31     8  2002        0.00
     1     9  2002        0.40
     2     9  2002        0.00
     3     9  2002        0.42
     4     9  2002        1.18
     5     9  2002        0.00
     6     9  2002        0.00
     7     9  2002        0.00
     8     9  2002        0.79
     9     9  2002        5.93
    10     9  2002        0.84
    11     9  2002        1.97
    12     9  2002        1.58
    13     9  2002        0.82
    14     9  2002        0.81
    15     9  2002        2.17
    16     9  2002        2.22
    17     9  2002        7.68
    18     9  2002        4.71
    19     9  2002        8.06
    20     9  2002        2.36
    21     9  2002        5.11
    22     9  2002        8.25
    23     9  2002        1.85
    24     9  2002        2.76
    25     9  2002        5.92
    26     9  2002        2.59
    27     9  2002        3.75
    28     9  2002        0.84
    29     9  2002        2.36
    30     9  2002        2.62
     1    10  2002        5.90
     2    10  2002        1.02
     3    10  2002        5.53
     4    10  2002        8.48
     5    10  2002        8.08
     6    10  2002        0.40
     7    10  2002        0.00
     8    10  2002        0.00
     9    10  2002        0.00
    10    10  2002        0.40
    11    10  2002        0.84
    12    10  2002        1.58
    13    10  2002        3.54
    14    10  2002        3.93
    15    10  2002        2.56
    16    10  2002        0.42
    17    10  2002        1.18
    18    10  2002        0.42
    19    10  2002        1.21
    20    10  2002        0.00
    21    10  2002        0.00
    22    10  2002        0.00
    23    10  2002        0.00
    24    10  2002        0.42
    25    10  2002        0.59
    26    10  2002        0.00
    27    10  2002        0.00
    28    10  2002        0.00
    29    10  2002        0.20
    30    10  2002        0.00
    31    10  2002        0.00
     1    11  2002        0.00
     2    11  2002        0.00
     3    11  2002        0.00
     4    11  2002        0.00
     5    11  2002        0.00
     6    11  2002        0.00
     7    11  2002        0.00
     8    11  2002        0.00
     9    11  2002        0.42
    10    11  2002        0.00
    11    11  2002        0.00
    12    11  2002        0.00
    13    11  2002        0.00
    14    11  2002        0.00
    15    11  2002        0.00
    16    11  2002        0.00
    17    11  2002        0.00
    18    11  2002        0.00
    19    11  2002        0.00
    20    11  2002        0.00
    21    11  2002        0.00
    22    11  2002        0.00
    23    11  2002        0.00
    24    11  2002        0.00
    25    11  2002        0.00
    26    11  2002        0.00
    27    11  2002        0.00
    28    11  2002        0.00
    29    11  2002        0.00
    30    11  2002        0.00
     1    12  2002        0.00
     2    12  2002        0.00
     3    12  2002        0.00
     4    12  2002        0.00
     5    12  2002        0.00
     6    12  2002        0.00
     7    12  2002        0.00
     8    12  2002        0.00
     9    12  2002        0.00
    10    12  2002        1.01
    11    12  2002        0.20
    12    12  2002        0.00
    13    12  2002        0.00
    14    12  2002        0.00
    15    12  2002        0.42
    16    12  2002        0.00
    17    12  2002        0.00
    18    12  2002        0.42
    19    12  2002        0.00
    20    12  2002        0.00
    21    12  2002        0.00
    22    12  2002        0.00
    23    12  2002        0.00
    24    12  2002        0.40
    25    12  2002        0.20
    26    12  2002        0.20
    27    12  2002        0.84
    28    12  2002        0.00
    29    12  2002        0.20
    30    12  2002        0.20
    31    12  2002        0.40
     1     1  2003        0.42
     2     1  2003        0.62
     3     1  2003        0.00
     4     1  2003        0.60
     5     1  2003        0.42
     6     1  2003        0.00
     7     1  2003        0.81
     8     1  2003        1.61
     9     1  2003        0.81
    10     1  2003        0.00
    11     1  2003        0.00
    12     1  2003        0.00
    13     1  2003        0.00
    14     1  2003        0.00
    15     1  2003        0.00
    16     1  2003        0.82
    17     1  2003        0.20
    18     1  2003        2.61
    19     1  2003        0.20
    20     1  2003        0.20
    21     1  2003        0.00
    22     1  2003        0.20
    23     1  2003        0.20
    24     1  2003        0.00
    25     1  2003        0.00
    26     1  2003        0.00
    27     1  2003        0.00
    28     1  2003        0.00
    29     1  2003        0.20
    30     1  2003        0.00
    31     1  2003        0.00
     1     2  2003        1.01
     2     2  2003        0.42
     3     2  2003        0.00
     4     2  2003        0.00
     5     2  2003        0.00
     6     2  2003        0.20
     7     2  2003        0.00
     8     2  2003        0.00
     9     2  2003        0.00
    10     2  2003        0.00
    11     2  2003        0.00
    12     2  2003        0.00
    13     2  2003        0.00
    14     2  2003        0.00
    15     2  2003        0.00
    16     2  2003        0.00
    17     2  2003        0.20
    18     2  2003        0.00
    19     2  2003        0.00
    20     2  2003        0.00
    21     2  2003        0.00
    22     2  2003        0.00
    23     2  2003        0.00
    24     2  2003        0.00
    25     2  2003        0.42
    26     2  2003        0.62
    27     2  2003        0.59
    28     2  2003        0.00
     1     3  2003        0.00
     2     3  2003        0.00
     3     3  2003        0.00
     4     3  2003        0.00
     5     3  2003        0.00
     6     3  2003        0.00
     7     3  2003        0.00
     8     3  2003        0.00
     9     3  2003        0.00
    10     3  2003        0.00
    11     3  2003        0.00
    12     3  2003        0.00
    13     3  2003        0.00
    14     3  2003        0.00
    15     3  2003        0.00
    16     3  2003        0.40
    17     3  2003        0.00
    18     3  2003        0.00
    19     3  2003        0.00
    20     3  2003        0.00
    21     3  2003        0.00
    22     3  2003        0.00
    23     3  2003        0.00
    24     3  2003        0.00
    25     3  2003        0.00
    26     3  2003        0.00
    27     3  2003        0.00
    28     3  2003        0.00
    29     3  2003        0.00
    30     3  2003        0.00
    31     3  2003        0.00
     1     4  2003        0.00
     2     4  2003        0.00
     3     4  2003        0.00
     4     4  2003        0.00
     5     4  2003        0.20
     6     4  2003        0.42
     7     4  2003        0.00
     8     4  2003        0.00
     9     4  2003        0.00
    10     4  2003        0.00
    11     4  2003        0.00
    12     4  2003        0.00
    13     4  2003        0.00
    14     4  2003        0.39
    15     4  2003        2.81
    16     4  2003        0.20
    17     4  2003        0.00
    18     4  2003        0.20
    19     4  2003        0.20
    20     4  2003        0.59
    21     4  2003        0.20
    22     4  2003        0.40
    23     4  2003        0.00
    24     4  2003        0.00
    25     4  2003        0.00
    26     4  2003        0.00
    27     4  2003        0.00
    28     4  2003        0.00
    29     4  2003        0.00
    30     4  2003        0.00
     1     5  2003        0.00
     2     5  2003        0.00
     3     5  2003        0.00
     4     5  2003        0.00
     5     5  2003        0.00
     6     5  2003        0.00
     7     5  2003        0.00
     8     5  2003        0.00
     9     5  2003        0.00
    10     5  2003        0.00
    11     5  2003        0.00
    12     5  2003        0.00
    13     5  2003        0.00
    14     5  2003        0.00
    15     5  2003        0.00
    16     5  2003        0.00
    17     5  2003        0.00
    18     5  2003        0.00
    19     5  2003        0.00
    20     5  2003        0.79
    21     5  2003        0.20
    22     5  2003        0.00
    23     5  2003        0.00
    24     5  2003        0.59
    25     5  2003        0.82
    26     5  2003        2.39
    27     5  2003        0.20
    28     5  2003        0.20
    29     5  2003        0.00
    30     5  2003        1.99
    31     5  2003        0.00
     1     6  2003        0.00
     2     6  2003        0.00
     3     6  2003        0.00
     4     6  2003        0.00
     5     6  2003        0.00
     6     6  2003        0.00
     7     6  2003        0.00
     8     6  2003        0.00
     9     6  2003        0.00
    10     6  2003        0.42
    11     6  2003        0.00
    12     6  2003        0.00
    13     6  2003        0.00
    14     6  2003        0.00
    15     6  2003        0.00
    16     6  2003        0.00
    17     6  2003        0.00
    18     6  2003        0.00
    19     6  2003        0.20
    20     6  2003        0.00
    21     6  2003        1.38
    22     6  2003        0.79
    23     6  2003        0.00
    24     6  2003        0.00
    25     6  2003        0.00
    26     6  2003        0.00
    27     6  2003        0.00
    28     6  2003        0.00
    29     6  2003        0.00
    30     6  2003        0.00
     1     7  2003        0.00
     2     7  2003        0.00
     3     7  2003        0.00
     4     7  2003        0.00
     5     7  2003        0.00
     6     7  2003        0.42
     7     7  2003        0.00
     8     7  2003        0.00
     9     7  2003        1.38
    10     7  2003        0.62
    11     7  2003        0.62
    12     7  2003        0.00
    13     7  2003        0.59
    14     7  2003        0.00
    15     7  2003        0.00
    16     7  2003        0.00
    17     7  2003        0.00
    18     7  2003        0.20
    19     7  2003        0.40
    20     7  2003        0.00
    21     7  2003        0.00
    22     7  2003        0.00
    23     7  2003        0.00
    24     7  2003        0.00
    25     7  2003        0.00
    26     7  2003        0.00
    27     7  2003        0.00
    28     7  2003        0.00
    29     7  2003        0.00
    30     7  2003        0.00
    31     7  2003        0.00
     1     8  2003        0.00
     2     8  2003        0.00
     3     8  2003        0.00
     4     8  2003        0.00
     5     8  2003        0.00
     6     8  2003        0.00
     7     8  2003        0.00
     8     8  2003        0.20
     9     8  2003        0.00
    10     8  2003        0.00
    11     8  2003        0.00
    12     8  2003        0.00
    13     8  2003        0.00
    14     8  2003        0.00
    15     8  2003        0.00
    16     8  2003        0.00
    17     8  2003        0.00
    18     8  2003        0.00
    19     8  2003        0.00
    20     8  2003        0.00
    21     8  2003        0.00
    22     8  2003        0.00
    23     8  2003        0.00
    24     8  2003        0.00
    25     8  2003        0.00
    26     8  2003        0.00
    27     8  2003        0.00
    28     8  2003        0.00
    29     8  2003        0.00
    30     8  2003        0.00
    31     8  2003        0.00
     1     9  2003        0.00
     2     9  2003        0.00
     3     9  2003        0.00
     4     9  2003        0.00
     5     9  2003        0.00
     6     9  2003        0.00
     7     9  2003        0.00
     8     9  2003        0.00
     9     9  2003        0.00
    10     9  2003        0.00
    11     9  2003        0.00
    12     9  2003        0.00
    13     9  2003        0.00
    14     9  2003        0.00
    15     9  2003        0.00
    16     9  2003        0.00
    17     9  2003        0.00
    18     9  2003        0.00
    19     9  2003        0.00
    20     9  2003        0.00
    21     9  2003        0.00
    22     9  2003        0.00
    23     9  2003        0.00
    24     9  2003        0.00
    25     9  2003        0.00
    26     9  2003        0.00
    27     9  2003        0.00
    28     9  2003        0.00
    29     9  2003        0.00
    30     9  2003        0.00
     1    10  2003        0.00
     2    10  2003        0.00
     3    10  2003        0.00
     4    10  2003        0.00
     5    10  2003        0.00
     6    10  2003        0.00
     7    10  2003        1.77
     8    10  2003        0.00
     9    10  2003        0.00
    10    10  2003        0.00
    11    10  2003        0.00
    12    10  2003        0.00
    13    10  2003        0.00
    14    10  2003        0.00
    15    10  2003        0.20
    16    10  2003        0.00
    17    10  2003        0.00
    18    10  2003        0.00
    19    10  2003        0.00
    20    10  2003        0.00
    21    10  2003        0.00
    22    10  2003        0.00
    23    10  2003        0.00
    24    10  2003        0.00
    25    10  2003        0.00
    26    10  2003        0.00
    27    10  2003        0.00
    28    10  2003        0.00
    29    10  2003        0.00
    30    10  2003        0.00
    31    10  2003        0.00
     1    11  2003        0.00
     2    11  2003        0.00
     3    11  2003        0.00
     4    11  2003        0.00
     5    11  2003        0.78
     6    11  2003        1.24
     7    11  2003        0.79
     8    11  2003        5.90
     9    11  2003       10.82
    10    11  2003        0.79
    11    11  2003        0.00
    12    11  2003        0.00
    13    11  2003        0.20
    14    11  2003        0.00
    15    11  2003        0.00
    16    11  2003        0.00
    17    11  2003        0.59
    18    11  2003        0.20
    19    11  2003        0.62
    20    11  2003        0.00
    21    11  2003        1.38
    22    11  2003        0.00
    23    11  2003        0.00
    24    11  2003        0.00
    25    11  2003        0.00
    26    11  2003        0.42
    27    11  2003        0.00
    28    11  2003        0.00
    29    11  2003        0.00
    30    11  2003        0.00
     1    12  2003        0.00
     2    12  2003        0.00
     3    12  2003        0.00
     4    12  2003        0.80
     5    12  2003        0.00
     6    12  2003        0.00
     7    12  2003        0.00
     8    12  2003        0.00
     9    12  2003        0.20
    10    12  2003        0.00
    11    12  2003        0.00
    12    12  2003        0.00
    13    12  2003        0.00
    14    12  2003        0.00
    15    12  2003        0.00
    16    12  2003        0.00
    17    12  2003        0.00
    18    12  2003        0.00
    19    12  2003        0.00
    20    12  2003        0.00
    21    12  2003        0.00
    22    12  2003        0.00
    23    12  2003        0.00
    24    12  2003        0.00
    25    12  2003        0.00
    26    12  2003        0.00
    27    12  2003        0.20
    28    12  2003        0.00
    29    12  2003        0.42
    30    12  2003        0.00
    31    12  2003        0.40
     1     1  2004        0.81
     2     1  2004        0.00
     3     1  2004        1.18
     4     1  2004        0.00
     5     1  2004        0.00
     6     1  2004        0.42
     7     1  2004        0.42
     8     1  2004        0.00
     9     1  2004        0.00
    10     1  2004        0.20
    11     1  2004        0.00
    12     1  2004        0.00
    13     1  2004        0.00
    14     1  2004        0.00
    15     1  2004        0.00
    16     1  2004        0.00
    17     1  2004        0.00
    18     1  2004        0.00
    19     1  2004        0.00
    20     1  2004        0.00
    21     1  2004        0.00
    22     1  2004        0.00
    23     1  2004        0.20
    24     1  2004        0.00
    25     1  2004        0.20
    26     1  2004        0.00
    27     1  2004        0.00
    28     1  2004        0.00
    29     1  2004        0.20
    30     1  2004        0.40
    31     1  2004        0.62
     1     2  2004        0.00
     2     2  2004        0.00
     3     2  2004        0.00
     4     2  2004        0.00
     5     2  2004        0.00
     6     2  2004        0.00
     7     2  2004        0.00
     8     2  2004        0.00
     9     2  2004        0.00
    10     2  2004        0.00
    11     2  2004        0.00
    12     2  2004        0.00
    13     2  2004        0.00
    14     2  2004        0.20
    15     2  2004        0.00
    16     2  2004        0.00
    17     2  2004        0.00
    18     2  2004        0.00
    19     2  2004        0.00
    20     2  2004        0.00
    21     2  2004        0.00
    22     2  2004        0.00
    23     2  2004        0.00
    24     2  2004        0.00
    25     2  2004        0.00
    26     2  2004        0.42
    27     2  2004        1.21
    28     2  2004        0.42
    29     2  2004        0.42
     1     3  2004        3.34
     2     3  2004        0.00
     3     3  2004        0.20
     4     3  2004        1.02
     5     3  2004        0.00
     6     3  2004        0.62
     7     3  2004        0.00
     8     3  2004        0.00
     9     3  2004        0.42
    10     3  2004        1.37
    11     3  2004        0.59
    12     3  2004        0.42
    13     3  2004        0.42
    14     3  2004        1.21
    15     3  2004        0.60
    16     3  2004        1.21
    17     3  2004        1.77
    18     3  2004        0.20
    19     3  2004        0.00
    20     3  2004        1.44
    21     3  2004        0.84
    22     3  2004        0.00
    23     3  2004        0.00
    24     3  2004        0.39
    25     3  2004        0.42
    26     3  2004        0.40
    27     3  2004        1.02
    28     3  2004        0.20
    29     3  2004        0.00
    30     3  2004        0.00
    31     3  2004        0.00
     1     4  2004        0.20
     2     4  2004        0.00
     3     4  2004        0.00
     4     4  2004        0.20
     5     4  2004        0.00
     6     4  2004        0.00
     7     4  2004        0.00
     8     4  2004        0.00
     9     4  2004        0.00
    10     4  2004        0.00
    11     4  2004        0.00
    12     4  2004        0.00
    13     4  2004        0.00
    14     4  2004        0.00
    15     4  2004        0.00
    16     4  2004        0.00
    17     4  2004        0.00
    18     4  2004        0.00
    19     4  2004        0.00
    20     4  2004        0.00
    21     4  2004        0.00
    22     4  2004        0.84
    23     4  2004        0.00
    24     4  2004        0.00
    25     4  2004        0.00
    26     4  2004        0.00
    27     4  2004        0.00
    28     4  2004        0.00
    29     4  2004        0.00
    30     4  2004        0.00
     1     5  2004        5.51
     2     5  2004        1.18
     3     5  2004        2.55
     4     5  2004        1.77
     5     5  2004        0.40
     6     5  2004        0.00
     7     5  2004        0.00
     8     5  2004        0.42
     9     5  2004        1.18
    10     5  2004        0.42
    11     5  2004        0.00
    12     5  2004        0.79
    13     5  2004        0.42
    14     5  2004        0.00
    15     5  2004        0.42
    16     5  2004        4.35
    17     5  2004        3.18
    18     5  2004        1.57
    19     5  2004        0.00
    20     5  2004        0.81
    21     5  2004        0.00
    22     5  2004        0.00
    23     5  2004        0.00
    24     5  2004        0.00
    25     5  2004        0.00
    26     5  2004        0.00
    27     5  2004        0.00
    28     5  2004        0.00
    29     5  2004        0.00
    30     5  2004        0.00
    31     5  2004        0.00
     1     6  2004        0.00
     2     6  2004        0.00
     3     6  2004        0.00
     4     6  2004        0.00
     5     6  2004        0.00
     6     6  2004        0.20
     7     6  2004        0.00
     8     6  2004        0.39
     9     6  2004        0.00
    10     6  2004        0.00
    11     6  2004        0.00
    12     6  2004        0.00
    13     6  2004        0.00
    14     6  2004        0.20
    15     6  2004        0.00
    16     6  2004        0.00
    17     6  2004        0.00
    18     6  2004        0.00
    19     6  2004        0.00
    20     6  2004        0.00
    21     6  2004        0.00
    22     6  2004        0.00
    23     6  2004        0.00
    24     6  2004        0.42
    25     6  2004        0.20
    26     6  2004        0.40
    27     6  2004        1.04
    28     6  2004        1.78
    29     6  2004        1.82
    30     6  2004        1.64
     1     7  2004        1.20
     2     7  2004        2.61
     3     7  2004        0.60
     4     7  2004        0.00
     5     7  2004        0.00
     6     7  2004        0.42
     7     7  2004        0.00
     8     7  2004        2.39
     9     7  2004        0.42
    10     7  2004        0.00
    11     7  2004        0.00
    12     7  2004        0.00
    13     7  2004        0.00
    14     7  2004        0.00
    15     7  2004        0.00
    16     7  2004        0.00
    17     7  2004        1.97
    18     7  2004        0.00
    19     7  2004        2.02
    20     7  2004        0.42
    21     7  2004        0.42
    22     7  2004        0.00
    23     7  2004        0.20
    24     7  2004        0.20
    25     7  2004        0.00
    26     7  2004        0.42
    27     7  2004        0.00
    28     7  2004        0.80
    29     7  2004        0.00
    30     7  2004        0.62
    31     7  2004        0.00
     1     8  2004        0.00
     2     8  2004        0.00
     3     8  2004        0.00
     4     8  2004        0.60
     5     8  2004        0.00
     6     8  2004        0.20
     7     8  2004        0.42
     8     8  2004        0.00
     9     8  2004        0.00
    10     8  2004        0.00
    11     8  2004        0.00
    12     8  2004        0.00
    13     8  2004        0.00
    14     8  2004        0.00
    15     8  2004        0.00
    16     8  2004        0.00
    17     8  2004        0.00
    18     8  2004        0.84
    19     8  2004        0.00
    20     8  2004        0.00
    21     8  2004        0.00
    22     8  2004        0.00
    23     8  2004        0.00
    24     8  2004        0.00
    25     8  2004        0.00
    26     8  2004        0.00
    27     8  2004        0.00
    28     8  2004        0.00
    29     8  2004        0.00
    30     8  2004        0.00
    31     8  2004        0.00
     1     9  2004        0.00
     2     9  2004        0.00
     3     9  2004        0.00
     4     9  2004        0.00
     5     9  2004        0.42
     6     9  2004        0.00
     7     9  2004        0.00
     8     9  2004        0.00
     9     9  2004        0.00
    10     9  2004        0.00
    11     9  2004        0.00
    12     9  2004        0.00
    13     9  2004        0.00
    14     9  2004        0.00
    15     9  2004        0.00
    16     9  2004        0.00
    17     9  2004        0.00
    18     9  2004        0.00
    19     9  2004        0.00
    20     9  2004        0.00
    21     9  2004        0.00
    22     9  2004        0.00
    23     9  2004        0.00
    24     9  2004        0.00
    25     9  2004        0.00
    26     9  2004        0.00
    27     9  2004        0.00
    28     9  2004        0.00
    29     9  2004        0.00
    30     9  2004        0.00
     1    10  2004        0.00
     2    10  2004        0.42
     3    10  2004        0.00
     4    10  2004        0.00
     5    10  2004        0.00
     6    10  2004        0.00
     7    10  2004        0.00
     8    10  2004        0.00
     9    10  2004        0.00
    10    10  2004        0.00
    11    10  2004        0.00
    12    10  2004        0.00
    13    10  2004        0.00
    14    10  2004        0.00
    15    10  2004        0.00
    16    10  2004        0.00
    17    10  2004        0.00
    18    10  2004        0.00
    19    10  2004        0.00
    20    10  2004        0.00
    21    10  2004        0.00
    22    10  2004        0.00
    23    10  2004        0.42
    24    10  2004        0.00
    25    10  2004        0.00
    26    10  2004        0.00
    27    10  2004        0.00
    28    10  2004        0.00
    29    10  2004        0.00
    30    10  2004        0.00
    31    10  2004        0.00
     1    11  2004        0.42
     2    11  2004        0.00
     3    11  2004        0.00
     4    11  2004        0.00
     5    11  2004        0.00
     6    11  2004        0.00
     7    11  2004        0.00
     8    11  2004        0.00
     9    11  2004        0.20
    10    11  2004        0.00
    11    11  2004        0.00
    12    11  2004        0.00
    13    11  2004        0.00
    14    11  2004        0.00
    15    11  2004        1.04
    16    11  2004        0.00
    17    11  2004        0.39
    18    11  2004        0.42
    19    11  2004        1.58
    20    11  2004        0.82
    21    11  2004        1.99
    22    11  2004        0.84
    23    11  2004        0.59
    24    11  2004        0.59
    25    11  2004        0.40
    26    11  2004        1.60
    27    11  2004        0.42
    28    11  2004        0.20
    29    11  2004        0.20
    30    11  2004        1.68
     1    12  2004       32.50
     2    12  2004       -1.00
     3    12  2004       -1.00
     4    12  2004       -1.00
     5    12  2004       -1.00
     6    12  2004       -1.00
     7    12  2004       -1.00
     8    12  2004       -1.00
     9    12  2004       -1.00
    10    12  2004       -1.00
    11    12  2004       -1.00
    12    12  2004       -1.00
    13    12  2004       -1.00
    14    12  2004       -1.00
    15    12  2004       -1.00
    16    12  2004       -1.00
    17    12  2004       -1.00
    18    12  2004       -1.00
    19    12  2004       -1.00
    20    12  2004       -1.00
    21    12  2004       -1.00
    22    12  2004       -1.00
    23    12  2004       -1.00
    24    12  2004       -1.00
    25    12  2004       -1.00
    26    12  2004       -1.00
    27    12  2004       -1.00
    28    12  2004       -1.00
    29    12  2004       -1.00
    30    12  2004       -1.00
    31    12  2004       -1.00
     1     1  2005       -1.00
     2     1  2005       -1.00
     3     1  2005       -1.00
     4     1  2005       -1.00
     5     1  2005       -1.00
     6     1  2005       -1.00
     7     1  2005       -1.00
     8     1  2005       -1.00
     9     1  2005       -1.00
    10     1  2005       -1.00
    11     1  2005       -1.00
    12     1  2005       -1.00
    13     1  2005       -1.00
    14     1  2005       -1.00
    15     1  2005       -1.00
    16     1  2005       -1.00
    17     1  2005       -1.00
    18     1  2005       -1.00
    19     1  2005       -1.00
    20     1  2005       -1.00
    21     1  2005       -1.00
    22     1  2005       -1.00
    23     1  2005       -1.00
    24     1  2005       -1.00
    25     1  2005       -1.00
    26     1  2005       -1.00
    27     1  2005       -1.00
    28     1  2005       -1.00
    29     1  2005       -1.00
    30     1  2005       -1.00
    31     1  2005       -1.00
     1     2  2005       -1.00
     2     2  2005       -1.00
     3     2  2005       -1.00
     4     2  2005       -1.00
     5     2  2005       -1.00
     6     2  2005       -1.00
     7     2  2005       -1.00
     8     2  2005       -1.00
     9     2  2005       -1.00
    10     2  2005       -1.00
    11     2  2005       -1.00
    12     2  2005       -1.00
    13     2  2005       -1.00
    14     2  2005       -1.00
    15     2  2005       -1.00
    16     2  2005        0.00
    17     2  2005        0.00
    18     2  2005        0.42
    19     2  2005        0.00
    20     2  2005        0.00
    21     2  2005        1.57
    22     2  2005       10.87
    23     2  2005        0.20
    24     2  2005        0.00
    25     2  2005        0.00
    26     2  2005        0.00
    27     2  2005        0.00
    28     2  2005        0.00
     1     3  2005        0.20
     2     3  2005        0.00
     3     3  2005       30.00
     4     3  2005        0.00
     5     3  2005        5.71
     6     3  2005        0.00
     7     3  2005        0.00
     8     3  2005        0.00
     9     3  2005        0.00
    10     3  2005        0.00
    11     3  2005        0.00
    12     3  2005        0.00
    13     3  2005        0.00
    14     3  2005        0.00
    15     3  2005        0.00
    16     3  2005        0.20
    17     3  2005        0.00
    18     3  2005        0.42
    19     3  2005        0.62
    20     3  2005        0.98
    21     3  2005        1.04
    22     3  2005        0.40
    23     3  2005        0.59
    24     3  2005        1.57
    25     3  2005        0.00
    26     3  2005       -1.00
    27     3  2005       -1.00
    28     3  2005       -1.00
    29     3  2005       -1.00
    30     3  2005       -1.00
    31     3  2005       -1.00
     1     4  2005       -1.00
     2     4  2005       -1.00
     3     4  2005       -1.00
     4     4  2005       -1.00
     5     4  2005       -1.00
     6     4  2005       -1.00
     7     4  2005       -1.00
     8     4  2005       -1.00
     9     4  2005       -1.00
    10     4  2005       -1.00
    11     4  2005       -1.00
    12     4  2005       -1.00
    13     4  2005       -1.00
    14     4  2005       -1.00
    15     4  2005       -1.00
    16     4  2005       -1.00
    17     4  2005       -1.00
    18     4  2005       -1.00
    19     4  2005       -1.00
    20     4  2005       -1.00
    21     4  2005       -1.00
    22     4  2005       -1.00
    23     4  2005       -1.00
    24     4  2005       -1.00
    25     4  2005       -1.00
    26     4  2005       -1.00
    27     4  2005       -1.00
    28     4  2005       -1.00
    29     4  2005       -1.00
    30     4  2005       -1.00
     1     5  2005       -1.00
     2     5  2005       -1.00
     3     5  2005       -1.00
     4     5  2005       -1.00
     5     5  2005       -1.00
     6     5  2005       -1.00
     7     5  2005       -1.00
     8     5  2005       -1.00
     9     5  2005       -1.00
    10     5  2005       -1.00
    11     5  2005       -1.00
    12     5  2005       -1.00
    13     5  2005       -1.00
    14     5  2005       -1.00
    15     5  2005       -1.00
    16     5  2005       -1.00
    17     5  2005       -1.00
    18     5  2005       -1.00
    19     5  2005       -1.00
    20     5  2005       -1.00
    21     5  2005       -1.00
    22     5  2005       -1.00
    23     5  2005       -1.00
    24     5  2005       -1.00
    25     5  2005       -1.00
    26     5  2005       -1.00
    27     5  2005       -1.00
    28     5  2005       -1.00
    29     5  2005       -1.00
    30     5  2005       -1.00
    31     5  2005       -1.00
     1     6  2005       -1.00
     2     6  2005       -1.00
     3     6  2005       -1.00
     4     6  2005       -1.00
     5     6  2005       -1.00
     6     6  2005       -1.00
     7     6  2005       -1.00
     8     6  2005       -1.00
     9     6  2005       -1.00
    10     6  2005       -1.00
    11     6  2005       -1.00
    12     6  2005       -1.00
    13     6  2005       -1.00
    14     6  2005       -1.00
    15     6  2005       -1.00
    16     6  2005       -1.00
    17     6  2005       -1.00
    18     6  2005       -1.00
    19     6  2005       -1.00
    20     6  2005       -1.00
    21     6  2005       -1.00
    22     6  2005       -1.00
    23     6  2005       -1.00
    24     6  2005       -1.00
    25     6  2005       -1.00
    26     6  2005       -1.00
    27     6  2005       -1.00
    28     6  2005       -1.00
    29     6  2005       -1.00
    30     6  2005       -1.00
     1     7  2005       -1.00
     2     7  2005       -1.00
     3     7  2005       -1.00
     4     7  2005       -1.00
     5     7  2005       -1.00
     6     7  2005       -1.00
     7     7  2005       -1.00
     8     7  2005       -1.00
     9     7  2005       -1.00
    10     7  2005       -1.00
    11     7  2005       -1.00
    12     7  2005       -1.00
    13     7  2005       -1.00
    14     7  2005       -1.00
    15     7  2005       -1.00
    16     7  2005       -1.00
    17     7  2005       -1.00
    18     7  2005       -1.00
    19     7  2005       -1.00
    20     7  2005       -1.00
    21     7  2005       -1.00
    22     7  2005       -1.00
    23     7  2005       -1.00
    24     7  2005       -1.00
    25     7  2005       -1.00
    26     7  2005       -1.00
    27     7  2005       -1.00
    28     7  2005       -1.00
    29     7  2005       -1.00
    30     7  2005       -1.00
    31     7  2005       -1.00
     1     8  2005       -1.00
     2     8  2005       -1.00
     3     8  2005       -1.00
     4     8  2005       -1.00
     5     8  2005       -1.00
     6     8  2005       -1.00
     7     8  2005       -1.00
     8     8  2005       -1.00
     9     8  2005       -1.00
    10     8  2005       -1.00
    11     8  2005       -1.00
    12     8  2005       -1.00
    13     8  2005       -1.00
    14     8  2005       -1.00
    15     8  2005       -1.00
    16     8  2005       -1.00
    17     8  2005       -1.00
    18     8  2005       -1.00
    19     8  2005       -1.00
    20     8  2005       -1.00
    21     8  2005       -1.00
    22     8  2005       -1.00
    23     8  2005       -1.00
    24     8  2005       -1.00
    25     8  2005       -1.00
    26     8  2005       -1.00
    27     8  2005       -1.00
    28     8  2005       -1.00
    29     8  2005       -1.00
    30     8  2005       -1.00
    31     8  2005       -1.00
     1     9  2005       -1.00
     2     9  2005       -1.00
     3     9  2005       -1.00
     4     9  2005       -1.00
     5     9  2005       -1.00
     6     9  2005       -1.00
     7     9  2005       -1.00
     8     9  2005       -1.00
     9     9  2005       -1.00
    10     9  2005       -1.00
    11     9  2005       -1.00
    12     9  2005       -1.00
    13     9  2005       -1.00
    14     9  2005       -1.00
    15     9  2005        3.54
    16     9  2005        0.00
    17     9  2005        0.00
    18     9  2005        6.50
    19     9  2005        0.00
    20     9  2005        0.00
    21     9  2005        0.00
    22     9  2005        0.00
    23     9  2005        0.00
    24     9  2005        0.00
    25     9  2005        0.00
    26     9  2005        0.20
    27     9  2005       -1.00
    28     9  2005       -1.00
    29     9  2005       -1.00
    30     9  2005       -1.00
     1    10  2005       -1.00
     2    10  2005       -1.00
     3    10  2005       -1.00
     4    10  2005       -1.00
     5    10  2005       -1.00
     6    10  2005       -1.00
     7    10  2005       -1.00
     8    10  2005       -1.00
     9    10  2005       -1.00
    10    10  2005       -1.00
    11    10  2005       -1.00
    12    10  2005       -1.00
    13    10  2005       -1.00
    14    10  2005       -1.00
    15    10  2005       -1.00
    16    10  2005       -1.00
    17    10  2005       -1.00
    18    10  2005       -1.00
    19    10  2005       -1.00
    20    10  2005       -1.00
    21    10  2005       -1.00
    22    10  2005       -1.00
    23    10  2005       -1.00
    24    10  2005       -1.00
    25    10  2005       -1.00
    26    10  2005       -1.00
    27    10  2005       -1.00
    28    10  2005       -1.00
    29    10  2005       -1.00
    30    10  2005       -1.00
    31    10  2005       -1.00
     1    11  2005       -1.00
     2    11  2005       -1.00
     3    11  2005       -1.00
     4    11  2005       -1.00
     5    11  2005       -1.00
     6    11  2005       -1.00
     7    11  2005       -1.00
     8    11  2005       -1.00
     9    11  2005       -1.00
    10    11  2005       -1.00
    11    11  2005       -1.00
    12    11  2005       -1.00
    13    11  2005       -1.00
    14    11  2005       -1.00
    15    11  2005       -1.00
    16    11  2005       -1.00
    17    11  2005       -1.00
    18    11  2005       -1.00
    19    11  2005       -1.00
    20    11  2005       -1.00
    21    11  2005       -1.00
    22    11  2005       -1.00
    23    11  2005       -1.00
    24    11  2005       -1.00
    25    11  2005       -1.00
    26    11  2005       -1.00
    27    11  2005       -1.00
    28    11  2005       -1.00
    29    11  2005       -1.00
    30    11  2005       -1.00
     1    12  2005       -1.00
     2    12  2005       -1.00
     3    12  2005       -1.00
     4    12  2005       -1.00
     5    12  2005       -1.00
     6    12  2005       -1.00
     7    12  2005       -1.00
     8    12  2005       -1.00
     9    12  2005       -1.00
    10    12  2005       -1.00
    11    12  2005       -1.00
    12    12  2005       -1.00
    13    12  2005       -1.00
    14    12  2005       -1.00
    15    12  2005       -1.00
    16    12  2005       -1.00
    17    12  2005       -1.00
    18    12  2005       -1.00
    19    12  2005       -1.00
    20    12  2005       -1.00
    21    12  2005       -1.00
    22    12  2005       -1.00
    23    12  2005       -1.00
    24    12  2005       -1.00
    25    12  2005       -1.00
    26    12  2005       -1.00
    27    12  2005       -1.00
    28    12  2005       -1.00
    29    12  2005       -1.00
    30    12  2005       -1.00
    31    12  2005       -1.00
     1     1  2006       -1.00
     2     1  2006       -1.00
     3     1  2006       -1.00
     4     1  2006       -1.00
     5     1  2006       -1.00
     6     1  2006       -1.00
     7     1  2006       -1.00
     8     1  2006       -1.00
     9     1  2006       -1.00
    10     1  2006       -1.00
    11     1  2006        0.00
    12     1  2006        0.00
    13     1  2006        0.00
    14     1  2006        0.00
    15     1  2006        0.00
    16     1  2006        0.00
    17     1  2006        0.00
    18     1  2006        0.00
    19     1  2006        0.00
    20     1  2006        0.00
    21     1  2006        0.00
    22     1  2006        0.00
    23     1  2006        0.00
    24     1  2006        0.00
    25     1  2006        0.00
    26     1  2006        0.00
    27     1  2006        0.00
    28     1  2006        0.00
    29     1  2006        0.00
    30     1  2006        0.00
    31     1  2006        0.00
     1     2  2006        0.00
     2     2  2006        0.00
     3     2  2006        0.20
     4     2  2006        0.00
     5     2  2006        0.00
     6     2  2006        0.00
     7     2  2006        0.00
     8     2  2006        0.00
     9     2  2006        0.00
    10     2  2006        0.20
    11     2  2006        0.00
    12     2  2006        0.00
    13     2  2006        0.20
    14     2  2006        0.00
    15     2  2006        0.00
    16     2  2006        0.00
    17     2  2006        0.00
    18     2  2006        0.00
    19     2  2006        0.00
    20     2  2006        0.59
    21     2  2006        0.00
    22     2  2006        0.00
    23     2  2006        0.00
    24     2  2006        0.00
    25     2  2006        0.00
    26     2  2006        0.20
    27     2  2006        0.00
    28     2  2006        0.00
     1     3  2006        0.00
     2     3  2006        0.00
     3     3  2006        0.00
     4     3  2006        0.00
     5     3  2006        0.00
     6     3  2006        0.00
     7     3  2006        0.00
     8     3  2006        0.00
     9     3  2006        0.00
    10     3  2006        0.00
    11     3  2006        0.00
    12     3  2006        0.00
    13     3  2006        0.00
    14     3  2006        0.00
    15     3  2006        0.00
    16     3  2006        0.00
    17     3  2006        0.00
    18     3  2006        0.00
    19     3  2006        0.00
    20     3  2006        0.20
    21     3  2006        0.99
    22     3  2006        0.00
    23     3  2006        0.00
    24     3  2006        0.20
    25     3  2006        0.62
    26     3  2006       21.40
    27     3  2006        0.00
    28     3  2006       13.28
    29     3  2006        0.00
    30     3  2006       13.01
    31     3  2006       -1.00
     1     4  2006       -1.00
     2     4  2006       -1.00
     3     4  2006       -1.00
     4     4  2006       -1.00
     5     4  2006       -1.00
     6     4  2006       -1.00
     7     4  2006       -1.00
     8     4  2006       -1.00
     9     4  2006       -1.00
    10     4  2006       -1.00
    11     4  2006       -1.00
    12     4  2006       -1.00
    13     4  2006       -1.00
    14     4  2006       -1.00
    15     4  2006       -1.00
    16     4  2006       -1.00
    17     4  2006       -1.00
    18     4  2006       -1.00
    19     4  2006       -1.00
    20     4  2006       -1.00
    21     4  2006       -1.00
    22     4  2006       -1.00
    23     4  2006       -1.00
    24     4  2006       -1.00
    25     4  2006       -1.00
    26     4  2006       -1.00
    27     4  2006       -1.00
    28     4  2006       -1.00
    29     4  2006       -1.00
    30     4  2006       -1.00
     1     5  2006       -1.00
     2     5  2006       -1.00
     3     5  2006       -1.00
     4     5  2006       -1.00
     5     5  2006       -1.00
     6     5  2006       -1.00
     7     5  2006       -1.00
     8     5  2006       -1.00
     9     5  2006       -1.00
    10     5  2006       -1.00
    11     5  2006       -1.00
    12     5  2006       -1.00
    13     5  2006       -1.00
    14     5  2006       -1.00
    15     5  2006       -1.00
    16     5  2006       -1.00
    17     5  2006       -1.00
    18     5  2006       -1.00
    19     5  2006       -1.00
    20     5  2006       -1.00
    21     5  2006       -1.00
    22     5  2006       -1.00
    23     5  2006       -1.00
    24     5  2006       -1.00
    25     5  2006       -1.00
    26     5  2006       -1.00
    27     5  2006       -1.00
    28     5  2006       -1.00
    29     5  2006       -1.00
    30     5  2006       -1.00
    31     5  2006       -1.00
     1     6  2006       -1.00
     2     6  2006       -1.00
     3     6  2006       -1.00
     4     6  2006       -1.00
     5     6  2006       -1.00
     6     6  2006       -1.00
     7     6  2006       -1.00
     8     6  2006       -1.00
     9     6  2006       -1.00
    10     6  2006       -1.00
    11     6  2006       -1.00
    12     6  2006       -1.00
    13     6  2006       -1.00
    14     6  2006       -1.00
    15     6  2006       -1.00
    16     6  2006       -1.00
    17     6  2006       -1.00
    18     6  2006       -1.00
    19     6  2006       -1.00
    20     6  2006       -1.00
    21     6  2006       -1.00
    22     6  2006       -1.00
    23     6  2006       -1.00
    24     6  2006       -1.00
    25     6  2006       -1.00
    26     6  2006       -1.00
    27     6  2006       -1.00
    28     6  2006       -1.00
    29     6  2006       -1.00
    30     6  2006       -1.00
     1     7  2006       -1.00
     2     7  2006       -1.00
     3     7  2006       -1.00
     4     7  2006       -1.00
     5     7  2006       -1.00
     6     7  2006       -1.00
     7     7  2006       -1.00
     8     7  2006       -1.00
     9     7  2006       -1.00
    10     7  2006       -1.00
    11     7  2006       -1.00
    12     7  2006       -1.00
    13     7  2006       -1.00
    14     7  2006       -1.00
    15     7  2006       -1.00
    16     7  2006       -1.00
    17     7  2006       -1.00
    18     7  2006       -1.00
    19     7  2006       -1.00
    20     7  2006       -1.00
    21     7  2006       -1.00
    22     7  2006       -1.00
    23     7  2006       -1.00
    24     7  2006       -1.00
    25     7  2006       -1.00
    26     7  2006       -1.00
    27     7  2006       -1.00
    28     7  2006       -1.00
    29     7  2006       -1.00
    30     7  2006       -1.00
    31     7  2006       -1.00
     1     8  2006       -1.00
     2     8  2006       -1.00
     3     8  2006       -1.00
     4     8  2006       -1.00
     5     8  2006       -1.00
     6     8  2006       -1.00
     7     8  2006       -1.00
     8     8  2006       -1.00
     9     8  2006       -1.00
    10     8  2006       -1.00
    11     8  2006       -1.00
    12     8  2006       -1.00
    13     8  2006       -1.00
    14     8  2006       -1.00
    15     8  2006       -1.00
    16     8  2006       -1.00
    17     8  2006       -1.00
    18     8  2006       -1.00
    19     8  2006       -1.00
    20     8  2006       -1.00
    21     8  2006       -1.00
    22     8  2006       -1.00
    23     8  2006       -1.00
    24     8  2006       -1.00
    25     8  2006       -1.00
    26     8  2006       -1.00
    27     8  2006       -1.00
    28     8  2006       -1.00
    29     8  2006       -1.00
    30     8  2006       -1.00
    31     8  2006       -1.00
     1     9  2006       -1.00
     2     9  2006       -1.00
     3     9  2006       -1.00
     4     9  2006       -1.00
     5     9  2006       -1.00
     6     9  2006       -1.00
     7     9  2006       -1.00
     8     9  2006       -1.00
     9     9  2006       -1.00
    10     9  2006       -1.00
    11     9  2006       -1.00
    12     9  2006        0.00
    13     9  2006        0.00
    14     9  2006        0.00
    15     9  2006        0.00
    16     9  2006        0.00
    17     9  2006        0.00
    18     9  2006        2.76
    19     9  2006        0.00
    20     9  2006        0.00
    21     9  2006        0.00
    22     9  2006        0.00
    23     9  2006        0.00
    24     9  2006        0.00
    25     9  2006        1.00
    26     9  2006        0.00
    27     9  2006        0.00
    28     9  2006        0.00
    29     9  2006        0.20
    30     9  2006        0.00
     1    10  2006        0.00
     2    10  2006        4.33
     3    10  2006        0.00
     4    10  2006        0.00
     5    10  2006        0.00
     6    10  2006       -1.00
     7    10  2006       -1.00
     8    10  2006       -1.00
     9    10  2006       -1.00
    10    10  2006       -1.00
    11    10  2006       -1.00
    12    10  2006       -1.00
    13    10  2006       -1.00
    14    10  2006       -1.00
    15    10  2006       -1.00
    16    10  2006       -1.00
    17    10  2006       -1.00
    18    10  2006       -1.00
    19    10  2006       -1.00
    20    10  2006       -1.00
    21    10  2006       -1.00
    22    10  2006       -1.00
    23    10  2006       -1.00
    24    10  2006       -1.00
    25    10  2006       -1.00
    26    10  2006       -1.00
    27    10  2006       -1.00
    28    10  2006       -1.00
    29    10  2006       -1.00
    30    10  2006       -1.00
    31    10  2006       -1.00
     1    11  2006       -1.00
     2    11  2006       -1.00
     3    11  2006       -1.00
     4    11  2006       -1.00
     5    11  2006       -1.00
     6    11  2006       -1.00
     7    11  2006       -1.00
     8    11  2006       -1.00
     9    11  2006       -1.00
    10    11  2006       -1.00
    11    11  2006       -1.00
    12    11  2006       -1.00
    13    11  2006       -1.00
    14    11  2006       -1.00
    15    11  2006       -1.00
    16    11  2006       -1.00
    17    11  2006       -1.00
    18    11  2006       -1.00
    19    11  2006       -1.00
    20    11  2006       -1.00
    21    11  2006       -1.00
    22    11  2006       -1.00
    23    11  2006       -1.00
    24    11  2006       -1.00
    25    11  2006        0.00
    26    11  2006        3.19
    27    11  2006        0.60
    28    11  2006       -1.00
    29    11  2006       -1.00
    30    11  2006       -1.00
     1    12  2006       -1.00
     2    12  2006       -1.00
     3    12  2006       -1.00
     4    12  2006       -1.00
     5    12  2006       -1.00
     6    12  2006       -1.00
     7    12  2006       -1.00
     8    12  2006       -1.00
     9    12  2006       -1.00
    10    12  2006       -1.00
    11    12  2006       -1.00
    12    12  2006       -1.00
    13    12  2006       -1.00
    14    12  2006       -1.00
    15    12  2006       -1.00
    16    12  2006       -1.00
    17    12  2006       -1.00
    18    12  2006       -1.00
    19    12  2006       -1.00
    20    12  2006       -1.00
    21    12  2006       -1.00
    22    12  2006       -1.00
    23    12  2006       -1.00
    24    12  2006       -1.00
    25    12  2006       -1.00
    26    12  2006       -1.00
    27    12  2006       -1.00
    28    12  2006       -1.00
    29    12  2006       -1.00
    30    12  2006       -1.00
    31    12  2006       -1.00
     1     1  2007       -1.00
     2     1  2007       -1.00
     3     1  2007       -1.00
     4     1  2007       -1.00
     5     1  2007       -1.00
     6     1  2007       -1.00
     7     1  2007       -1.00
     8     1  2007       -1.00
     9     1  2007       -1.00
    10     1  2007       -1.00
    11     1  2007       -1.00
    12     1  2007       -1.00
    13     1  2007       -1.00
    14     1  2007       -1.00
    15     1  2007       -1.00
    16     1  2007       -1.00
    17     1  2007       -1.00
