     1     1  2001        0.00
     2     1  2001        0.00
     3     1  2001        0.00
     4     1  2001        0.00
     5     1  2001        0.00
     6     1  2001        0.00
     7     1  2001        0.00
     8     1  2001        0.20
     9     1  2001        0.00
    10     1  2001        0.00
    11     1  2001        0.00
    12     1  2001        0.00
    13     1  2001        0.00
    14     1  2001        0.00
    15     1  2001        0.00
    16     1  2001        0.00
    17     1  2001        0.00
    18     1  2001        0.00
    19     1  2001        0.00
    20     1  2001        0.00
    21     1  2001        0.00
    22     1  2001        0.00
    23     1  2001        0.00
    24     1  2001        0.00
    25     1  2001        0.20
    26     1  2001        0.99
    27     1  2001        0.62
    28     1  2001        0.00
    29     1  2001        0.00
    30     1  2001        0.40
    31     1  2001        0.00
     1     2  2001        0.00
     2     2  2001        0.39
     3     2  2001        0.00
     4     2  2001        0.40
     5     2  2001        0.42
     6     2  2001        0.00
     7     2  2001        0.00
     8     2  2001        0.00
     9     2  2001        0.00
    10     2  2001        0.00
    11     2  2001        0.00
    12     2  2001        0.00
    13     2  2001        0.00
    14     2  2001        0.00
    15     2  2001        0.00
    16     2  2001        0.00
    17     2  2001        0.00
    18     2  2001        0.00
    19     2  2001        0.00
    20     2  2001        0.00
    21     2  2001        0.00
    22     2  2001        0.40
    23     2  2001        0.20
    24     2  2001        0.00
    25     2  2001        1.58
    26     2  2001        1.58
    27     2  2001        2.19
    28     2  2001        1.18
     1     3  2001        1.41
     2     3  2001        0.00
     3     3  2001        0.39
     4     3  2001        0.00
     5     3  2001        0.00
     6     3  2001        0.00
     7     3  2001        0.00
     8     3  2001        0.00
     9     3  2001        0.00
    10     3  2001        0.00
    11     3  2001        0.00
    12     3  2001        0.00
    13     3  2001        0.00
    14     3  2001        0.00
    15     3  2001        0.40
    16     3  2001        0.00
    17     3  2001        1.77
    18     3  2001        0.60
    19     3  2001        3.93
    20     3  2001        0.20
    21     3  2001        0.20
    22     3  2001        0.79
    23     3  2001        0.00
    24     3  2001        0.00
    25     3  2001        0.00
    26     3  2001        0.00
    27     3  2001        0.00
    28     3  2001        0.00
    29     3  2001        0.00
    30     3  2001        0.00
    31     3  2001        0.00
     1     4  2001        0.00
     2     4  2001        0.00
     3     4  2001        0.00
     4     4  2001        0.00
     5     4  2001        0.00
     6     4  2001        0.00
     7     4  2001        0.00
     8     4  2001        0.20
     9     4  2001        0.00
    10     4  2001        0.00
    11     4  2001        0.00
    12     4  2001        0.00
    13     4  2001        0.00
    14     4  2001        0.00
    15     4  2001        0.00
    16     4  2001        0.00
    17     4  2001        0.00
    18     4  2001        0.20
    19     4  2001        0.00
    20     4  2001        0.00
    21     4  2001        0.00
    22     4  2001        0.00
    23     4  2001        0.00
    24     4  2001        0.00
    25     4  2001        0.00
    26     4  2001        0.00
    27     4  2001        0.00
    28     4  2001        0.00
    29     4  2001        0.00
    30     4  2001        0.00
     1     5  2001        0.00
     2     5  2001        0.00
     3     5  2001        1.96
     4     5  2001        0.00
     5     5  2001        0.20
     6     5  2001        1.17
     7     5  2001        0.00
     8     5  2001        1.21
     9     5  2001        0.00
    10     5  2001        0.20
    11     5  2001        0.00
    12     5  2001        0.00
    13     5  2001        0.00
    14     5  2001        0.00
    15     5  2001        0.00
    16     5  2001        0.00
    17     5  2001        0.00
    18     5  2001        0.00
    19     5  2001        0.00
    20     5  2001        0.00
    21     5  2001        2.37
    22     5  2001        0.20
    23     5  2001        0.00
    24     5  2001        0.00
    25     5  2001        0.00
    26     5  2001        0.00
    27     5  2001        0.00
    28     5  2001        0.00
    29     5  2001        0.00
    30     5  2001        0.00
    31     5  2001        0.00
     1     6  2001        0.00
     2     6  2001        0.00
     3     6  2001        0.00
     4     6  2001        0.00
     5     6  2001        0.00
     6     6  2001        0.00
     7     6  2001        0.00
     8     6  2001        0.00
     9     6  2001        0.00
    10     6  2001        0.00
    11     6  2001        0.00
    12     6  2001        0.00
    13     6  2001        0.00
    14     6  2001        0.00
    15     6  2001        0.00
    16     6  2001        0.00
    17     6  2001        0.00
    18     6  2001        0.00
    19     6  2001        0.00
    20     6  2001        0.00
    21     6  2001        0.00
    22     6  2001        0.00
    23     6  2001        0.00
    24     6  2001        0.00
    25     6  2001        0.00
    26     6  2001        0.00
    27     6  2001        0.00
    28     6  2001        0.00
    29     6  2001        0.00
    30     6  2001        0.00
     1     7  2001        0.00
     2     7  2001        0.00
     3     7  2001        0.00
     4     7  2001        0.00
     5     7  2001        0.00
     6     7  2001        0.00
     7     7  2001        0.00
     8     7  2001        0.00
     9     7  2001        0.00
    10     7  2001        0.00
    11     7  2001        0.00
    12     7  2001        0.00
    13     7  2001        0.00
    14     7  2001        0.00
    15     7  2001        0.00
    16     7  2001        0.00
    17     7  2001        0.00
    18     7  2001        0.00
    19     7  2001        0.00
    20     7  2001        0.00
    21     7  2001        0.00
    22     7  2001        0.00
    23     7  2001        0.00
    24     7  2001        0.00
    25     7  2001        0.00
    26     7  2001        0.00
    27     7  2001        0.00
    28     7  2001        0.00
    29     7  2001        0.00
    30     7  2001        0.00
    31     7  2001        0.00
     1     8  2001        0.00
     2     8  2001        0.00
     3     8  2001        0.00
     4     8  2001        0.00
     5     8  2001        0.00
     6     8  2001        0.00
     7     8  2001        0.00
     8     8  2001        0.00
     9     8  2001        0.00
    10     8  2001        0.00
    11     8  2001        0.00
    12     8  2001        0.00
    13     8  2001        0.00
    14     8  2001        0.20
    15     8  2001        0.00
    16     8  2001        0.00
    17     8  2001        0.00
    18     8  2001        0.00
    19     8  2001        0.20
    20     8  2001        0.00
    21     8  2001        0.00
    22     8  2001        0.00
    23     8  2001        0.00
    24     8  2001        0.00
    25     8  2001        0.00
    26     8  2001        0.00
    27     8  2001        0.00
    28     8  2001        0.00
    29     8  2001        0.00
    30     8  2001        0.00
    31     8  2001        0.00
     1     9  2001        0.00
     2     9  2001        0.00
     3     9  2001        0.00
     4     9  2001        0.00
     5     9  2001        0.00
     6     9  2001        0.00
     7     9  2001        0.00
     8     9  2001        0.00
     9     9  2001        0.00
    10     9  2001        0.00
    11     9  2001        0.00
    12     9  2001        0.00
    13     9  2001        0.00
    14     9  2001        0.00
    15     9  2001        0.00
    16     9  2001        0.00
    17     9  2001        0.00
    18     9  2001        0.00
    19     9  2001        0.00
    20     9  2001        0.00
    21     9  2001        0.00
    22     9  2001        0.00
    23     9  2001        0.00
    24     9  2001        0.00
    25     9  2001        0.00
    26     9  2001        0.00
    27     9  2001        0.00
    28     9  2001        0.00
    29     9  2001        0.00
    30     9  2001        0.00
     1    10  2001        0.00
     2    10  2001        0.00
     3    10  2001        0.00
     4    10  2001        0.00
     5    10  2001        0.00
     6    10  2001        0.00
     7    10  2001        0.00
     8    10  2001        0.00
     9    10  2001        0.00
    10    10  2001        0.00
    11    10  2001        0.00
    12    10  2001        0.00
    13    10  2001        0.00
    14    10  2001        0.00
    15    10  2001        0.00
    16    10  2001        0.00
    17    10  2001        0.00
    18    10  2001        0.00
    19    10  2001        0.00
    20    10  2001        0.00
    21    10  2001        0.00
    22    10  2001        0.00
    23    10  2001        0.00
    24    10  2001        0.00
    25    10  2001        0.00
    26    10  2001        0.00
    27    10  2001        0.00
    28    10  2001        0.00
    29    10  2001        0.00
    30    10  2001        0.00
    31    10  2001        0.00
     1    11  2001        0.00
     2    11  2001        0.00
     3    11  2001        0.00
     4    11  2001        0.00
     5    11  2001        0.00
     6    11  2001        0.00
     7    11  2001        0.00
     8    11  2001        0.00
     9    11  2001        0.00
    10    11  2001        0.00
    11    11  2001        0.00
    12    11  2001        0.00
    13    11  2001        0.00
    14    11  2001        0.00
    15    11  2001        0.00
    16    11  2001        0.00
    17    11  2001        0.00
    18    11  2001        0.00
    19    11  2001        0.00
    20    11  2001        0.00
    21    11  2001        0.00
    22    11  2001        0.00
    23    11  2001        0.00
    24    11  2001        0.00
    25    11  2001        0.00
    26    11  2001        0.00
    27    11  2001        0.00
    28    11  2001        0.00
    29    11  2001        0.00
    30    11  2001        0.00
     1    12  2001        0.00
     2    12  2001        0.00
     3    12  2001        0.00
     4    12  2001        0.00
     5    12  2001        0.00
     6    12  2001        0.00
     7    12  2001        0.00
     8    12  2001        0.00
     9    12  2001        0.00
    10    12  2001        0.00
    11    12  2001        0.00
    12    12  2001        0.00
    13    12  2001        0.00
    14    12  2001        0.00
    15    12  2001        0.00
    16    12  2001        0.00
    17    12  2001        0.00
    18    12  2001        0.00
    19    12  2001        0.00
    20    12  2001        0.00
    21    12  2001        0.00
    22    12  2001        0.00
    23    12  2001        0.00
    24    12  2001        0.00
    25    12  2001        0.00
    26    12  2001        0.00
    27    12  2001        0.00
    28    12  2001        0.00
    29    12  2001        0.00
    30    12  2001        0.00
    31    12  2001        0.00
     1     1  2002        0.00
     2     1  2002        0.00
     3     1  2002        0.00
     4     1  2002        0.00
     5     1  2002        0.00
     6     1  2002        0.00
     7     1  2002        0.00
     8     1  2002        0.00
     9     1  2002        0.00
    10     1  2002        0.00
    11     1  2002        0.00
    12     1  2002        0.00
    13     1  2002        0.00
    14     1  2002        0.00
    15     1  2002        0.00
    16     1  2002        0.00
    17     1  2002        0.00
    18     1  2002        0.00
    19     1  2002        0.00
    20     1  2002        0.00
    21     1  2002        0.00
    22     1  2002        0.00
    23     1  2002        0.00
    24     1  2002        0.00
    25     1  2002        0.00
    26     1  2002        0.00
    27     1  2002        0.00
    28     1  2002        0.00
    29     1  2002        0.00
    30     1  2002        0.00
    31     1  2002        0.00
     1     2  2002        0.00
     2     2  2002        0.00
     3     2  2002        0.00
     4     2  2002        0.00
     5     2  2002        0.00
     6     2  2002        0.00
     7     2  2002        0.00
     8     2  2002        0.00
     9     2  2002        0.00
    10     2  2002        0.00
    11     2  2002        0.00
    12     2  2002        0.00
    13     2  2002        0.00
    14     2  2002        0.00
    15     2  2002        0.00
    16     2  2002        0.00
    17     2  2002        0.00
    18     2  2002        0.00
    19     2  2002        0.00
    20     2  2002        0.00
    21     2  2002        0.00
    22     2  2002        0.00
    23     2  2002        0.00
    24     2  2002        0.00
    25     2  2002        0.00
    26     2  2002        0.00
    27     2  2002        0.00
    28     2  2002        0.00
     1     3  2002        0.00
     2     3  2002        0.00
     3     3  2002        0.00
     4     3  2002        0.00
     5     3  2002        0.00
     6     3  2002        0.00
     7     3  2002        0.00
     8     3  2002        0.00
     9     3  2002        0.00
    10     3  2002        0.00
    11     3  2002        0.00
    12     3  2002        0.00
    13     3  2002        0.00
    14     3  2002        0.00
    15     3  2002        0.00
    16     3  2002        0.00
    17     3  2002        0.00
    18     3  2002        0.00
    19     3  2002        0.00
    20     3  2002        0.00
    21     3  2002        0.00
    22     3  2002        0.00
    23     3  2002        0.00
    24     3  2002        0.00
    25     3  2002        0.00
    26     3  2002        0.00
    27     3  2002        0.00
    28     3  2002        0.00
    29     3  2002        0.00
    30     3  2002        0.00
    31     3  2002        0.00
     1     4  2002        0.00
     2     4  2002        0.00
     3     4  2002        0.00
     4     4  2002        0.00
     5     4  2002        0.00
     6     4  2002        0.00
     7     4  2002        0.00
     8     4  2002        0.00
     9     4  2002        0.00
    10     4  2002        0.00
    11     4  2002        0.00
    12     4  2002        0.00
    13     4  2002        0.00
    14     4  2002        0.00
    15     4  2002        0.00
    16     4  2002        0.20
    17     4  2002        0.00
    18     4  2002        0.00
    19     4  2002        0.00
    20     4  2002        0.00
    21     4  2002        0.00
    22     4  2002        0.00
    23     4  2002        0.00
    24     4  2002        0.20
    25     4  2002        0.00
    26     4  2002        0.20
    27     4  2002        0.00
    28     4  2002        0.00
    29     4  2002        0.39
    30     4  2002        0.00
     1     5  2002        0.00
     2     5  2002        1.01
     3     5  2002        0.00
     4     5  2002        0.00
     5     5  2002        1.19
     6     5  2002        0.00
     7     5  2002        7.66
     8     5  2002        1.57
     9     5  2002        2.76
    10     5  2002        2.39
    11     5  2002        2.56
    12     5  2002        0.20
    13     5  2002        1.39
    14     5  2002        0.20
    15     5  2002        0.00
    16     5  2002        0.00
    17     5  2002        0.00
    18     5  2002        0.00
    19     5  2002        0.00
    20     5  2002        0.39
    21     5  2002        2.16
    22     5  2002        2.17
    23     5  2002        0.00
    24     5  2002        0.00
    25     5  2002        0.20
    26     5  2002        0.40
    27     5  2002        0.81
    28     5  2002        1.19
    29     5  2002        1.38
    30     5  2002        2.36
    31     5  2002        1.81
     1     6  2002        7.27
     2     6  2002        0.00
     3     6  2002        0.00
     4     6  2002        0.00
     5     6  2002        2.36
     6     6  2002        3.74
     7     6  2002        0.00
     8     6  2002        0.00
     9     6  2002        2.56
    10     6  2002        0.39
    11     6  2002        0.00
    12     6  2002        0.00
    13     6  2002        0.00
    14     6  2002        0.00
    15     6  2002        0.00
    16     6  2002        0.00
    17     6  2002        0.00
    18     6  2002        0.00
    19     6  2002        0.00
    20     6  2002        0.00
    21     6  2002        0.00
    22     6  2002        0.00
    23     6  2002        0.00
    24     6  2002        0.00
    25     6  2002        0.00
    26     6  2002        0.00
    27     6  2002        0.20
    28     6  2002        0.00
    29     6  2002        0.00
    30     6  2002        0.00
     1     7  2002        0.59
     2     7  2002        0.00
     3     7  2002        5.51
     4     7  2002        3.94
     5     7  2002        0.20
     6     7  2002        0.00
     7     7  2002        0.00
     8     7  2002        0.00
     9     7  2002        0.00
    10     7  2002        0.00
    11     7  2002        0.00
    12     7  2002        0.00
    13     7  2002        0.00
    14     7  2002        0.20
    15     7  2002        0.00
    16     7  2002        0.00
    17     7  2002        0.00
    18     7  2002        0.20
    19     7  2002        1.57
    20     7  2002        4.90
    21     7  2002        4.13
    22     7  2002        0.82
    23     7  2002        0.20
    24     7  2002        2.16
    25     7  2002        0.00
    26     7  2002        2.19
    27     7  2002        1.58
    28     7  2002        2.36
    29     7  2002        1.18
    30     7  2002        3.34
    31     7  2002        5.70
     1     8  2002        2.18
     2     8  2002        1.97
     3     8  2002        2.78
     4     8  2002        0.60
     5     8  2002        2.57
     6     8  2002        4.51
     7     8  2002        1.77
     8     8  2002        0.40
     9     8  2002        0.79
    10     8  2002        0.40
    11     8  2002        5.70
    12     8  2002        2.59
    13     8  2002        0.42
    14     8  2002        0.79
    15     8  2002        0.60
    16     8  2002        1.17
    17     8  2002        7.29
    18     8  2002       11.44
    19     8  2002        2.16
    20     8  2002        5.31
    21     8  2002        4.91
    22     8  2002        4.72
    23     8  2002        4.14
    24     8  2002        3.34
    25     8  2002        4.51
    26     8  2002        2.18
    27     8  2002        3.37
    28     8  2002        1.19
    29     8  2002        0.39
    30     8  2002        0.20
    31     8  2002        1.57
     1     9  2002        0.42
     2     9  2002        0.20
     3     9  2002        0.20
     4     9  2002        0.59
     5     9  2002        0.00
     6     9  2002        0.40
     7     9  2002        0.40
     8     9  2002        0.00
     9     9  2002        7.47
    10     9  2002        0.82
    11     9  2002        0.20
    12     9  2002        5.70
    13     9  2002        0.60
    14     9  2002        1.41
    15     9  2002        2.17
    16     9  2002        2.17
    17     9  2002       10.62
    18     9  2002        3.96
    19     9  2002        9.03
    20     9  2002        2.78
    21     9  2002        4.91
    22     9  2002        7.46
    23     9  2002        6.90
    24     9  2002        0.60
    25     9  2002        5.70
    26     9  2002        5.33
    27     9  2002        3.35
    28     9  2002        1.80
    29     9  2002        2.96
    30     9  2002        1.80
     1    10  2002        2.58
     2    10  2002        1.60
     3    10  2002        2.95
     4    10  2002        4.52
     5    10  2002       19.28
     6    10  2002        5.51
     7    10  2002        0.79
     8    10  2002        0.00
     9    10  2002        0.00
    10    10  2002        0.20
    11    10  2002        0.81
    12    10  2002        2.75
    13    10  2002        5.31
    14    10  2002        6.09
    15    10  2002        3.96
    16    10  2002        3.55
    17    10  2002        5.34
    18    10  2002        1.97
    19    10  2002        1.01
    20    10  2002        0.00
    21    10  2002        0.00
    22    10  2002        0.00
    23    10  2002        0.00
    24    10  2002        0.20
    25    10  2002        0.00
    26    10  2002        0.62
    27    10  2002        0.00
    28    10  2002        1.21
    29    10  2002        2.16
    30    10  2002        0.00
    31    10  2002        0.00
     1    11  2002        0.00
     2    11  2002        0.00
     3    11  2002        0.00
     4    11  2002        0.00
     5    11  2002        0.60
     6    11  2002        0.20
     7    11  2002        0.00
     8    11  2002        0.00
     9    11  2002        0.99
    10    11  2002        0.00
    11    11  2002        0.20
    12    11  2002        0.00
    13    11  2002        0.00
    14    11  2002        0.00
    15    11  2002        0.00
    16    11  2002        0.00
    17    11  2002        0.00
    18    11  2002        0.00
    19    11  2002        0.00
    20    11  2002        0.00
    21    11  2002        0.00
    22    11  2002        0.00
    23    11  2002        0.00
    24    11  2002        0.00
    25    11  2002        0.00
    26    11  2002        0.00
    27    11  2002        0.00
    28    11  2002        0.00
    29    11  2002        0.00
    30    11  2002        0.00
     1    12  2002        0.00
     2    12  2002        0.00
     3    12  2002        0.00
     4    12  2002        0.00
     5    12  2002        0.00
     6    12  2002        0.00
     7    12  2002        0.00
     8    12  2002        0.00
     9    12  2002        0.00
    10    12  2002        0.00
    11    12  2002        0.79
    12    12  2002        0.00
    13    12  2002        0.20
    14    12  2002        0.20
    15    12  2002        0.00
    16    12  2002        0.39
    17    12  2002        0.00
    18    12  2002        0.00
    19    12  2002        0.00
    20    12  2002        0.00
    21    12  2002        0.00
    22    12  2002        0.00
    23    12  2002        0.00
    24    12  2002        1.19
    25    12  2002        0.40
    26    12  2002        1.38
    27    12  2002        0.40
    28    12  2002        0.20
    29    12  2002        0.00
    30    12  2002        1.01
    31    12  2002        0.20
     1     1  2003        0.82
     2     1  2003        0.60
     3     1  2003        0.20
     4     1  2003        0.00
     5     1  2003        0.20
     6     1  2003        0.00
     7     1  2003        1.99
     8     1  2003        1.39
     9     1  2003        1.19
    10     1  2003        0.00
    11     1  2003        0.00
    12     1  2003        0.00
    13     1  2003        0.00
    14     1  2003        0.00
    15     1  2003        0.20
    16     1  2003        0.42
    17     1  2003        0.40
    18     1  2003        0.20
    19     1  2003        0.82
    20     1  2003        0.20
    21     1  2003        0.20
    22     1  2003        0.00
    23     1  2003        0.20
    24     1  2003        0.20
    25     1  2003        0.20
    26     1  2003        0.00
    27     1  2003        0.00
    28     1  2003        0.00
    29     1  2003        0.00
    30     1  2003        0.20
    31     1  2003        0.00
     1     2  2003        0.00
     2     2  2003        0.00
     3     2  2003        0.40
     4     2  2003        0.20
     5     2  2003        0.00
     6     2  2003        0.00
     7     2  2003        0.00
     8     2  2003        0.00
     9     2  2003        0.00
    10     2  2003        0.00
    11     2  2003        0.00
    12     2  2003        0.00
    13     2  2003        0.00
    14     2  2003        0.00
    15     2  2003        0.00
    16     2  2003        0.00
    17     2  2003        0.00
    18     2  2003        0.00
    19     2  2003        0.00
    20     2  2003        0.00
    21     2  2003        0.00
    22     2  2003        0.00
    23     2  2003        0.00
    24     2  2003        0.00
    25     2  2003        0.39
    26     2  2003        1.97
    27     2  2003        0.20
    28     2  2003        1.01
     1     3  2003        0.00
     2     3  2003        0.00
     3     3  2003        0.00
     4     3  2003        0.00
     5     3  2003        0.00
     6     3  2003        0.00
     7     3  2003        0.00
     8     3  2003        0.00
     9     3  2003        0.00
    10     3  2003        0.00
    11     3  2003        0.00
    12     3  2003        0.00
    13     3  2003        0.00
    14     3  2003        0.00
    15     3  2003        0.00
    16     3  2003        0.00
    17     3  2003        0.00
    18     3  2003        0.00
    19     3  2003        0.00
    20     3  2003        0.00
    21     3  2003        0.00
    22     3  2003        0.00
    23     3  2003        0.00
    24     3  2003        0.00
    25     3  2003        0.00
    26     3  2003        0.00
    27     3  2003        0.00
    28     3  2003        0.00
    29     3  2003        2.76
    30     3  2003        0.00
    31     3  2003        0.00
     1     4  2003        0.00
     2     4  2003        0.00
     3     4  2003        1.37
     4     4  2003        0.00
     5     4  2003        0.20
     6     4  2003        0.00
     7     4  2003        0.00
     8     4  2003        0.00
     9     4  2003        0.00
    10     4  2003        0.00
    11     4  2003        0.00
    12     4  2003        0.00
    13     4  2003        0.20
    14     4  2003        0.00
    15     4  2003        0.00
    16     4  2003        0.00
    17     4  2003        0.00
    18     4  2003        0.00
    19     4  2003        0.00
    20     4  2003        0.00
    21     4  2003        0.00
    22     4  2003        1.96
    23     4  2003        0.20
    24     4  2003        0.42
    25     4  2003        0.20
    26     4  2003        0.00
    27     4  2003        0.00
    28     4  2003        0.00
    29     4  2003        0.00
    30     4  2003        0.00
     1     5  2003        0.00
     2     5  2003        0.00
     3     5  2003        1.18
     4     5  2003        0.00
     5     5  2003        1.19
     6     5  2003        0.59
     7     5  2003        0.00
     8     5  2003        0.20
     9     5  2003        0.00
    10     5  2003        0.00
    11     5  2003        0.00
    12     5  2003        0.00
    13     5  2003        0.00
    14     5  2003        0.00
    15     5  2003        0.00
    16     5  2003        0.00
    17     5  2003        0.00
    18     5  2003        0.00
    19     5  2003        0.00
    20     5  2003        1.77
    21     5  2003        0.00
    22     5  2003        0.00
    23     5  2003        0.00
    24     5  2003        0.40
    25     5  2003        0.99
    26     5  2003        0.39
    27     5  2003        1.18
    28     5  2003        0.40
    29     5  2003        0.59
    30     5  2003        0.79
    31     5  2003        1.18
     1     6  2003        0.00
     2     6  2003        0.00
     3     6  2003        0.00
     4     6  2003        0.00
     5     6  2003        0.00
     6     6  2003        0.00
     7     6  2003        0.00
     8     6  2003        0.20
     9     6  2003        0.00
    10     6  2003        0.20
    11     6  2003        0.00
    12     6  2003        0.00
    13     6  2003        0.00
    14     6  2003        0.20
    15     6  2003        0.00
    16     6  2003        0.20
    17     6  2003        0.39
    18     6  2003        0.00
    19     6  2003        0.20
    20     6  2003        0.00
    21     6  2003        0.00
    22     6  2003        0.60
    23     6  2003        0.00
    24     6  2003        0.00
    25     6  2003        0.00
    26     6  2003        0.00
    27     6  2003        0.00
    28     6  2003        0.00
    29     6  2003        0.00
    30     6  2003        0.20
     1     7  2003        0.20
     2     7  2003        0.20
     3     7  2003        0.00
     4     7  2003        0.00
     5     7  2003        0.00
     6     7  2003        0.00
     7     7  2003        0.20
     8     7  2003        0.00
     9     7  2003        1.37
    10     7  2003        0.40
    11     7  2003        0.20
    12     7  2003        0.20
    13     7  2003        0.00
    14     7  2003        2.36
    15     7  2003        0.20
    16     7  2003        0.00
    17     7  2003        0.00
    18     7  2003        1.38
    19     7  2003        0.00
    20     7  2003        0.00
    21     7  2003        0.00
    22     7  2003        0.00
    23     7  2003        0.00
    24     7  2003        0.00
    25     7  2003        0.00
    26     7  2003        0.00
    27     7  2003        0.00
    28     7  2003        0.00
    29     7  2003        0.20
    30     7  2003        0.00
    31     7  2003        0.00
     1     8  2003        0.00
     2     8  2003        0.00
     3     8  2003        0.00
     4     8  2003        0.00
     5     8  2003        0.00
     6     8  2003        0.00
     7     8  2003        0.00
     8     8  2003        0.00
     9     8  2003        0.00
    10     8  2003        0.00
    11     8  2003        0.00
    12     8  2003        0.00
    13     8  2003        0.00
    14     8  2003        0.00
    15     8  2003        0.00
    16     8  2003        0.00
    17     8  2003        0.00
    18     8  2003        0.00
    19     8  2003        0.00
    20     8  2003        0.00
    21     8  2003        0.00
    22     8  2003        0.00
    23     8  2003        0.00
    24     8  2003        0.00
    25     8  2003        0.00
    26     8  2003        0.00
    27     8  2003        0.00
    28     8  2003        0.00
    29     8  2003        0.00
    30     8  2003        0.00
    31     8  2003        0.00
     1     9  2003        0.00
     2     9  2003        0.00
     3     9  2003        0.00
     4     9  2003        0.00
     5     9  2003        0.00
     6     9  2003        0.00
     7     9  2003        0.00
     8     9  2003        0.00
     9     9  2003        0.00
    10     9  2003        0.00
    11     9  2003        0.00
    12     9  2003        0.00
    13     9  2003        0.00
    14     9  2003        0.00
    15     9  2003        0.00
    16     9  2003        0.00
    17     9  2003        0.00
    18     9  2003        0.00
    19     9  2003        0.00
    20     9  2003        0.00
    21     9  2003        0.00
    22     9  2003        0.00
    23     9  2003        0.00
    24     9  2003        0.00
    25     9  2003        0.00
    26     9  2003        0.00
    27     9  2003        0.00
    28     9  2003        0.00
    29     9  2003        0.00
    30     9  2003        0.00
     1    10  2003        0.00
     2    10  2003        0.00
     3    10  2003        0.00
     4    10  2003        0.00
     5    10  2003        0.00
     6    10  2003        0.00
     7    10  2003        0.20
     8    10  2003        0.00
     9    10  2003        0.00
    10    10  2003        0.00
    11    10  2003        0.00
    12    10  2003        0.00
    13    10  2003        0.00
    14    10  2003        0.00
    15    10  2003        0.00
    16    10  2003        0.00
    17    10  2003        0.00
    18    10  2003        0.00
    19    10  2003        0.20
    20    10  2003        0.00
    21    10  2003        0.00
    22    10  2003        0.00
    23    10  2003        0.00
    24    10  2003        0.00
    25    10  2003        0.00
    26    10  2003        0.00
    27    10  2003        0.00
    28    10  2003        0.00
    29    10  2003        0.00
    30    10  2003        0.00
    31    10  2003        0.00
     1    11  2003        0.00
     2    11  2003        0.00
     3    11  2003        0.00
     4    11  2003        0.00
     5    11  2003        0.00
     6    11  2003        1.18
     7    11  2003        1.01
     8    11  2003        2.56
     9    11  2003       11.60
    10    11  2003        6.29
    11    11  2003        0.00
    12    11  2003        0.20
    13    11  2003        0.00
    14    11  2003        0.00
    15    11  2003        0.00
    16    11  2003        0.00
    17    11  2003        0.00
    18    11  2003        0.00
    19    11  2003        0.00
    20    11  2003        0.59
    21    11  2003        1.18
    22    11  2003        0.20
    23    11  2003        1.18
    24    11  2003        0.00
    25    11  2003        1.18
    26    11  2003        0.78
    27    11  2003        0.40
    28    11  2003        0.00
    29    11  2003        0.00
    30    11  2003        0.00
     1    12  2003        0.00
     2    12  2003        0.00
     3    12  2003        0.00
     4    12  2003        0.00
     5    12  2003        0.40
     6    12  2003        0.00
     7    12  2003        0.20
     8    12  2003        0.20
     9    12  2003        0.00
    10    12  2003        0.00
    11    12  2003        0.00
    12    12  2003        0.00
    13    12  2003        0.00
    14    12  2003        0.00
    15    12  2003        0.00
    16    12  2003        0.00
    17    12  2003        0.00
    18    12  2003        0.00
    19    12  2003        0.00
    20    12  2003        0.00
    21    12  2003        0.00
    22    12  2003        0.00
    23    12  2003        0.00
    24    12  2003        0.00
    25    12  2003        0.00
    26    12  2003        0.00
    27    12  2003        0.00
    28    12  2003        0.40
    29    12  2003        0.20
    30    12  2003        0.60
    31    12  2003        0.79
     1     1  2004        0.40
     2     1  2004        0.20
     3     1  2004        1.38
     4     1  2004        0.99
     5     1  2004        1.41
     6     1  2004        0.80
     7     1  2004        0.62
     8     1  2004        0.40
     9     1  2004        0.00
    10     1  2004        0.40
    11     1  2004        0.00
    12     1  2004        0.00
    13     1  2004        0.00
    14     1  2004        0.00
    15     1  2004        0.00
    16     1  2004        0.00
    17     1  2004        0.00
    18     1  2004        0.00
    19     1  2004        0.00
    20     1  2004        0.00
    21     1  2004        0.00
    22     1  2004        0.00
    23     1  2004        0.00
    24     1  2004        0.00
    25     1  2004        0.00
    26     1  2004        0.00
    27     1  2004        6.50
    28     1  2004        0.20
    29     1  2004        0.00
    30     1  2004        0.20
    31     1  2004        0.00
     1     2  2004        0.00
     2     2  2004        0.20
     3     2  2004        0.20
     4     2  2004        0.40
     5     2  2004        0.00
     6     2  2004        0.20
     7     2  2004        0.00
     8     2  2004        0.00
     9     2  2004        0.00
    10     2  2004        0.00
    11     2  2004        0.00
    12     2  2004        0.00
    13     2  2004        0.20
    14     2  2004        0.00
    15     2  2004        0.00
    16     2  2004        0.00
    17     2  2004        0.00
    18     2  2004        0.00
    19     2  2004        0.00
    20     2  2004        0.00
    21     2  2004        0.00
    22     2  2004        0.00
    23     2  2004        0.00
    24     2  2004        0.00
    25     2  2004        0.00
    26     2  2004        0.00
    27     2  2004        0.00
    28     2  2004        1.38
    29     2  2004        0.99
     1     3  2004        0.00
     2     3  2004        1.80
     3     3  2004        1.96
     4     3  2004        0.39
     5     3  2004        0.00
     6     3  2004        2.00
     7     3  2004        0.60
     8     3  2004        0.82
     9     3  2004        0.20
    10     3  2004        0.00
    11     3  2004        0.82
    12     3  2004        0.00
    13     3  2004        0.20
    14     3  2004        0.20
    15     3  2004        3.15
    16     3  2004        1.40
    17     3  2004        0.20
    18     3  2004        1.97
    19     3  2004        0.00
    20     3  2004        0.00
    21     3  2004        2.75
    22     3  2004        0.60
    23     3  2004        0.00
    24     3  2004        0.00
    25     3  2004        0.62
    26     3  2004        0.40
    27     3  2004        1.58
    28     3  2004        2.17
    29     3  2004        0.20
    30     3  2004        0.00
    31     3  2004        0.00
     1     4  2004        0.00
     2     4  2004        0.20
     3     4  2004        0.39
     4     4  2004        0.59
     5     4  2004        0.00
     6     4  2004        0.00
     7     4  2004        0.00
     8     4  2004        0.00
     9     4  2004        0.00
    10     4  2004        0.00
    11     4  2004        0.00
    12     4  2004        0.00
    13     4  2004        0.00
    14     4  2004        0.00
    15     4  2004        0.00
    16     4  2004        0.00
    17     4  2004        0.00
    18     4  2004        0.00
    19     4  2004        0.00
    20     4  2004        0.00
    21     4  2004        0.00
    22     4  2004        0.00
    23     4  2004        0.00
    24     4  2004        0.20
    25     4  2004        0.40
    26     4  2004        0.00
    27     4  2004        0.00
    28     4  2004        0.20
    29     4  2004        0.42
    30     4  2004        0.00
     1     5  2004        0.00
     2     5  2004        0.59
     3     5  2004        0.00
     4     5  2004        2.17
     5     5  2004        0.20
     6     5  2004        0.20
     7     5  2004        0.42
     8     5  2004        1.19
     9     5  2004        0.20
    10     5  2004        7.49
    11     5  2004        0.59
    12     5  2004        0.62
    13     5  2004        1.58
    14     5  2004        0.82
    15     5  2004        0.20
    16     5  2004        0.98
    17     5  2004        5.11
    18     5  2004        5.10
    19     5  2004        2.56
    20     5  2004        0.00
    21     5  2004        2.78
    22     5  2004        0.79
    23     5  2004        0.39
    24     5  2004        0.00
    25     5  2004        0.00
    26     5  2004        0.00
    27     5  2004        0.00
    28     5  2004        0.00
    29     5  2004        0.00
    30     5  2004        0.00
    31     5  2004        0.00
     1     6  2004        0.00
     2     6  2004        0.00
     3     6  2004        0.20
     4     6  2004        0.00
     5     6  2004        0.00
     6     6  2004        0.00
     7     6  2004        0.00
     8     6  2004        0.40
     9     6  2004        0.20
    10     6  2004        0.40
    11     6  2004        0.00
    12     6  2004        0.00
    13     6  2004        0.20
    14     6  2004        0.00
    15     6  2004        0.00
    16     6  2004        0.00
    17     6  2004        0.00
    18     6  2004        0.00
    19     6  2004        0.40
    20     6  2004        0.00
    21     6  2004        0.79
    22     6  2004        0.59
    23     6  2004        0.00
    24     6  2004        0.20
    25     6  2004        0.00
    26     6  2004        0.42
    27     6  2004        0.40
    28     6  2004        1.38
    29     6  2004        1.98
    30     6  2004        1.57
     1     7  2004        2.17
     2     7  2004        1.37
     3     7  2004        2.17
     4     7  2004        0.80
     5     7  2004        0.00
     6     7  2004        0.00
     7     7  2004        0.00
     8     7  2004        0.39
     9     7  2004        0.00
    10     7  2004        1.57
    11     7  2004        0.20
    12     7  2004        0.00
    13     7  2004        0.00
    14     7  2004        0.00
    15     7  2004        0.00
    16     7  2004        0.00
    17     7  2004        3.16
    18     7  2004        0.20
    19     7  2004        2.17
    20     7  2004        1.01
    21     7  2004        0.20
    22     7  2004        0.00
    23     7  2004        0.20
    24     7  2004        0.00
    25     7  2004        0.40
    26     7  2004        0.20
    27     7  2004        0.39
    28     7  2004        0.00
    29     7  2004        0.00
    30     7  2004        0.00
    31     7  2004        0.79
     1     8  2004        0.98
     2     8  2004        0.00
     3     8  2004        0.00
     4     8  2004        0.00
     5     8  2004        2.78
     6     8  2004        1.01
     7     8  2004        0.00
     8     8  2004        0.00
     9     8  2004        0.00
    10     8  2004        0.00
    11     8  2004        0.00
    12     8  2004        0.20
    13     8  2004        0.00
    14     8  2004        0.00
    15     8  2004        0.00
    16     8  2004        0.00
    17     8  2004        0.20
    18     8  2004        0.00
    19     8  2004        0.00
    20     8  2004        0.59
    21     8  2004        0.00
    22     8  2004        0.62
    23     8  2004        0.00
    24     8  2004        0.00
    25     8  2004        0.00
    26     8  2004        0.00
    27     8  2004        0.00
    28     8  2004        0.00
    29     8  2004        0.00
    30     8  2004        0.00
    31     8  2004        0.00
     1     9  2004        0.00
     2     9  2004        0.00
     3     9  2004        0.00
     4     9  2004        0.00
     5     9  2004        0.00
     6     9  2004        0.00
     7     9  2004        0.00
     8     9  2004        0.00
     9     9  2004        0.00
    10     9  2004        0.00
    11     9  2004        0.00
    12     9  2004        0.00
    13     9  2004        0.20
    14     9  2004        0.00
    15     9  2004        0.00
    16     9  2004        0.00
    17     9  2004        0.00
    18     9  2004        0.00
    19     9  2004        0.00
    20     9  2004        0.39
    21     9  2004        0.00
    22     9  2004        0.59
    23     9  2004        0.00
    24     9  2004        0.98
    25     9  2004        0.39
    26     9  2004        0.00
    27     9  2004        0.00
    28     9  2004        0.00
    29     9  2004        0.00
    30     9  2004        0.00
     1    10  2004        0.00
     2    10  2004        0.00
     3    10  2004        0.39
     4    10  2004        0.42
     5    10  2004        0.00
     6    10  2004        0.00
     7    10  2004        0.00
     8    10  2004        0.00
     9    10  2004        0.40
    10    10  2004        0.00
    11    10  2004        0.20
    12    10  2004        0.20
    13    10  2004        0.00
    14    10  2004        0.00
    15    10  2004        0.20
    16    10  2004        0.00
    17    10  2004        0.00
    18    10  2004        0.00
    19    10  2004        0.00
    20    10  2004        0.00
    21    10  2004        0.00
    22    10  2004        0.00
    23    10  2004        0.00
    24    10  2004        0.00
    25    10  2004        0.00
    26    10  2004        0.00
    27    10  2004        0.00
    28    10  2004        0.20
    29    10  2004        0.00
    30    10  2004        1.57
    31    10  2004        0.20
     1    11  2004        0.00
     2    11  2004        0.20
     3    11  2004        0.20
     4    11  2004        0.20
     5    11  2004        0.00
     6    11  2004        0.00
     7    11  2004        0.00
     8    11  2004        0.00
     9    11  2004        0.39
    10    11  2004        1.57
    11    11  2004        0.20
    12    11  2004        0.40
    13    11  2004        0.00
    14    11  2004       -1.00
    15    11  2004       -1.00
    16    11  2004       -1.00
    17    11  2004       -1.00
    18    11  2004       -1.00
    19    11  2004       -1.00
    20    11  2004       -1.00
    21    11  2004       -1.00
    22    11  2004       -1.00
    23    11  2004       -1.00
    24    11  2004       -1.00
    25    11  2004       -1.00
    26    11  2004       -1.00
    27    11  2004       -1.00
    28    11  2004       -1.00
    29    11  2004       -1.00
    30    11  2004       -1.00
     1    12  2004       -1.00
     2    12  2004       -1.00
     3    12  2004       -1.00
     4    12  2004       -1.00
     5    12  2004       -1.00
     6    12  2004       -1.00
     7    12  2004       -1.00
     8    12  2004       -1.00
     9    12  2004       -1.00
    10    12  2004       -1.00
    11    12  2004       -1.00
    12    12  2004       -1.00
    13    12  2004       -1.00
    14    12  2004       -1.00
    15    12  2004       -1.00
    16    12  2004       -1.00
    17    12  2004       -1.00
    18    12  2004       -1.00
    19    12  2004       -1.00
    20    12  2004       -1.00
    21    12  2004       -1.00
    22    12  2004       -1.00
    23    12  2004       -1.00
    24    12  2004       -1.00
    25    12  2004       -1.00
    26    12  2004       -1.00
    27    12  2004       -1.00
    28    12  2004       -1.00
    29    12  2004       -1.00
    30    12  2004       -1.00
    31    12  2004       -1.00
     1     1  2005       -1.00
     2     1  2005       -1.00
     3     1  2005       -1.00
     4     1  2005        1.00
     5     1  2005        0.20
     6     1  2005        0.79
     7     1  2005        1.61
     8     1  2005        2.56
     9     1  2005        6.49
    10     1  2005        6.68
    11     1  2005        1.60
    12     1  2005        0.82
    13     1  2005        1.22
    14     1  2005        0.82
    15     1  2005        0.20
    16     1  2005        1.19
    17     1  2005        0.60
    18     1  2005        0.00
    19     1  2005        0.00
    20     1  2005        0.00
    21     1  2005        0.00
    22     1  2005        0.39
    23     1  2005        0.00
    24     1  2005        1.98
    25     1  2005        0.00
    26     1  2005        0.00
    27     1  2005        0.00
    28     1  2005        0.00
    29     1  2005        0.00
    30     1  2005        0.00
    31     1  2005        0.20
     1     2  2005        0.00
     2     2  2005        0.20
     3     2  2005        0.42
     4     2  2005        0.00
     5     2  2005        0.00
     6     2  2005        0.00
     7     2  2005        0.00
     8     2  2005        0.00
     9     2  2005        0.00
    10     2  2005        0.00
    11     2  2005        0.00
    12     2  2005        4.92
    13     2  2005        0.00
    14     2  2005        0.00
    15     2  2005        1.18
    16     2  2005        0.59
    17     2  2005        0.00
    18     2  2005        0.59
    19     2  2005        2.16
    20     2  2005        0.00
    21     2  2005        0.20
    22     2  2005        0.79
    23     2  2005        0.20
    24     2  2005        0.40
    25     2  2005        1.80
    26     2  2005        2.75
    27     2  2005        1.97
    28     2  2005        1.77
     1     3  2005        0.00
     2     3  2005        0.00
     3     3  2005        0.00
     4     3  2005        1.38
     5     3  2005        1.97
     6     3  2005        2.17
     7     3  2005        0.00
     8     3  2005        0.79
     9     3  2005        0.00
    10     3  2005        0.00
    11     3  2005        0.00
    12     3  2005        0.00
    13     3  2005        0.00
    14     3  2005        0.00
    15     3  2005        0.00
    16     3  2005        0.20
    17     3  2005        1.37
    18     3  2005        0.20
    19     3  2005        0.00
    20     3  2005        0.00
    21     3  2005        0.60
    22     3  2005        2.56
    23     3  2005        0.00
    24     3  2005        0.00
    25     3  2005        1.21
    26     3  2005        1.78
    27     3  2005        0.20
    28     3  2005        0.40
    29     3  2005        0.40
    30     3  2005        0.59
    31     3  2005        0.79
     1     4  2005        1.58
     2     4  2005        0.20
     3     4  2005        0.00
     4     4  2005        0.79
     5     4  2005        0.79
     6     4  2005        0.40
     7     4  2005        0.00
     8     4  2005        0.42
     9     4  2005        0.20
    10     4  2005        0.00
    11     4  2005        0.40
    12     4  2005        0.40
    13     4  2005        2.56
    14     4  2005        0.62
    15     4  2005        0.20
    16     4  2005        0.00
    17     4  2005        1.21
    18     4  2005        2.36
    19     4  2005        0.00
    20     4  2005        1.58
    21     4  2005        0.00
    22     4  2005        1.02
    23     4  2005        0.99
    24     4  2005        0.40
    25     4  2005        0.40
    26     4  2005        2.16
    27     4  2005        1.18
    28     4  2005        0.62
    29     4  2005        0.00
    30     4  2005        1.97
     1     5  2005        0.39
     2     5  2005        0.20
     3     5  2005        0.40
     4     5  2005        0.99
     5     5  2005        0.20
     6     5  2005        0.20
     7     5  2005        0.20
     8     5  2005        2.36
     9     5  2005        0.59
    10     5  2005        0.00
    11     5  2005        0.00
    12     5  2005        0.42
    13     5  2005        0.39
    14     5  2005        0.59
    15     5  2005        0.00
    16     5  2005        0.20
    17     5  2005        0.00
    18     5  2005        0.00
    19     5  2005        0.00
    20     5  2005        0.00
    21     5  2005        0.20
    22     5  2005        0.00
    23     5  2005        0.00
    24     5  2005        0.40
    25     5  2005        0.00
    26     5  2005        0.00
    27     5  2005        0.20
    28     5  2005        0.00
    29     5  2005        0.00
    30     5  2005        0.00
    31     5  2005        0.40
     1     6  2005        0.20
     2     6  2005        0.79
     3     6  2005        0.20
     4     6  2005        0.40
     5     6  2005        0.00
     6     6  2005        0.20
     7     6  2005        0.20
     8     6  2005        0.00
     9     6  2005        0.00
    10     6  2005        0.00
    11     6  2005        0.79
    12     6  2005        0.00
    13     6  2005        0.20
    14     6  2005        0.59
    15     6  2005        0.62
    16     6  2005        0.00
    17     6  2005        1.38
    18     6  2005        0.20
    19     6  2005        0.00
    20     6  2005        0.00
    21     6  2005        0.20
    22     6  2005        0.20
    23     6  2005        0.00
    24     6  2005        0.00
    25     6  2005        0.00
    26     6  2005        0.00
    27     6  2005        0.00
    28     6  2005        0.00
    29     6  2005        0.00
    30     6  2005        0.00
     1     7  2005        0.00
     2     7  2005        0.20
     3     7  2005        0.00
     4     7  2005        0.00
     5     7  2005        0.00
     6     7  2005        0.00
     7     7  2005        2.39
     8     7  2005        0.00
     9     7  2005        1.77
    10     7  2005        0.59
    11     7  2005        0.00
    12     7  2005        0.40
    13     7  2005        1.18
    14     7  2005        0.79
    15     7  2005        1.77
    16     7  2005        1.38
    17     7  2005        2.37
    18     7  2005        0.20
    19     7  2005        0.42
    20     7  2005        0.00
    21     7  2005        0.00
    22     7  2005        0.00
    23     7  2005        0.00
    24     7  2005        0.00
    25     7  2005        0.00
    26     7  2005        0.00
    27     7  2005        0.20
    28     7  2005        0.00
    29     7  2005        0.39
    30     7  2005        0.00
    31     7  2005        0.39
     1     8  2005        0.20
     2     8  2005        0.40
     3     8  2005        0.60
     4     8  2005        0.20
     5     8  2005        0.20
     6     8  2005        0.00
     7     8  2005        0.40
     8     8  2005        0.20
     9     8  2005        0.82
    10     8  2005        0.40
    11     8  2005        0.00
    12     8  2005        0.00
    13     8  2005        0.00
    14     8  2005        0.00
    15     8  2005        0.00
    16     8  2005        0.00
    17     8  2005        0.00
    18     8  2005        0.00
    19     8  2005        0.00
    20     8  2005        0.00
    21     8  2005        0.39
    22     8  2005        0.00
    23     8  2005        0.00
    24     8  2005        0.00
    25     8  2005        0.00
    26     8  2005        0.00
    27     8  2005        0.00
    28     8  2005        0.00
    29     8  2005        0.00
    30     8  2005        0.00
    31     8  2005        0.00
     1     9  2005        0.00
     2     9  2005        0.00
     3     9  2005        0.00
     4     9  2005        0.00
     5     9  2005        0.00
     6     9  2005        0.00
     7     9  2005        0.20
     8     9  2005        0.60
     9     9  2005        0.40
    10     9  2005        1.01
    11     9  2005        0.40
    12     9  2005        0.40
    13     9  2005        1.77
    14     9  2005        2.17
    15     9  2005        0.00
    16     9  2005        0.00
    17     9  2005        0.20
    18     9  2005        0.00
    19     9  2005        0.00
    20     9  2005        0.00
    21     9  2005        0.00
    22     9  2005        0.00
    23     9  2005        0.00
    24     9  2005        0.00
    25     9  2005        0.40
    26     9  2005        0.99
    27     9  2005        0.98
    28     9  2005        1.77
    29     9  2005        0.20
    30     9  2005        0.40
     1    10  2005        0.00
     2    10  2005        0.20
     3    10  2005        0.20
     4    10  2005        0.81
     5    10  2005        0.79
     6    10  2005        0.62
     7    10  2005        0.00
     8    10  2005        0.20
     9    10  2005        0.98
    10    10  2005        0.00
    11    10  2005        0.00
    12    10  2005        0.00
    13    10  2005        0.00
    14    10  2005        0.00
    15    10  2005        0.00
    16    10  2005        0.00
    17    10  2005        0.00
    18    10  2005        0.00
    19    10  2005        0.00
    20    10  2005        0.00
    21    10  2005        0.00
    22    10  2005        0.00
    23    10  2005        0.00
    24    10  2005        0.99
    25    10  2005        0.00
    26    10  2005        0.00
    27    10  2005        0.42
    28    10  2005        1.18
    29    10  2005        0.20
    30    10  2005        0.59
    31    10  2005        1.38
     1    11  2005        0.59
     2    11  2005        0.79
     3    11  2005        0.00
     4    11  2005        0.98
     5    11  2005        2.95
     6    11  2005        2.36
     7    11  2005        0.00
     8    11  2005        0.00
     9    11  2005        0.00
    10    11  2005        0.00
    11    11  2005        0.00
    12    11  2005        0.00
    13    11  2005        0.00
    14    11  2005        0.00
    15    11  2005        0.00
    16    11  2005        0.00
    17    11  2005        0.00
    18    11  2005        0.00
    19    11  2005        0.00
    20    11  2005        0.20
    21    11  2005        0.00
    22    11  2005        0.00
    23    11  2005        0.00
    24    11  2005        0.20
    25    11  2005        0.20
    26    11  2005        0.00
    27    11  2005        0.00
    28    11  2005        0.00
    29    11  2005        0.00
    30    11  2005        0.00
     1    12  2005        0.00
     2    12  2005        0.00
     3    12  2005        0.00
     4    12  2005        0.00
     5    12  2005        0.00
     6    12  2005        0.00
     7    12  2005        0.00
     8    12  2005        0.20
     9    12  2005        0.20
    10    12  2005        0.00
    11    12  2005        0.00
    12    12  2005        0.00
    13    12  2005        0.00
    14    12  2005        0.00
    15    12  2005        0.20
    16    12  2005        0.00
    17    12  2005        0.00
    18    12  2005        0.00
    19    12  2005        0.00
    20    12  2005        0.00
    21    12  2005        0.20
    22    12  2005        0.00
    23    12  2005        0.00
    24    12  2005        0.00
    25    12  2005        0.00
    26    12  2005        0.00
    27    12  2005        0.00
    28    12  2005        0.00
    29    12  2005        0.00
    30    12  2005        0.00
    31    12  2005        0.00
     1     1  2006        0.00
     2     1  2006        0.00
     3     1  2006        0.00
     4     1  2006        0.00
     5     1  2006        0.00
     6     1  2006        0.00
     7     1  2006        0.00
     8     1  2006        0.00
     9     1  2006        0.00
    10     1  2006        0.00
    11     1  2006        0.00
    12     1  2006        0.00
    13     1  2006        0.00
    14     1  2006        0.00
    15     1  2006        0.00
    16     1  2006        0.00
    17     1  2006        0.00
    18     1  2006        0.00
    19     1  2006        0.00
    20     1  2006        0.00
    21     1  2006        0.00
    22     1  2006        0.00
    23     1  2006        0.00
    24     1  2006        0.00
    25     1  2006        0.00
    26     1  2006        0.00
    27     1  2006        0.00
    28     1  2006        0.00
    29     1  2006        0.00
    30     1  2006        0.39
    31     1  2006        0.00
     1     2  2006        0.00
     2     2  2006        0.00
     3     2  2006        0.00
     4     2  2006        0.00
     5     2  2006        0.00
     6     2  2006        0.20
     7     2  2006        0.00
     8     2  2006        0.00
     9     2  2006        0.00
    10     2  2006        0.20
    11     2  2006        0.00
    12     2  2006        0.00
    13     2  2006        0.00
    14     2  2006        0.00
    15     2  2006        0.00
    16     2  2006        0.00
    17     2  2006        0.00
    18     2  2006        0.00
    19     2  2006        0.00
    20     2  2006        0.00
    21     2  2006        1.18
    22     2  2006        0.00
    23     2  2006        0.00
    24     2  2006        0.00
    25     2  2006        0.00
    26     2  2006        0.20
    27     2  2006        0.00
    28     2  2006        0.20
     1     3  2006        0.00
     2     3  2006        0.00
     3     3  2006        0.20
     4     3  2006        0.00
     5     3  2006        0.00
     6     3  2006        0.00
     7     3  2006        0.00
     8     3  2006        0.00
     9     3  2006        0.00
    10     3  2006        0.00
    11     3  2006        0.00
    12     3  2006        0.00
    13     3  2006        0.00
    14     3  2006        0.00
    15     3  2006        0.00
    16     3  2006        0.00
    17     3  2006        0.00
    18     3  2006        0.00
    19     3  2006        0.40
    20     3  2006        0.00
    21     3  2006        0.00
    22     3  2006        0.00
    23     3  2006        0.00
    24     3  2006        0.00
    25     3  2006        0.20
    26     3  2006        0.00
    27     3  2006        0.20
    28     3  2006        1.18
    29     3  2006        0.20
    30     3  2006        0.40
    31     3  2006        0.60
     1     4  2006        1.57
     2     4  2006        1.80
     3     4  2006        1.38
     4     4  2006        2.19
     5     4  2006        1.41
     6     4  2006        1.00
     7     4  2006        1.80
     8     4  2006        2.02
     9     4  2006        1.78
    10     4  2006        1.38
    11     4  2006        1.61
    12     4  2006        2.57
    13     4  2006        1.22
    14     4  2006        3.14
    15     4  2006        1.38
    16     4  2006        0.40
    17     4  2006        0.80
    18     4  2006        2.19
    19     4  2006        1.79
    20     4  2006        2.20
    21     4  2006        1.38
    22     4  2006        2.37
    23     4  2006        2.76
    24     4  2006        1.22
    25     4  2006        0.99
    26     4  2006        1.41
    27     4  2006        1.02
    28     4  2006        0.60
    29     4  2006        1.02
    30     4  2006        3.74
     1     5  2006        2.19
     2     5  2006        1.78
     3     5  2006        2.19
     4     5  2006        1.97
     5     5  2006        1.38
     6     5  2006        0.60
     7     5  2006        1.21
     8     5  2006        0.99
     9     5  2006        0.20
    10     5  2006        1.40
    11     5  2006        1.19
    12     5  2006        0.39
    13     5  2006        0.60
    14     5  2006        0.99
    15     5  2006        0.99
    16     5  2006        0.20
    17     5  2006        0.59
    18     5  2006        3.34
    19     5  2006        1.58
    20     5  2006        1.19
    21     5  2006        0.00
    22     5  2006        1.38
    23     5  2006        0.39
    24     5  2006        0.00
    25     5  2006        0.00
    26     5  2006        0.00
    27     5  2006        0.00
    28     5  2006        0.62
    29     5  2006        0.00
    30     5  2006        0.00
    31     5  2006        0.00
     1     6  2006        0.00
     2     6  2006        0.00
     3     6  2006        0.00
     4     6  2006        0.00
     5     6  2006        0.79
     6     6  2006        0.20
     7     6  2006        0.00
     8     6  2006        0.99
     9     6  2006        0.39
    10     6  2006        0.00
    11     6  2006        0.00
    12     6  2006        0.00
    13     6  2006        0.00
    14     6  2006        0.00
    15     6  2006        0.00
    16     6  2006        0.00
    17     6  2006        0.00
    18     6  2006        0.40
    19     6  2006        0.20
    20     6  2006        0.20
    21     6  2006        0.20
    22     6  2006        1.58
    23     6  2006        0.79
    24     6  2006        0.20
    25     6  2006        0.42
    26     6  2006        0.40
    27     6  2006        0.00
    28     6  2006        2.94
    29     6  2006        4.12
    30     6  2006        2.17
     1     7  2006        1.59
     2     7  2006        0.59
     3     7  2006        0.42
     4     7  2006        0.00
     5     7  2006        0.20
     6     7  2006        0.39
     7     7  2006        1.18
     8     7  2006        1.37
     9     7  2006        0.99
    10     7  2006        0.00
    11     7  2006        0.00
    12     7  2006        0.00
    13     7  2006        0.00
    14     7  2006        0.00
    15     7  2006        0.00
    16     7  2006        0.00
    17     7  2006        0.00
    18     7  2006        0.00
    19     7  2006        0.00
    20     7  2006        1.77
    21     7  2006        0.79
    22     7  2006        0.00
    23     7  2006        0.00
    24     7  2006        0.00
    25     7  2006        0.00
    26     7  2006        0.00
    27     7  2006        0.00
    28     7  2006        0.59
    29     7  2006        0.00
    30     7  2006        0.00
    31     7  2006        1.37
     1     8  2006        0.20
     2     8  2006        0.79
     3     8  2006        2.56
     4     8  2006        1.38
     5     8  2006        1.18
     6     8  2006        0.79
     7     8  2006        2.96
     8     8  2006        0.20
     9     8  2006        0.00
    10     8  2006        0.40
    11     8  2006        0.82
    12     8  2006        0.59
    13     8  2006        0.62
    14     8  2006        0.00
    15     8  2006        0.59
    16     8  2006        0.00
    17     8  2006        0.79
    18     8  2006        0.00
    19     8  2006        0.00
    20     8  2006        0.20
    21     8  2006        0.00
    22     8  2006        0.00
    23     8  2006        0.00
    24     8  2006        0.00
    25     8  2006        0.00
    26     8  2006        0.00
    27     8  2006        0.00
    28     8  2006        2.16
    29     8  2006        0.00
    30     8  2006        0.42
    31     8  2006        0.00
     1     9  2006        0.00
     2     9  2006        1.57
     3     9  2006        0.99
     4     9  2006        0.20
     5     9  2006        0.00
     6     9  2006        0.00
     7     9  2006        0.00
     8     9  2006        0.00
     9     9  2006        0.00
    10     9  2006        0.00
    11     9  2006        0.00
    12     9  2006        0.00
    13     9  2006        0.00
    14     9  2006        0.00
    15     9  2006        0.00
    16     9  2006        0.00
    17     9  2006        0.00
    18     9  2006        0.00
    19     9  2006        0.00
    20     9  2006        0.20
    21     9  2006        0.00
    22     9  2006        1.39
    23     9  2006        0.40
    24     9  2006        0.20
    25     9  2006        0.79
    26     9  2006        0.00
    27     9  2006        0.20
    28     9  2006        1.19
    29     9  2006        0.59
    30     9  2006        0.79
     1    10  2006        2.37
     2    10  2006        0.00
     3    10  2006        0.60
     4    10  2006        0.00
     5    10  2006        0.00
     6    10  2006        0.00
     7    10  2006        0.00
     8    10  2006        0.00
     9    10  2006        0.00
    10    10  2006        0.00
    11    10  2006        0.00
    12    10  2006        0.39
    13    10  2006        0.39
    14    10  2006        0.40
    15    10  2006        0.79
    16    10  2006        0.20
    17    10  2006        1.18
    18    10  2006        0.40
    19    10  2006        0.62
    20    10  2006        0.00
    21    10  2006        0.00
    22    10  2006        0.00
    23    10  2006        0.00
    24    10  2006        0.00
    25    10  2006        1.97
    26    10  2006        0.79
    27    10  2006        1.58
    28    10  2006        1.77
    29    10  2006        0.40
    30    10  2006        0.00
    31    10  2006        0.20
     1    11  2006        0.20
     2    11  2006        0.00
     3    11  2006        0.00
     4    11  2006        0.00
     5    11  2006        0.00
     6    11  2006        0.00
     7    11  2006        0.00
     8    11  2006        0.00
     9    11  2006        0.00
    10    11  2006        0.00
    11    11  2006        0.00
    12    11  2006        0.00
    13    11  2006        0.00
    14    11  2006        0.00
    15    11  2006        0.00
    16    11  2006        0.00
    17    11  2006        0.59
    18    11  2006        0.39
    19    11  2006        0.39
    20    11  2006        0.00
    21    11  2006        0.00
    22    11  2006        0.00
    23    11  2006        0.00
    24    11  2006        0.00
    25    11  2006        0.00
    26    11  2006        0.00
    27    11  2006        0.00
    28    11  2006        0.00
    29    11  2006        0.00
    30    11  2006        0.00
     1    12  2006        0.00
     2    12  2006        0.00
     3    12  2006        0.00
     4    12  2006        0.00
     5    12  2006        0.00
     6    12  2006        0.00
     7    12  2006        0.00
     8    12  2006        0.39
     9    12  2006        0.78
    10    12  2006        0.20
    11    12  2006        1.58
    12    12  2006        0.60
    13    12  2006        2.36
    14    12  2006        0.59
    15    12  2006        0.79
    16    12  2006        0.20
    17    12  2006        0.79
    18    12  2006        0.98
    19    12  2006        0.20
    20    12  2006        0.39
    21    12  2006        0.79
    22    12  2006        0.20
    23    12  2006        1.76
    24    12  2006        0.00
    25    12  2006        0.20
    26    12  2006        0.42
    27    12  2006        0.00
    28    12  2006        0.20
    29    12  2006        0.00
    30    12  2006        0.00
    31    12  2006        0.00
     1     1  2007        0.20
     2     1  2007        0.00
     3     1  2007        0.00
     4     1  2007        0.00
     5     1  2007        0.00
     6     1  2007        0.00
     7     1  2007        0.00
     8     1  2007        0.00
     9     1  2007        0.00
    10     1  2007        0.00
    11     1  2007        0.00
    12     1  2007        0.00
    13     1  2007        0.00
    14     1  2007        0.00
    15     1  2007        0.00
    16     1  2007        0.00
    17     1  2007        0.00
