     1     1  2001        0.00
     2     1  2001        0.00
     3     1  2001        0.00
     4     1  2001        0.00
     5     1  2001        0.00
     6     1  2001        0.00
     7     1  2001        0.00
     8     1  2001        0.00
     9     1  2001        0.00
    10     1  2001        0.00
    11     1  2001        0.00
    12     1  2001        0.00
    13     1  2001        0.20
    14     1  2001        0.00
    15     1  2001        0.00
    16     1  2001        0.00
    17     1  2001        0.00
    18     1  2001        0.00
    19     1  2001        0.00
    20     1  2001        0.00
    21     1  2001        0.00
    22     1  2001        0.00
    23     1  2001        0.00
    24     1  2001        0.00
    25     1  2001        0.00
    26     1  2001        0.00
    27     1  2001        0.00
    28     1  2001        0.00
    29     1  2001        0.00
    30     1  2001        0.00
    31     1  2001        0.00
     1     2  2001        0.00
     2     2  2001        0.00
     3     2  2001        0.00
     4     2  2001        0.00
     5     2  2001        0.59
     6     2  2001        0.00
     7     2  2001        0.00
     8     2  2001        0.00
     9     2  2001        0.00
    10     2  2001        0.00
    11     2  2001        0.00
    12     2  2001        0.00
    13     2  2001        0.00
    14     2  2001        0.00
    15     2  2001        0.00
    16     2  2001        0.00
    17     2  2001        0.00
    18     2  2001        0.00
    19     2  2001        0.00
    20     2  2001        0.00
    21     2  2001        0.00
    22     2  2001        0.60
    23     2  2001        0.40
    24     2  2001        0.40
    25     2  2001        3.14
    26     2  2001        0.40
    27     2  2001        1.97
    28     2  2001        1.40
     1     3  2001        2.95
     2     3  2001        1.77
     3     3  2001        1.38
     4     3  2001        0.00
     5     3  2001        0.00
     6     3  2001        0.20
     7     3  2001        0.00
     8     3  2001        0.00
     9     3  2001        0.00
    10     3  2001        0.00
    11     3  2001        0.00
    12     3  2001        0.00
    13     3  2001        0.00
    14     3  2001        0.00
    15     3  2001        0.20
    16     3  2001        0.82
    17     3  2001        1.21
    18     3  2001        0.40
    19     3  2001        0.00
    20     3  2001        0.99
    21     3  2001        0.59
    22     3  2001        0.00
    23     3  2001        0.00
    24     3  2001        0.00
    25     3  2001        0.00
    26     3  2001        0.00
    27     3  2001        0.00
    28     3  2001        0.00
    29     3  2001        0.00
    30     3  2001        0.00
    31     3  2001        0.00
     1     4  2001        0.00
     2     4  2001        0.00
     3     4  2001        0.00
     4     4  2001        0.00
     5     4  2001        0.00
     6     4  2001        0.00
     7     4  2001        0.00
     8     4  2001        2.36
     9     4  2001        0.00
    10     4  2001        1.57
    11     4  2001        0.00
    12     4  2001        0.00
    13     4  2001        0.00
    14     4  2001        0.00
    15     4  2001        0.00
    16     4  2001        0.00
    17     4  2001        0.00
    18     4  2001        0.00
    19     4  2001        0.20
    20     4  2001        0.00
    21     4  2001        0.00
    22     4  2001        0.00
    23     4  2001        0.00
    24     4  2001        0.00
    25     4  2001        0.00
    26     4  2001        0.00
    27     4  2001        0.00
    28     4  2001        0.00
    29     4  2001        0.00
    30     4  2001        0.00
     1     5  2001        4.35
     2     5  2001        0.98
     3     5  2001        2.17
     4     5  2001        1.99
     5     5  2001        0.20
     6     5  2001        0.20
     7     5  2001        0.00
     8     5  2001        0.00
     9     5  2001        0.00
    10     5  2001        1.76
    11     5  2001        0.00
    12     5  2001        0.00
    13     5  2001        0.00
    14     5  2001        0.00
    15     5  2001        1.18
    16     5  2001        0.00
    17     5  2001        0.00
    18     5  2001        0.00
    19     5  2001        0.00
    20     5  2001        0.00
    21     5  2001        0.00
    22     5  2001        0.20
    23     5  2001        0.00
    24     5  2001        0.00
    25     5  2001        0.00
    26     5  2001        0.00
    27     5  2001        0.00
    28     5  2001        0.00
    29     5  2001        0.00
    30     5  2001        0.20
    31     5  2001        0.00
     1     6  2001        0.00
     2     6  2001        0.00
     3     6  2001        0.00
     4     6  2001        0.00
     5     6  2001        0.00
     6     6  2001        0.00
     7     6  2001        0.00
     8     6  2001        0.00
     9     6  2001        0.00
    10     6  2001        0.00
    11     6  2001        0.00
    12     6  2001        0.00
    13     6  2001        0.00
    14     6  2001        0.00
    15     6  2001        0.00
    16     6  2001        0.00
    17     6  2001        0.00
    18     6  2001        0.00
    19     6  2001        0.00
    20     6  2001        0.00
    21     6  2001        0.00
    22     6  2001        0.00
    23     6  2001        0.00
    24     6  2001        0.00
    25     6  2001        0.00
    26     6  2001        0.00
    27     6  2001        0.00
    28     6  2001        0.00
    29     6  2001        0.00
    30     6  2001        0.00
     1     7  2001        0.00
     2     7  2001        0.00
     3     7  2001        0.00
     4     7  2001        0.00
     5     7  2001        0.00
     6     7  2001        0.00
     7     7  2001        0.00
     8     7  2001        0.00
     9     7  2001        0.00
    10     7  2001        0.00
    11     7  2001        0.00
    12     7  2001        0.00
    13     7  2001        0.00
    14     7  2001        0.00
    15     7  2001        0.00
    16     7  2001        0.00
    17     7  2001        0.00
    18     7  2001        0.00
    19     7  2001        0.00
    20     7  2001        0.00
    21     7  2001        0.00
    22     7  2001        0.00
    23     7  2001        0.00
    24     7  2001        0.00
    25     7  2001        0.00
    26     7  2001        0.00
    27     7  2001        0.00
    28     7  2001        0.00
    29     7  2001        0.00
    30     7  2001        0.00
    31     7  2001        0.00
     1     8  2001        0.00
     2     8  2001        0.00
     3     8  2001        0.00
     4     8  2001        0.00
     5     8  2001        0.00
     6     8  2001        0.00
     7     8  2001        0.00
     8     8  2001        0.00
     9     8  2001        0.00
    10     8  2001        0.00
    11     8  2001        0.00
    12     8  2001        0.00
    13     8  2001        0.79
    14     8  2001        1.01
    15     8  2001        0.00
    16     8  2001        0.00
    17     8  2001        0.20
    18     8  2001        0.00
    19     8  2001        0.00
    20     8  2001        0.00
    21     8  2001        0.00
    22     8  2001        0.00
    23     8  2001        0.00
    24     8  2001        0.00
    25     8  2001        0.00
    26     8  2001        0.00
    27     8  2001        0.00
    28     8  2001        0.00
    29     8  2001        0.00
    30     8  2001        0.00
    31     8  2001        0.00
     1     9  2001        0.00
     2     9  2001        0.00
     3     9  2001        0.00
     4     9  2001        0.00
     5     9  2001        0.00
     6     9  2001        0.00
     7     9  2001        0.00
     8     9  2001        0.00
     9     9  2001        0.00
    10     9  2001        0.00
    11     9  2001        0.00
    12     9  2001        0.00
    13     9  2001        0.00
    14     9  2001        0.00
    15     9  2001        0.00
    16     9  2001        0.00
    17     9  2001        0.00
    18     9  2001        0.00
    19     9  2001        0.00
    20     9  2001        0.00
    21     9  2001        0.00
    22     9  2001        0.00
    23     9  2001        0.00
    24     9  2001        0.00
    25     9  2001        0.00
    26     9  2001        0.00
    27     9  2001        0.00
    28     9  2001        0.00
    29     9  2001        0.00
    30     9  2001        0.00
     1    10  2001        0.00
     2    10  2001        0.00
     3    10  2001        0.00
     4    10  2001        0.00
     5    10  2001        0.00
     6    10  2001        0.00
     7    10  2001        0.00
     8    10  2001        0.00
     9    10  2001        0.00
    10    10  2001        0.00
    11    10  2001        0.00
    12    10  2001        0.00
    13    10  2001        0.00
    14    10  2001        0.00
    15    10  2001        0.00
    16    10  2001        0.00
    17    10  2001        0.00
    18    10  2001        0.00
    19    10  2001        0.00
    20    10  2001        0.00
    21    10  2001        0.00
    22    10  2001        0.00
    23    10  2001        0.00
    24    10  2001        0.00
    25    10  2001        0.00
    26    10  2001        0.00
    27    10  2001        0.00
    28    10  2001        0.00
    29    10  2001        0.00
    30    10  2001        0.00
    31    10  2001        0.00
     1    11  2001        0.00
     2    11  2001        0.00
     3    11  2001        0.00
     4    11  2001        0.00
     5    11  2001        0.00
     6    11  2001        0.00
     7    11  2001        0.00
     8    11  2001        0.00
     9    11  2001        0.00
    10    11  2001        0.00
    11    11  2001        0.00
    12    11  2001        0.00
    13    11  2001        0.00
    14    11  2001        0.00
    15    11  2001        0.99
    16    11  2001        0.00
    17    11  2001        0.00
    18    11  2001        0.00
    19    11  2001        0.00
    20    11  2001        0.00
    21    11  2001        0.20
    22    11  2001        0.00
    23    11  2001        0.00
    24    11  2001        0.00
    25    11  2001        0.00
    26    11  2001        0.00
    27    11  2001        0.00
    28    11  2001        0.00
    29    11  2001        0.00
    30    11  2001        0.00
     1    12  2001        0.00
     2    12  2001        0.00
     3    12  2001        0.00
     4    12  2001        0.00
     5    12  2001        0.00
     6    12  2001        0.00
     7    12  2001        0.00
     8    12  2001        0.00
     9    12  2001        0.00
    10    12  2001        0.00
    11    12  2001        0.00
    12    12  2001        0.00
    13    12  2001        0.00
    14    12  2001        0.00
    15    12  2001        0.00
    16    12  2001        0.00
    17    12  2001        0.00
    18    12  2001        0.00
    19    12  2001        0.00
    20    12  2001        0.00
    21    12  2001        0.00
    22    12  2001        0.00
    23    12  2001        0.00
    24    12  2001        0.00
    25    12  2001        0.00
    26    12  2001        0.00
    27    12  2001        0.00
    28    12  2001        0.00
    29    12  2001        0.00
    30    12  2001        0.00
    31    12  2001        0.00
     1     1  2002        0.00
     2     1  2002        0.00
     3     1  2002        0.00
     4     1  2002        0.00
     5     1  2002        0.00
     6     1  2002        0.00
     7     1  2002        0.00
     8     1  2002        0.00
     9     1  2002        0.00
    10     1  2002        0.00
    11     1  2002        0.00
    12     1  2002        0.00
    13     1  2002        0.00
    14     1  2002        0.00
    15     1  2002        0.00
    16     1  2002        0.00
    17     1  2002        0.00
    18     1  2002        0.00
    19     1  2002        0.00
    20     1  2002        0.00
    21     1  2002        0.00
    22     1  2002        0.00
    23     1  2002        0.00
    24     1  2002        0.00
    25     1  2002        0.00
    26     1  2002        0.00
    27     1  2002        0.00
    28     1  2002        0.00
    29     1  2002        0.00
    30     1  2002        0.00
    31     1  2002        0.00
     1     2  2002        0.00
     2     2  2002        0.00
     3     2  2002        0.00
     4     2  2002        0.00
     5     2  2002        0.00
     6     2  2002        0.00
     7     2  2002        0.00
     8     2  2002        0.00
     9     2  2002        0.00
    10     2  2002        0.00
    11     2  2002        0.00
    12     2  2002        0.00
    13     2  2002        0.00
    14     2  2002        0.00
    15     2  2002        0.00
    16     2  2002        0.00
    17     2  2002        0.00
    18     2  2002        0.00
    19     2  2002        0.00
    20     2  2002        0.00
    21     2  2002        0.00
    22     2  2002        0.00
    23     2  2002        0.00
    24     2  2002        0.00
    25     2  2002        0.00
    26     2  2002        0.00
    27     2  2002        0.00
    28     2  2002        1.38
     1     3  2002       22.42
     2     3  2002        0.99
     3     3  2002        0.00
     4     3  2002        0.00
     5     3  2002        0.00
     6     3  2002        0.00
     7     3  2002        0.00
     8     3  2002        0.00
     9     3  2002        0.00
    10     3  2002        0.00
    11     3  2002        0.00
    12     3  2002        0.00
    13     3  2002        0.00
    14     3  2002        0.00
    15     3  2002        0.00
    16     3  2002        0.00
    17     3  2002        0.00
    18     3  2002        0.00
    19     3  2002        0.00
    20     3  2002        0.00
    21     3  2002        0.00
    22     3  2002        0.00
    23     3  2002        0.00
    24     3  2002        0.00
    25     3  2002        0.00
    26     3  2002        0.00
    27     3  2002        0.00
    28     3  2002        0.00
    29     3  2002        0.00
    30     3  2002        0.00
    31     3  2002        0.00
     1     4  2002        0.00
     2     4  2002        0.00
     3     4  2002        0.00
     4     4  2002        0.00
     5     4  2002        0.00
     6     4  2002        0.00
     7     4  2002        0.00
     8     4  2002        0.00
     9     4  2002        0.00
    10     4  2002        0.00
    11     4  2002        1.38
    12     4  2002        0.00
    13     4  2002        0.00
    14     4  2002        0.40
    15     4  2002        0.00
    16     4  2002        0.00
    17     4  2002        0.00
    18     4  2002        0.00
    19     4  2002        0.39
    20     4  2002        1.58
    21     4  2002        0.20
    22     4  2002        0.00
    23     4  2002        0.20
    24     4  2002        0.79
    25     4  2002        0.00
    26     4  2002        0.79
    27     4  2002        0.59
    28     4  2002        0.20
    29     4  2002        0.00
    30     4  2002        3.73
     1     5  2002        3.17
     2     5  2002        2.16
     3     5  2002        1.38
     4     5  2002        1.38
     5     5  2002        1.40
     6     5  2002        9.44
     7     5  2002        0.60
     8     5  2002        2.56
     9     5  2002        3.14
    10     5  2002        5.31
    11     5  2002        1.21
    12     5  2002        0.99
    13     5  2002        0.62
    14     5  2002        0.40
    15     5  2002        0.80
    16     5  2002        0.00
    17     5  2002        0.40
    18     5  2002        0.00
    19     5  2002        0.00
    20     5  2002        0.00
    21     5  2002        0.00
    22     5  2002        1.76
    23     5  2002        1.18
    24     5  2002        0.62
    25     5  2002        1.97
    26     5  2002        1.41
    27     5  2002        0.59
    28     5  2002        1.18
    29     5  2002        1.18
    30     5  2002        2.57
    31     5  2002        2.37
     1     6  2002        0.00
     2     6  2002        0.59
     3     6  2002        0.00
     4     6  2002        4.33
     5     6  2002        0.00
     6     6  2002        0.59
     7     6  2002        0.20
     8     6  2002        5.90
     9     6  2002       15.65
    10     6  2002        0.00
    11     6  2002        0.00
    12     6  2002        0.00
    13     6  2002        0.00
    14     6  2002        0.00
    15     6  2002        0.00
    16     6  2002        0.20
    17     6  2002        0.00
    18     6  2002        0.20
    19     6  2002        0.00
    20     6  2002        0.00
    21     6  2002        0.79
    22     6  2002        0.00
    23     6  2002        0.00
    24     6  2002        0.00
    25     6  2002        0.00
    26     6  2002        0.00
    27     6  2002        0.20
    28     6  2002        0.00
    29     6  2002        0.00
    30     6  2002        0.00
     1     7  2002        0.00
     2     7  2002        3.75
     3     7  2002        0.00
     4     7  2002        0.39
     5     7  2002        0.20
     6     7  2002        0.00
     7     7  2002        0.00
     8     7  2002        0.00
     9     7  2002        0.00
    10     7  2002        0.00
    11     7  2002        0.00
    12     7  2002        0.00
    13     7  2002        0.00
    14     7  2002        0.00
    15     7  2002        1.37
    16     7  2002        0.00
    17     7  2002        0.00
    18     7  2002        0.79
    19     7  2002        1.77
    20     7  2002        3.74
    21     7  2002        2.36
    22     7  2002        4.54
    23     7  2002        0.82
    24     7  2002        0.40
    25     7  2002        0.00
    26     7  2002        0.00
    27     7  2002        1.40
    28     7  2002        9.64
    29     7  2002        2.58
    30     7  2002        2.17
    31     7  2002        9.45
     1     8  2002        3.75
     2     8  2002        2.55
     3     8  2002        7.47
     4     8  2002        2.57
     5     8  2002        1.22
     6     8  2002        6.30
     7     8  2002        0.78
     8     8  2002        0.40
     9     8  2002        0.00
    10     8  2002        0.98
    11     8  2002        0.59
    12     8  2002        3.93
    13     8  2002        9.50
    14     8  2002        2.96
    15     8  2002       11.29
    16     8  2002        5.93
    17     8  2002        4.33
    18     8  2002        4.93
    19     8  2002        5.51
    20     8  2002        0.20
    21     8  2002        0.00
    22     8  2002        0.00
    23     8  2002        0.20
    24     8  2002        5.10
    25     8  2002        2.19
    26     8  2002        7.86
    27     8  2002        6.09
    28     8  2002        3.15
    29     8  2002        2.17
    30     8  2002        1.77
    31     8  2002        0.39
     1     9  2002        1.58
     2     9  2002        0.00
     3     9  2002        0.80
     4     9  2002        1.96
     5     9  2002        0.20
     6     9  2002        3.94
     7     9  2002        0.79
     8     9  2002        4.92
     9     9  2002        0.39
    10     9  2002        0.00
    11     9  2002        2.56
    12     9  2002        1.21
    13     9  2002        0.00
    14     9  2002        0.00
    15     9  2002        3.54
    16     9  2002        7.66
    17     9  2002        1.38
    18     9  2002        0.82
    19     9  2002        0.98
    20     9  2002        3.74
    21     9  2002       12.98
    22     9  2002        9.04
    23     9  2002        1.18
    24     9  2002        2.76
    25     9  2002        0.40
    26     9  2002        2.95
    27     9  2002        5.11
    28     9  2002        2.16
    29     9  2002        0.79
    30     9  2002        0.59
     1    10  2002        2.76
     2    10  2002        1.22
     3    10  2002        3.33
     4    10  2002        4.72
     5    10  2002        4.53
     6    10  2002        2.36
     7    10  2002        3.14
     8    10  2002        0.20
     9    10  2002        0.20
    10    10  2002        1.19
    11    10  2002        0.40
    12    10  2002        1.41
    13    10  2002        1.97
    14    10  2002        3.74
    15    10  2002        5.13
    16    10  2002        6.50
    17    10  2002       11.61
    18    10  2002        1.78
    19    10  2002        0.20
    20    10  2002        8.86
    21    10  2002        0.99
    22    10  2002        0.80
    23    10  2002        0.00
    24    10  2002        5.71
    25    10  2002        1.37
    26    10  2002        0.00
    27    10  2002        0.20
    28    10  2002        0.99
    29    10  2002        0.00
    30    10  2002        0.42
    31    10  2002        0.00
     1    11  2002        0.00
     2    11  2002        0.00
     3    11  2002        0.60
     4    11  2002        0.00
     5    11  2002        0.40
     6    11  2002        0.00
     7    11  2002        0.62
     8    11  2002        0.00
     9    11  2002        0.39
    10    11  2002        0.20
    11    11  2002        0.20
    12    11  2002        0.20
    13    11  2002        0.00
    14    11  2002        0.20
    15    11  2002        0.00
    16    11  2002        0.20
    17    11  2002        0.00
    18    11  2002        0.00
    19    11  2002        0.00
    20    11  2002        0.00
    21    11  2002        0.00
    22    11  2002        0.00
    23    11  2002        0.00
    24    11  2002        0.00
    25    11  2002        0.00
    26    11  2002        0.00
    27    11  2002        0.00
    28    11  2002        0.00
    29    11  2002        0.00
    30    11  2002        0.00
     1    12  2002        0.00
     2    12  2002        0.62
     3    12  2002        0.20
     4    12  2002        0.00
     5    12  2002        0.00
     6    12  2002        0.00
     7    12  2002        0.00
     8    12  2002        0.00
     9    12  2002        0.00
    10    12  2002        0.00
    11    12  2002        0.00
    12    12  2002        0.00
    13    12  2002        0.20
    14    12  2002        0.62
    15    12  2002        0.00
    16    12  2002        0.00
    17    12  2002        0.00
    18    12  2002        0.00
    19    12  2002        0.00
    20    12  2002        0.00
    21    12  2002        0.20
    22    12  2002        0.00
    23    12  2002        0.79
    24    12  2002        0.42
    25    12  2002        0.00
    26    12  2002        0.00
    27    12  2002        0.00
    28    12  2002        0.00
    29    12  2002        0.00
    30    12  2002        0.40
    31    12  2002        0.20
     1     1  2003        0.00
     2     1  2003        0.20
     3     1  2003        0.00
     4     1  2003        0.98
     5     1  2003        0.99
     6     1  2003        3.95
     7     1  2003        0.20
     8     1  2003        0.20
     9     1  2003        0.00
    10     1  2003        0.20
    11     1  2003        0.00
    12     1  2003        0.60
    13     1  2003        2.16
    14     1  2003        0.20
    15     1  2003        1.57
    16     1  2003        0.00
    17     1  2003        0.00
    18     1  2003        0.60
    19     1  2003        0.00
    20     1  2003        2.76
    21     1  2003        4.53
    22     1  2003        2.36
    23     1  2003        0.00
    24     1  2003        0.42
    25     1  2003        0.00
    26     1  2003        0.40
    27     1  2003        0.20
    28     1  2003        0.00
    29     1  2003        0.00
    30     1  2003        0.00
    31     1  2003        0.00
     1     2  2003        2.19
     2     2  2003       12.80
     3     2  2003        1.97
     4     2  2003        0.00
     5     2  2003        0.20
     6     2  2003        0.00
     7     2  2003        0.00
     8     2  2003        0.00
     9     2  2003        0.00
    10     2  2003        0.00
    11     2  2003        0.00
    12     2  2003        0.00
    13     2  2003        0.00
    14     2  2003        0.00
    15     2  2003        0.00
    16     2  2003        0.00
    17     2  2003        0.00
    18     2  2003        0.00
    19     2  2003        0.00
    20     2  2003        0.00
    21     2  2003        0.00
    22     2  2003        0.00
    23     2  2003        0.20
    24     2  2003        3.16
    25     2  2003        1.38
    26     2  2003        0.00
    27     2  2003        0.00
    28     2  2003        0.39
     1     3  2003        0.00
     2     3  2003        0.00
     3     3  2003        0.00
     4     3  2003        0.00
     5     3  2003        0.00
     6     3  2003        0.00
     7     3  2003        0.00
     8     3  2003        0.00
     9     3  2003        0.00
    10     3  2003        0.00
    11     3  2003        0.00
    12     3  2003        0.00
    13     3  2003        0.00
    14     3  2003        0.00
    15     3  2003        0.00
    16     3  2003        0.00
    17     3  2003        0.00
    18     3  2003        0.00
    19     3  2003        0.00
    20     3  2003        0.00
    21     3  2003        0.00
    22     3  2003        0.00
    23     3  2003        0.00
    24     3  2003        0.00
    25     3  2003        0.00
    26     3  2003        0.00
    27     3  2003        0.00
    28     3  2003        0.00
    29     3  2003        0.00
    30     3  2003        0.00
    31     3  2003        0.00
     1     4  2003        0.00
     2     4  2003        0.20
     3     4  2003        1.97
     4     4  2003        1.77
     5     4  2003        2.94
     6     4  2003        0.40
     7     4  2003        0.00
     8     4  2003        0.00
     9     4  2003        0.00
    10     4  2003        0.59
    11     4  2003        0.00
    12     4  2003        0.00
    13     4  2003        0.00
    14     4  2003        0.00
    15     4  2003        0.00
    16     4  2003        0.00
    17     4  2003        0.00
    18     4  2003        0.00
    19     4  2003        0.00
    20     4  2003        1.40
    21     4  2003        0.00
    22     4  2003        0.99
    23     4  2003        0.42
    24     4  2003        0.59
    25     4  2003        1.38
    26     4  2003        0.20
    27     4  2003        0.00
    28     4  2003        0.00
    29     4  2003        0.00
    30     4  2003        0.00
     1     5  2003        0.00
     2     5  2003        0.00
     3     5  2003        3.14
     4     5  2003        0.00
     5     5  2003        0.59
     6     5  2003        0.39
     7     5  2003        1.99
     8     5  2003        0.00
     9     5  2003        1.57
    10     5  2003        0.00
    11     5  2003        0.00
    12     5  2003        0.00
    13     5  2003        0.00
    14     5  2003        0.00
    15     5  2003        0.20
    16     5  2003        0.00
    17     5  2003        0.00
    18     5  2003        0.59
    19     5  2003        0.20
    20     5  2003        0.00
    21     5  2003        0.00
    22     5  2003        0.00
    23     5  2003        0.00
    24     5  2003        1.21
    25     5  2003        1.40
    26     5  2003        0.40
    27     5  2003        0.20
    28     5  2003        1.60
    29     5  2003        0.20
    30     5  2003        0.99
    31     5  2003        0.00
     1     6  2003        0.00
     2     6  2003        0.00
     3     6  2003        0.00
     4     6  2003        0.00
     5     6  2003        0.00
     6     6  2003        0.00
     7     6  2003        0.00
     8     6  2003        1.38
     9     6  2003        0.39
    10     6  2003        0.00
    11     6  2003        1.18
    12     6  2003        0.00
    13     6  2003        0.00
    14     6  2003        0.00
    15     6  2003        0.00
    16     6  2003        0.00
    17     6  2003        0.79
    18     6  2003        0.00
    19     6  2003        0.59
    20     6  2003        0.00
    21     6  2003        0.00
    22     6  2003        0.00
    23     6  2003        0.00
    24     6  2003        0.00
    25     6  2003        0.00
    26     6  2003        0.00
    27     6  2003        0.00
    28     6  2003        0.00
    29     6  2003        0.00
    30     6  2003        2.56
     1     7  2003        0.00
     2     7  2003        0.00
     3     7  2003        0.00
     4     7  2003        0.20
     5     7  2003        0.20
     6     7  2003        0.20
     7     7  2003        0.00
     8     7  2003        0.00
     9     7  2003        0.00
    10     7  2003        0.42
    11     7  2003        1.80
    12     7  2003        0.80
    13     7  2003        1.18
    14     7  2003        0.59
    15     7  2003        0.59
    16     7  2003        0.00
    17     7  2003        0.00
    18     7  2003        0.00
    19     7  2003        0.00
    20     7  2003        0.20
    21     7  2003        0.20
    22     7  2003        0.00
    23     7  2003        0.00
    24     7  2003        1.77
    25     7  2003        0.00
    26     7  2003        0.00
    27     7  2003        0.00
    28     7  2003        0.20
    29     7  2003        0.39
    30     7  2003        0.00
    31     7  2003        1.97
     1     8  2003        0.00
     2     8  2003        0.00
     3     8  2003        0.00
     4     8  2003        0.20
     5     8  2003        0.00
     6     8  2003        0.00
     7     8  2003        0.00
     8     8  2003        0.00
     9     8  2003        0.00
    10     8  2003        0.00
    11     8  2003        0.00
    12     8  2003        0.00
    13     8  2003        0.00
    14     8  2003        0.00
    15     8  2003        0.00
    16     8  2003        0.00
    17     8  2003        0.00
    18     8  2003        0.00
    19     8  2003        0.00
    20     8  2003        0.00
    21     8  2003        0.00
    22     8  2003        0.00
    23     8  2003        0.00
    24     8  2003        0.98
    25     8  2003        2.56
    26     8  2003        1.18
    27     8  2003        0.00
    28     8  2003        0.00
    29     8  2003        0.00
    30     8  2003        0.00
    31     8  2003        0.00
     1     9  2003        0.00
     2     9  2003        0.00
     3     9  2003        0.20
     4     9  2003        0.00
     5     9  2003        0.00
     6     9  2003        0.20
     7     9  2003        0.00
     8     9  2003        0.00
     9     9  2003        0.00
    10     9  2003        0.00
    11     9  2003        0.00
    12     9  2003        0.00
    13     9  2003        0.00
    14     9  2003        0.00
    15     9  2003        0.00
    16     9  2003        0.20
    17     9  2003        0.00
    18     9  2003        0.00
    19     9  2003        0.42
    20     9  2003        0.00
    21     9  2003        0.00
    22     9  2003        0.00
    23     9  2003        0.00
    24     9  2003        0.00
    25     9  2003        0.00
    26     9  2003        7.27
    27     9  2003        4.54
    28     9  2003        6.52
    29     9  2003        0.79
    30     9  2003        0.00
     1    10  2003        0.00
     2    10  2003        0.00
     3    10  2003        0.00
     4    10  2003        0.00
     5    10  2003        0.00
     6    10  2003        0.20
     7    10  2003        0.42
     8    10  2003        0.00
     9    10  2003        0.00
    10    10  2003        0.00
    11    10  2003        0.00
    12    10  2003        0.00
    13    10  2003        0.00
    14    10  2003        0.00
    15    10  2003        0.00
    16    10  2003        0.00
    17    10  2003        0.00
    18    10  2003        0.20
    19    10  2003        0.00
    20    10  2003        0.00
    21    10  2003        0.00
    22    10  2003        0.00
    23    10  2003        0.00
    24    10  2003        0.00
    25    10  2003        0.00
    26    10  2003        0.00
    27    10  2003        0.00
    28    10  2003        0.00
    29    10  2003        0.00
    30    10  2003        0.00
    31    10  2003        0.00
     1    11  2003        0.00
     2    11  2003        0.00
     3    11  2003        0.00
     4    11  2003        0.20
     5    11  2003        0.00
     6    11  2003        2.19
     7    11  2003        4.33
     8    11  2003        2.39
     9    11  2003        4.13
    10    11  2003        1.38
    11    11  2003        0.00
    12    11  2003        0.20
    13    11  2003        0.39
    14    11  2003        0.00
    15    11  2003        0.00
    16    11  2003        0.00
    17    11  2003        0.00
    18    11  2003        0.99
    19    11  2003        1.58
    20    11  2003        0.20
    21    11  2003        0.39
    22    11  2003        0.20
    23    11  2003        0.00
    24    11  2003        0.00
    25    11  2003        0.00
    26    11  2003        0.00
    27    11  2003        0.00
    28    11  2003        0.00
    29    11  2003        0.00
    30    11  2003        0.00
     1    12  2003        0.00
     2    12  2003        0.00
     3    12  2003        0.00
     4    12  2003        0.00
     5    12  2003        0.59
     6    12  2003        0.00
     7    12  2003        0.00
     8    12  2003        0.00
     9    12  2003        0.20
    10    12  2003        0.00
    11    12  2003        0.00
    12    12  2003        0.00
    13    12  2003        0.00
    14    12  2003        0.00
    15    12  2003        0.00
    16    12  2003        0.00
    17    12  2003        0.00
    18    12  2003        0.00
    19    12  2003        0.00
    20    12  2003        0.00
    21    12  2003        0.00
    22    12  2003        0.00
    23    12  2003        0.00
    24    12  2003        0.00
    25    12  2003        0.00
    26    12  2003        0.82
    27    12  2003        0.80
    28    12  2003        0.82
    29    12  2003        0.20
    30    12  2003        1.01
    31    12  2003        0.00
     1     1  2004        1.38
     2     1  2004        0.00
     3     1  2004        2.36
     4     1  2004        1.02
     5     1  2004        0.60
     6     1  2004        2.36
     7     1  2004        0.62
     8     1  2004        0.00
     9     1  2004        0.20
    10     1  2004        0.59
    11     1  2004        0.00
    12     1  2004        0.20
    13     1  2004        0.00
    14     1  2004        0.00
    15     1  2004        0.00
    16     1  2004        0.00
    17     1  2004        0.00
    18     1  2004        0.00
    19     1  2004        0.00
    20     1  2004        0.00
    21     1  2004        0.00
    22     1  2004        0.00
    23     1  2004        3.94
    24     1  2004        1.18
    25     1  2004        0.00
    26     1  2004        0.00
    27     1  2004        0.59
    28     1  2004        0.59
    29     1  2004        3.94
    30     1  2004        0.20
    31     1  2004        0.00
     1     2  2004        0.20
     2     2  2004        0.00
     3     2  2004        0.20
     4     2  2004        0.00
     5     2  2004        0.00
     6     2  2004        0.60
     7     2  2004        0.20
     8     2  2004        0.00
     9     2  2004        0.00
    10     2  2004        0.00
    11     2  2004        0.00
    12     2  2004        0.00
    13     2  2004        0.00
    14     2  2004        0.00
    15     2  2004        0.00
    16     2  2004        0.20
    17     2  2004        0.00
    18     2  2004        0.59
    19     2  2004        1.77
    20     2  2004        0.00
    21     2  2004        0.00
    22     2  2004        0.00
    23     2  2004        0.00
    24     2  2004        0.00
    25     2  2004        0.00
    26     2  2004        0.00
    27     2  2004        1.58
    28     2  2004        2.15
    29     2  2004        0.79
     1     3  2004        0.00
     2     3  2004        0.79
     3     3  2004        0.00
     4     3  2004        0.00
     5     3  2004        0.79
     6     3  2004        0.39
     7     3  2004        0.00
     8     3  2004        0.82
     9     3  2004        0.00
    10     3  2004        1.38
    11     3  2004        3.92
    12     3  2004        1.38
    13     3  2004        1.18
    14     3  2004        6.09
    15     3  2004        0.39
    16     3  2004        2.55
    17     3  2004        0.40
    18     3  2004        0.99
    19     3  2004        0.82
    20     3  2004        0.40
    21     3  2004        2.95
    22     3  2004        4.52
    23     3  2004        2.95
    24     3  2004        0.00
    25     3  2004        0.00
    26     3  2004        0.20
    27     3  2004        1.58
    28     3  2004        0.20
    29     3  2004        0.40
    30     3  2004        0.20
    31     3  2004        0.20
     1     4  2004        0.00
     2     4  2004        0.00
     3     4  2004        0.00
     4     4  2004        0.00
     5     4  2004        0.00
     6     4  2004        0.20
     7     4  2004        0.00
     8     4  2004        0.00
     9     4  2004        0.00
    10     4  2004        0.00
    11     4  2004        0.00
    12     4  2004        0.00
    13     4  2004        0.00
    14     4  2004        0.00
    15     4  2004        0.00
    16     4  2004        0.00
    17     4  2004        0.00
    18     4  2004        0.00
    19     4  2004        0.00
    20     4  2004        0.00
    21     4  2004        0.00
    22     4  2004        0.00
    23     4  2004        0.00
    24     4  2004        0.00
    25     4  2004        0.00
    26     4  2004        0.00
    27     4  2004        0.78
    28     4  2004        0.00
    29     4  2004        0.00
    30     4  2004        0.00
     1     5  2004        2.00
     2     5  2004        0.20
     3     5  2004        0.98
     4     5  2004        0.00
     5     5  2004        0.20
     6     5  2004        0.00
     7     5  2004        0.00
     8     5  2004        0.00
     9     5  2004        0.79
    10     5  2004        0.20
    11     5  2004        0.60
    12     5  2004        0.59
    13     5  2004        1.60
    14     5  2004        5.89
    15     5  2004        0.20
    16     5  2004        1.59
    17     5  2004        7.87
    18     5  2004        2.75
    19     5  2004        5.11
    20     5  2004        1.39
    21     5  2004        2.95
    22     5  2004        1.98
    23     5  2004        0.40
    24     5  2004        2.16
    25     5  2004        0.00
    26     5  2004        0.00
    27     5  2004        0.00
    28     5  2004        0.00
    29     5  2004        0.00
    30     5  2004        0.00
    31     5  2004        0.00
     1     6  2004        0.00
     2     6  2004        0.39
     3     6  2004        0.20
     4     6  2004        0.20
     5     6  2004        2.35
     6     6  2004        0.00
     7     6  2004        0.00
     8     6  2004        0.20
     9     6  2004        0.40
    10     6  2004        0.00
    11     6  2004        0.00
    12     6  2004        0.00
    13     6  2004        0.00
    14     6  2004        0.00
    15     6  2004        0.00
    16     6  2004        0.00
    17     6  2004        0.00
    18     6  2004        0.00
    19     6  2004        0.00
    20     6  2004        0.00
    21     6  2004        0.20
    22     6  2004        0.62
    23     6  2004        0.00
    24     6  2004        0.40
    25     6  2004        0.20
    26     6  2004        0.20
    27     6  2004        0.42
    28     6  2004        1.60
    29     6  2004        2.17
    30     6  2004        2.76
     1     7  2004        1.19
     2     7  2004        0.20
     3     7  2004        0.59
     4     7  2004        0.99
     5     7  2004        0.60
     6     7  2004        0.20
     7     7  2004        0.00
     8     7  2004        0.20
     9     7  2004        0.00
    10     7  2004        0.00
    11     7  2004        0.00
    12     7  2004        0.59
    13     7  2004        1.18
    14     7  2004        0.20
    15     7  2004        0.20
    16     7  2004        1.97
    17     7  2004        0.20
    18     7  2004        0.79
    19     7  2004        0.20
    20     7  2004        1.77
    21     7  2004        2.36
    22     7  2004        0.00
    23     7  2004        0.20
    24     7  2004        0.20
    25     7  2004        1.18
    26     7  2004        0.00
    27     7  2004        0.98
    28     7  2004        0.20
    29     7  2004        0.00
    30     7  2004        0.00
    31     7  2004        0.00
     1     8  2004        0.00
     2     8  2004        0.00
     3     8  2004        0.00
     4     8  2004        2.76
     5     8  2004        1.18
     6     8  2004        0.00
     7     8  2004        0.20
     8     8  2004        0.00
     9     8  2004        0.00
    10     8  2004        0.00
    11     8  2004        0.20
    12     8  2004        0.59
    13     8  2004        0.00
    14     8  2004        0.42
    15     8  2004        0.00
    16     8  2004        0.40
    17     8  2004        1.38
    18     8  2004        0.20
    19     8  2004        0.98
    20     8  2004        0.00
    21     8  2004        0.20
    22     8  2004        0.00
    23     8  2004        0.00
    24     8  2004        0.00
    25     8  2004        0.00
    26     8  2004        0.00
    27     8  2004        0.20
    28     8  2004        0.00
    29     8  2004        0.00
    30     8  2004        0.00
    31     8  2004        0.00
     1     9  2004        0.00
     2     9  2004        0.00
     3     9  2004        0.00
     4     9  2004        0.00
     5     9  2004        0.00
     6     9  2004        0.00
     7     9  2004        0.00
     8     9  2004        0.00
     9     9  2004        0.00
    10     9  2004        0.00
    11     9  2004        0.00
    12     9  2004        0.00
    13     9  2004        0.00
    14     9  2004        0.20
    15     9  2004        0.39
    16     9  2004        0.00
    17     9  2004        0.00
    18     9  2004        0.00
    19     9  2004        0.00
    20     9  2004        0.00
    21     9  2004        0.00
    22     9  2004        0.00
    23     9  2004        0.00
    24     9  2004        0.00
    25     9  2004        0.00
    26     9  2004        0.00
    27     9  2004        0.00
    28     9  2004        0.00
    29     9  2004        0.00
    30     9  2004        0.00
     1    10  2004        0.00
     2    10  2004        0.00
     3    10  2004        0.00
     4    10  2004        0.00
     5    10  2004        0.00
     6    10  2004        0.00
     7    10  2004        0.60
     8    10  2004        0.99
     9    10  2004        0.00
    10    10  2004        0.62
    11    10  2004        0.00
    12    10  2004        0.00
    13    10  2004        0.20
    14    10  2004        0.00
    15    10  2004        0.20
    16    10  2004        0.00
    17    10  2004        0.00
    18    10  2004        0.00
    19    10  2004        0.00
    20    10  2004        0.00
    21    10  2004        0.00
    22    10  2004        0.00
    23    10  2004        0.00
    24    10  2004        1.18
    25    10  2004        0.00
    26    10  2004        0.00
    27    10  2004        0.20
    28    10  2004        0.00
    29    10  2004        0.00
    30    10  2004        0.99
    31    10  2004        0.00
     1    11  2004        0.00
     2    11  2004        0.00
     3    11  2004        0.20
     4    11  2004        0.59
     5    11  2004        0.00
     6    11  2004        0.42
     7    11  2004        0.00
     8    11  2004        0.20
     9    11  2004        0.79
    10    11  2004        1.21
    11    11  2004        1.18
    12    11  2004        0.20
    13    11  2004        0.20
    14    11  2004        0.20
    15    11  2004        0.42
    16    11  2004        0.00
    17    11  2004        1.18
    18    11  2004        2.96
    19    11  2004        0.99
    20    11  2004        0.99
    21    11  2004        0.40
    22    11  2004        3.55
    23    11  2004        1.39
    24    11  2004        0.99
    25    11  2004        0.59
    26    11  2004        0.20
    27    11  2004        0.00
    28    11  2004        0.20
    29    11  2004        2.56
    30    11  2004        0.00
     1    12  2004        0.00
     2    12  2004        0.00
     3    12  2004        0.60
     4    12  2004        0.00
     5    12  2004        6.88
     6    12  2004        0.00
     7    12  2004        0.00
     8    12  2004        0.00
     9    12  2004        0.00
    10    12  2004        0.00
    11    12  2004        0.00
    12    12  2004        0.00
    13    12  2004        0.00
    14    12  2004        0.00
    15    12  2004        0.00
    16    12  2004        0.00
    17    12  2004        0.00
    18    12  2004        0.00
    19    12  2004        0.00
    20    12  2004        0.00
    21    12  2004        0.00
    22    12  2004        0.00
    23    12  2004        0.00
    24    12  2004        0.20
    25    12  2004        0.00
    26    12  2004        0.00
    27    12  2004        1.38
    28    12  2004        1.02
    29    12  2004        1.02
    30    12  2004        0.59
    31    12  2004       14.98
     1     1  2005        8.66
     2     1  2005        4.14
     3     1  2005        1.40
     4     1  2005        1.38
     5     1  2005        4.52
     6     1  2005        0.40
     7     1  2005        0.20
     8     1  2005        3.35
     9     1  2005        4.55
    10     1  2005        7.08
    11     1  2005        4.52
    12     1  2005        3.16
    13     1  2005        0.82
    14     1  2005        0.00
    15     1  2005        0.00
    16     1  2005        0.00
    17     1  2005        0.20
    18     1  2005        0.20
    19     1  2005        0.59
    20     1  2005        0.00
    21     1  2005        0.82
    22     1  2005        2.55
    23     1  2005        0.40
    24     1  2005        0.00
    25     1  2005        0.00
    26     1  2005        0.20
    27     1  2005        0.00
    28     1  2005        0.00
    29     1  2005        0.00
    30     1  2005        0.00
    31     1  2005        0.00
     1     2  2005        0.00
     2     2  2005        0.00
     3     2  2005        0.00
     4     2  2005        0.79
     5     2  2005        0.00
     6     2  2005        0.00
     7     2  2005        0.00
     8     2  2005        0.00
     9     2  2005        0.20
    10     2  2005        0.00
    11     2  2005        0.00
    12     2  2005        0.00
    13     2  2005        0.20
    14     2  2005        0.20
    15     2  2005        1.19
    16     2  2005        3.73
    17     2  2005        4.13
    18     2  2005        1.58
    19     2  2005        1.98
    20     2  2005        0.00
    21     2  2005        0.00
    22     2  2005        0.00
    23     2  2005        0.20
    24     2  2005        1.19
    25     2  2005        0.60
    26     2  2005        0.00
    27     2  2005        1.97
    28     2  2005        1.98
     1     3  2005        0.00
     2     3  2005        0.00
     3     3  2005        0.00
     4     3  2005        0.20
     5     3  2005        0.00
     6     3  2005        1.18
     7     3  2005        0.00
     8     3  2005        1.38
     9     3  2005        0.00
    10     3  2005        0.00
    11     3  2005        0.39
    12     3  2005        0.00
    13     3  2005        0.00
    14     3  2005        0.00
    15     3  2005        0.00
    16     3  2005        0.00
    17     3  2005        0.20
    18     3  2005        0.20
    19     3  2005        0.79
    20     3  2005        1.97
    21     3  2005        0.00
    22     3  2005        0.20
    23     3  2005        0.59
    24     3  2005        0.99
    25     3  2005        1.77
    26     3  2005        0.20
    27     3  2005        1.57
    28     3  2005        0.79
    29     3  2005        0.59
    30     3  2005        1.57
    31     3  2005        1.77
     1     4  2005        0.00
     2     4  2005        1.19
     3     4  2005        1.99
     4     4  2005        0.20
     5     4  2005        0.00
     6     4  2005        0.79
     7     4  2005        0.20
     8     4  2005        0.82
     9     4  2005        0.98
    10     4  2005        0.40
    11     4  2005        0.00
    12     4  2005        1.19
    13     4  2005        0.20
    14     4  2005        0.60
    15     4  2005        1.78
    16     4  2005        1.18
    17     4  2005        2.56
    18     4  2005        3.14
    19     4  2005        0.79
    20     4  2005        0.42
    21     4  2005        0.79
    22     4  2005        0.20
    23     4  2005        0.00
    24     4  2005        0.99
    25     4  2005        0.98
    26     4  2005        3.55
    27     4  2005        0.99
    28     4  2005        0.00
    29     4  2005        2.94
    30     4  2005        0.20
     1     5  2005        0.20
     2     5  2005        0.40
     3     5  2005        0.00
     4     5  2005        0.00
     5     5  2005        0.00
     6     5  2005        0.20
     7     5  2005        0.42
     8     5  2005        0.20
     9     5  2005        0.00
    10     5  2005        0.00
    11     5  2005        0.20
    12     5  2005        0.00
    13     5  2005        0.00
    14     5  2005        0.00
    15     5  2005        0.00
    16     5  2005        0.00
    17     5  2005        0.00
    18     5  2005        0.00
    19     5  2005        0.00
    20     5  2005        0.20
    21     5  2005        0.00
    22     5  2005        0.40
    23     5  2005        0.00
    24     5  2005        0.00
    25     5  2005        0.00
    26     5  2005        0.00
    27     5  2005        0.00
    28     5  2005        0.81
    29     5  2005        0.20
    30     5  2005        0.00
    31     5  2005        0.20
     1     6  2005        0.00
     2     6  2005        0.00
     3     6  2005        0.82
     4     6  2005        0.79
     5     6  2005        0.00
     6     6  2005        0.20
     7     6  2005        0.59
     8     6  2005        1.38
     9     6  2005        1.58
    10     6  2005        0.60
    11     6  2005        0.20
    12     6  2005        0.00
    13     6  2005        2.17
    14     6  2005        0.00
    15     6  2005        0.99
    16     6  2005        1.97
    17     6  2005        1.18
    18     6  2005        0.00
    19     6  2005        0.20
    20     6  2005        1.41
    21     6  2005        0.80
    22     6  2005        1.02
    23     6  2005        0.20
    24     6  2005        0.00
    25     6  2005        0.00
    26     6  2005        0.00
    27     6  2005        0.00
    28     6  2005        0.00
    29     6  2005        0.00
    30     6  2005        0.00
     1     7  2005        0.00
     2     7  2005        0.00
     3     7  2005        0.00
     4     7  2005        0.20
     5     7  2005        0.40
     6     7  2005        0.40
     7     7  2005        0.79
     8     7  2005        0.20
     9     7  2005        0.78
    10     7  2005        0.00
    11     7  2005        0.00
    12     7  2005        0.59
    13     7  2005        0.00
    14     7  2005        2.56
    15     7  2005        0.62
    16     7  2005        1.96
    17     7  2005        1.80
    18     7  2005        0.20
    19     7  2005        0.00
    20     7  2005        0.00
    21     7  2005        0.00
    22     7  2005        0.00
    23     7  2005        0.00
    24     7  2005        0.00
    25     7  2005        0.00
    26     7  2005        0.20
    27     7  2005        0.00
    28     7  2005        0.20
    29     7  2005        0.00
    30     7  2005        0.00
    31     7  2005        0.40
     1     8  2005        0.00
     2     8  2005        0.00
     3     8  2005        0.98
     4     8  2005        0.00
     5     8  2005        0.00
     6     8  2005        0.62
     7     8  2005        0.00
     8     8  2005        0.20
     9     8  2005        0.39
    10     8  2005        0.00
    11     8  2005        0.00
    12     8  2005        0.00
    13     8  2005        0.00
    14     8  2005        0.00
    15     8  2005        0.00
    16     8  2005        0.00
    17     8  2005        0.00
    18     8  2005        0.00
    19     8  2005        0.59
    20     8  2005        0.00
    21     8  2005        0.20
    22     8  2005        0.20
    23     8  2005        0.99
    24     8  2005        0.39
    25     8  2005        0.00
    26     8  2005        0.00
    27     8  2005        0.00
    28     8  2005        0.00
    29     8  2005        0.00
    30     8  2005        0.00
    31     8  2005        0.00
     1     9  2005        0.00
     2     9  2005        0.00
     3     9  2005        0.00
     4     9  2005        0.00
     5     9  2005        0.20
     6     9  2005        0.59
     7     9  2005        0.79
     8     9  2005        0.40
     9     9  2005        3.15
    10     9  2005        1.59
    11     9  2005        1.58
    12     9  2005        1.81
    13     9  2005        1.19
    14     9  2005        3.54
    15     9  2005        0.79
    16     9  2005        0.00
    17     9  2005        0.00
    18     9  2005        0.00
    19     9  2005        0.20
    20     9  2005        0.00
    21     9  2005        0.20
    22     9  2005        0.00
    23     9  2005        0.00
    24     9  2005        1.19
    25     9  2005        0.20
    26     9  2005        0.00
    27     9  2005        0.59
    28     9  2005        0.00
    29     9  2005        0.40
    30     9  2005        0.00
     1    10  2005        6.27
     2    10  2005        1.97
     3    10  2005        1.18
     4    10  2005        0.99
     5    10  2005        0.62
     6    10  2005        0.20
     7    10  2005        0.00
     8    10  2005        0.00
     9    10  2005        0.00
    10    10  2005        0.00
    11    10  2005        0.00
    12    10  2005        0.00
    13    10  2005        0.00
    14    10  2005        0.00
    15    10  2005        0.00
    16    10  2005        0.00
    17    10  2005        0.00
    18    10  2005        0.00
    19    10  2005        0.00
    20    10  2005        0.00
    21    10  2005        0.00
    22    10  2005        0.00
    23    10  2005        0.00
    24    10  2005        0.00
    25    10  2005        0.00
    26    10  2005        0.00
    27    10  2005        0.20
    28    10  2005        0.99
    29    10  2005        0.42
    30    10  2005        0.00
    31    10  2005        0.98
     1    11  2005        1.58
     2    11  2005        2.56
     3    11  2005        0.20
     4    11  2005        0.20
     5    11  2005        0.00
     6    11  2005        0.00
     7    11  2005        0.00
     8    11  2005        0.00
     9    11  2005        0.00
    10    11  2005        0.00
    11    11  2005        0.00
    12    11  2005        0.00
    13    11  2005        0.00
    14    11  2005        0.00
    15    11  2005        0.00
    16    11  2005        0.00
    17    11  2005        0.00
    18    11  2005        0.00
    19    11  2005        0.00
    20    11  2005        0.00
    21    11  2005        0.00
    22    11  2005        0.00
    23    11  2005        0.20
    24    11  2005        0.00
    25    11  2005        0.20
    26    11  2005        0.00
    27    11  2005        0.00
    28    11  2005        0.00
    29    11  2005        0.00
    30    11  2005        0.00
     1    12  2005        0.00
     2    12  2005        0.00
     3    12  2005        0.00
     4    12  2005        0.00
     5    12  2005        0.00
     6    12  2005        0.00
     7    12  2005        0.00
     8    12  2005        0.99
     9    12  2005        0.00
    10    12  2005        0.20
    11    12  2005        0.20
    12    12  2005        0.00
    13    12  2005        0.00
    14    12  2005        0.00
    15    12  2005        0.00
    16    12  2005        0.00
    17    12  2005        0.20
    18    12  2005        0.00
    19    12  2005        0.00
    20    12  2005        0.00
    21    12  2005        0.00
    22    12  2005        0.00
    23    12  2005        0.00
    24    12  2005        0.00
    25    12  2005        0.00
    26    12  2005        0.00
    27    12  2005        0.00
    28    12  2005        0.00
    29    12  2005        0.00
    30    12  2005        0.00
    31    12  2005        0.00
     1     1  2006        0.00
     2     1  2006        0.00
     3     1  2006        0.00
     4     1  2006        0.00
     5     1  2006        0.00
     6     1  2006        0.00
     7     1  2006        0.00
     8     1  2006        0.00
     9     1  2006        0.00
    10     1  2006        0.00
    11     1  2006        0.00
    12     1  2006        0.00
    13     1  2006        0.00
    14     1  2006        0.00
    15     1  2006        0.00
    16     1  2006        0.00
    17     1  2006        0.00
    18     1  2006        0.00
    19     1  2006        0.00
    20     1  2006        0.39
    21     1  2006        0.00
    22     1  2006        0.00
    23     1  2006        0.00
    24     1  2006        0.00
    25     1  2006        0.00
    26     1  2006        0.00
    27     1  2006        0.00
    28     1  2006        0.00
    29     1  2006        0.00
    30     1  2006        0.00
    31     1  2006        0.20
     1     2  2006        0.00
     2     2  2006        0.00
     3     2  2006        0.00
     4     2  2006        0.00
     5     2  2006        0.20
     6     2  2006        0.00
     7     2  2006        0.00
     8     2  2006        0.00
     9     2  2006        0.00
    10     2  2006        0.40
    11     2  2006        0.00
    12     2  2006        0.00
    13     2  2006        0.00
    14     2  2006        0.00
    15     2  2006        0.00
    16     2  2006        0.98
    17     2  2006        0.20
    18     2  2006        0.20
    19     2  2006        0.00
    20     2  2006        0.40
    21     2  2006        0.42
    22     2  2006        1.21
    23     2  2006        0.20
    24     2  2006        0.00
    25     2  2006        0.00
    26     2  2006        0.00
    27     2  2006        0.00
    28     2  2006        0.00
     1     3  2006        0.00
     2     3  2006        0.00
     3     3  2006        0.00
     4     3  2006        0.00
     5     3  2006        0.00
     6     3  2006        0.00
     7     3  2006        0.00
     8     3  2006        0.00
     9     3  2006        0.00
    10     3  2006        0.00
    11     3  2006        0.00
    12     3  2006        0.00
    13     3  2006        0.00
    14     3  2006        0.00
    15     3  2006        0.00
    16     3  2006        0.00
    17     3  2006        0.00
    18     3  2006        0.00
    19     3  2006        0.00
    20     3  2006        0.60
    21     3  2006        0.59
    22     3  2006        0.42
    23     3  2006        0.00
    24     3  2006        0.00
    25     3  2006        0.00
    26     3  2006        0.00
    27     3  2006        0.20
    28     3  2006        0.00
    29     3  2006        0.20
    30     3  2006        0.00
    31     3  2006        0.98
     1     4  2006        0.20
     2     4  2006        0.20
     3     4  2006        1.42
     4     4  2006        3.36
     5     4  2006        1.20
     6     4  2006        1.19
     7     4  2006        1.19
     8     4  2006        0.79
     9     4  2006        1.00
    10     4  2006        0.79
    11     4  2006        0.82
    12     4  2006        0.80
    13     4  2006        2.17
    14     4  2006        1.39
    15     4  2006        1.58
    16     4  2006        0.40
    17     4  2006        0.20
    18     4  2006        0.00
    19     4  2006        0.20
    20     4  2006        0.00
    21     4  2006        0.20
    22     4  2006        1.19
    23     4  2006        1.40
    24     4  2006        1.58
    25     4  2006        0.20
    26     4  2006        0.00
    27     4  2006        0.20
    28     4  2006        1.78
    29     4  2006        1.79
    30     4  2006        1.77
     1     5  2006        0.59
     2     5  2006        0.40
     3     5  2006        0.40
     4     5  2006        0.00
     5     5  2006        0.80
     6     5  2006        0.20
     7     5  2006        0.00
     8     5  2006        0.20
     9     5  2006        0.00
    10     5  2006        2.36
    11     5  2006        1.38
    12     5  2006        0.00
    13     5  2006        1.78
    14     5  2006        3.35
    15     5  2006        3.92
    16     5  2006        0.00
    17     5  2006        2.78
    18     5  2006        0.00
    19     5  2006        0.39
    20     5  2006        0.82
    21     5  2006        0.00
    22     5  2006        0.00
    23     5  2006        0.00
    24     5  2006        0.00
    25     5  2006        0.00
    26     5  2006        0.40
    27     5  2006        0.00
    28     5  2006        0.00
    29     5  2006        0.00
    30     5  2006        0.00
    31     5  2006        0.00
     1     6  2006        0.00
     2     6  2006        0.00
     3     6  2006        0.00
     4     6  2006        0.00
     5     6  2006        0.99
     6     6  2006        0.00
     7     6  2006        0.39
     8     6  2006        0.00
     9     6  2006        0.00
    10     6  2006        0.00
    11     6  2006        0.00
    12     6  2006        0.00
    13     6  2006        0.00
    14     6  2006        0.00
    15     6  2006        0.00
    16     6  2006        0.00
    17     6  2006        0.00
    18     6  2006        0.20
    19     6  2006        0.00
    20     6  2006        0.20
    21     6  2006        0.20
    22     6  2006        0.82
    23     6  2006        0.60
    24     6  2006        0.20
    25     6  2006        0.00
    26     6  2006        0.40
    27     6  2006        0.79
    28     6  2006        0.00
    29     6  2006        2.57
    30     6  2006        1.98
     1     7  2006        1.38
     2     7  2006        1.21
     3     7  2006        0.20
     4     7  2006        0.98
     5     7  2006        0.00
     6     7  2006        0.00
     7     7  2006        0.00
     8     7  2006        0.20
     9     7  2006        1.20
    10     7  2006        0.00
    11     7  2006        0.00
    12     7  2006        0.20
    13     7  2006        0.00
    14     7  2006        0.00
    15     7  2006        0.00
    16     7  2006        0.00
    17     7  2006        0.00
    18     7  2006        0.00
    19     7  2006        0.00
    20     7  2006        0.00
    21     7  2006        0.00
    22     7  2006        0.00
    23     7  2006        0.20
    24     7  2006        0.00
    25     7  2006        0.00
    26     7  2006        0.59
    27     7  2006        0.40
    28     7  2006        0.00
    29     7  2006        0.00
    30     7  2006        3.93
    31     7  2006        1.78
     1     8  2006        2.56
     2     8  2006        0.60
     3     8  2006        0.59
     4     8  2006        0.79
     5     8  2006        0.40
     6     8  2006        0.00
     7     8  2006        0.20
     8     8  2006        0.00
     9     8  2006        0.00
    10     8  2006        1.57
    11     8  2006        2.36
    12     8  2006        0.20
    13     8  2006        1.18
    14     8  2006        0.00
    15     8  2006        0.20
    16     8  2006        0.00
    17     8  2006        0.00
    18     8  2006        0.00
    19     8  2006        0.00
    20     8  2006        0.00
    21     8  2006        0.00
    22     8  2006        0.00
    23     8  2006        0.00
    24     8  2006        0.00
    25     8  2006        0.00
    26     8  2006        0.00
    27     8  2006        0.00
    28     8  2006        0.00
    29     8  2006        0.39
    30     8  2006        0.00
    31     8  2006        0.00
     1     9  2006        0.00
     2     9  2006        0.00
     3     9  2006        0.39
     4     9  2006        1.58
     5     9  2006        0.79
     6     9  2006        0.00
     7     9  2006        0.00
     8     9  2006        0.00
     9     9  2006        0.20
    10     9  2006        0.00
    11     9  2006        0.00
    12     9  2006        0.00
    13     9  2006        0.00
    14     9  2006        0.00
    15     9  2006        0.00
    16     9  2006        0.00
    17     9  2006        0.00
    18     9  2006        0.00
    19     9  2006        0.00
    20     9  2006        1.96
    21     9  2006        0.40
    22     9  2006        1.78
    23     9  2006        0.20
    24     9  2006        0.00
    25     9  2006        2.55
    26     9  2006        0.20
    27     9  2006        0.62
    28     9  2006        0.00
    29     9  2006        0.00
    30     9  2006        0.39
     1    10  2006        0.40
     2    10  2006        0.00
     3    10  2006        0.00
     4    10  2006        0.00
     5    10  2006        0.00
     6    10  2006        0.00
     7    10  2006        0.00
     8    10  2006        0.00
     9    10  2006        0.00
    10    10  2006        0.00
    11    10  2006        0.00
    12    10  2006        0.40
    13    10  2006        0.00
    14    10  2006        0.20
    15    10  2006        0.79
    16    10  2006        0.00
    17    10  2006        0.39
    18    10  2006        0.00
    19    10  2006        0.00
    20    10  2006        0.20
    21    10  2006        0.00
    22    10  2006        0.00
    23    10  2006        0.82
    24    10  2006        0.78
    25    10  2006        2.19
    26    10  2006        0.79
    27    10  2006        1.19
    28    10  2006        1.19
    29    10  2006        0.00
    30    10  2006        0.00
    31    10  2006        0.00
     1    11  2006        0.00
     2    11  2006        0.00
     3    11  2006        0.00
     4    11  2006        0.00
     5    11  2006        0.00
     6    11  2006        0.00
     7    11  2006        0.00
     8    11  2006        0.00
     9    11  2006        0.00
    10    11  2006        0.00
    11    11  2006        0.00
    12    11  2006        0.00
    13    11  2006        0.00
    14    11  2006        0.00
    15    11  2006        0.00
    16    11  2006        0.00
    17    11  2006        0.00
    18    11  2006        0.00
    19    11  2006        1.18
    20    11  2006        0.00
    21    11  2006        0.00
    22    11  2006        0.00
    23    11  2006        0.00
    24    11  2006        0.00
    25    11  2006        0.00
    26    11  2006        0.59
    27    11  2006        3.15
    28    11  2006        0.00
    29    11  2006        0.00
    30    11  2006        0.00
     1    12  2006        0.00
     2    12  2006        0.00
     3    12  2006        0.00
     4    12  2006        0.00
     5    12  2006        0.00
     6    12  2006        0.20
     7    12  2006        0.20
     8    12  2006        0.00
     9    12  2006        0.00
    10    12  2006        0.20
    11    12  2006        1.00
    12    12  2006        0.79
    13    12  2006        0.20
    14    12  2006        1.58
    15    12  2006        0.00
    16    12  2006        3.74
    17    12  2006        2.56
    18    12  2006        0.79
    19    12  2006        0.00
    20    12  2006        0.00
    21    12  2006        0.00
    22    12  2006        0.20
    23    12  2006        0.20
    24    12  2006        0.00
    25    12  2006        0.00
    26    12  2006        0.00
    27    12  2006        0.00
    28    12  2006        0.00
    29    12  2006        0.00
    30    12  2006        0.00
    31    12  2006        0.00
     1     1  2007        0.00
     2     1  2007        1.38
     3     1  2007        0.00
     4     1  2007        0.00
     5     1  2007        0.00
     6     1  2007        0.00
     7     1  2007        0.00
     8     1  2007        0.00
     9     1  2007        0.00
    10     1  2007        0.20
    11     1  2007        0.00
    12     1  2007        0.00
    13     1  2007        0.00
    14     1  2007        0.00
    15     1  2007        0.00
    16     1  2007        0.00
    17     1  2007        0.00
