     1     1  2001        0.00
     2     1  2001        0.00
     3     1  2001        0.00
     4     1  2001        0.00
     5     1  2001        0.00
     6     1  2001        0.00
     7     1  2001        4.35
     8     1  2001        0.20
     9     1  2001        0.00
    10     1  2001        0.00
    11     1  2001        0.00
    12     1  2001        0.00
    13     1  2001        0.00
    14     1  2001        0.00
    15     1  2001        0.00
    16     1  2001        0.00
    17     1  2001        0.00
    18     1  2001        0.00
    19     1  2001        0.00
    20     1  2001        0.00
    21     1  2001        0.00
    22     1  2001        0.00
    23     1  2001        0.00
    24     1  2001        0.39
    25     1  2001        0.00
    26     1  2001        0.00
    27     1  2001        1.57
    28     1  2001        0.00
    29     1  2001        0.00
    30     1  2001        0.00
    31     1  2001        0.00
     1     2  2001        0.00
     2     2  2001        1.78
     3     2  2001        0.00
     4     2  2001        1.77
     5     2  2001        0.00
     6     2  2001        0.00
     7     2  2001        0.00
     8     2  2001        0.00
     9     2  2001        0.00
    10     2  2001        0.00
    11     2  2001        0.00
    12     2  2001        0.00
    13     2  2001        0.00
    14     2  2001        0.00
    15     2  2001        0.00
    16     2  2001        0.00
    17     2  2001        3.54
    18     2  2001        6.10
    19     2  2001        1.21
    20     2  2001        0.60
    21     2  2001        4.72
    22     2  2001        7.28
    23     2  2001        6.88
    24     2  2001        0.20
    25     2  2001        2.37
    26     2  2001        0.79
    27     2  2001        0.20
    28     2  2001        3.15
     1     3  2001        0.40
     2     3  2001        0.00
     3     3  2001        0.00
     4     3  2001        0.00
     5     3  2001        0.00
     6     3  2001        0.00
     7     3  2001        0.00
     8     3  2001        0.00
     9     3  2001        0.00
    10     3  2001        0.00
    11     3  2001        0.00
    12     3  2001        0.00
    13     3  2001        0.59
    14     3  2001        1.20
    15     3  2001        3.15
    16     3  2001        0.99
    17     3  2001        0.00
    18     3  2001        0.00
    19     3  2001        3.98
    20     3  2001        0.00
    21     3  2001        0.00
    22     3  2001        0.00
    23     3  2001        0.00
    24     3  2001        0.00
    25     3  2001        0.00
    26     3  2001        0.00
    27     3  2001        0.00
    28     3  2001        0.00
    29     3  2001        0.00
    30     3  2001        0.00
    31     3  2001        0.00
     1     4  2001        0.00
     2     4  2001        0.59
     3     4  2001        0.00
     4     4  2001        0.00
     5     4  2001        0.00
     6     4  2001        0.42
     7     4  2001        0.00
     8     4  2001        0.00
     9     4  2001        1.18
    10     4  2001        0.00
    11     4  2001        0.00
    12     4  2001        0.00
    13     4  2001        0.00
    14     4  2001        0.00
    15     4  2001        0.00
    16     4  2001        1.77
    17     4  2001        0.00
    18     4  2001        0.00
    19     4  2001        0.00
    20     4  2001        0.00
    21     4  2001        0.00
    22     4  2001        0.00
    23     4  2001        0.00
    24     4  2001        0.00
    25     4  2001        0.00
    26     4  2001        0.00
    27     4  2001        0.00
    28     4  2001        0.00
    29     4  2001        0.00
    30     4  2001        0.00
     1     5  2001        0.59
     2     5  2001        0.79
     3     5  2001        0.00
     4     5  2001        0.00
     5     5  2001        0.20
     6     5  2001        2.17
     7     5  2001        0.98
     8     5  2001        0.59
     9     5  2001        0.00
    10     5  2001        2.36
    11     5  2001        0.00
    12     5  2001        0.00
    13     5  2001        0.00
    14     5  2001        0.00
    15     5  2001        0.00
    16     5  2001        0.00
    17     5  2001        0.00
    18     5  2001        0.00
    19     5  2001        0.00
    20     5  2001        0.00
    21     5  2001        0.00
    22     5  2001        0.00
    23     5  2001        0.00
    24     5  2001        0.00
    25     5  2001        0.00
    26     5  2001        0.00
    27     5  2001        0.00
    28     5  2001        0.00
    29     5  2001        0.00
    30     5  2001        0.00
    31     5  2001        0.00
     1     6  2001        0.00
     2     6  2001        0.00
     3     6  2001        0.00
     4     6  2001        0.00
     5     6  2001        0.00
     6     6  2001        0.00
     7     6  2001        0.00
     8     6  2001        0.00
     9     6  2001        0.00
    10     6  2001        0.00
    11     6  2001        0.00
    12     6  2001        0.00
    13     6  2001        0.00
    14     6  2001        0.00
    15     6  2001        0.00
    16     6  2001        0.00
    17     6  2001        0.00
    18     6  2001        0.00
    19     6  2001        0.00
    20     6  2001        0.00
    21     6  2001        0.20
    22     6  2001        0.00
    23     6  2001        0.00
    24     6  2001        0.00
    25     6  2001        0.00
    26     6  2001        0.00
    27     6  2001        0.00
    28     6  2001        0.00
    29     6  2001        0.00
    30     6  2001        0.00
     1     7  2001        0.00
     2     7  2001        0.20
     3     7  2001        0.00
     4     7  2001        0.00
     5     7  2001        0.00
     6     7  2001        0.00
     7     7  2001        0.00
     8     7  2001        0.00
     9     7  2001        0.00
    10     7  2001        0.00
    11     7  2001        0.00
    12     7  2001        0.00
    13     7  2001        0.00
    14     7  2001        0.00
    15     7  2001        0.00
    16     7  2001        0.00
    17     7  2001        0.59
    18     7  2001        0.00
    19     7  2001        0.00
    20     7  2001        0.00
    21     7  2001        0.00
    22     7  2001        0.40
    23     7  2001        1.18
    24     7  2001       27.07
    25     7  2001        0.79
    26     7  2001        0.00
    27     7  2001        0.00
    28     7  2001        0.20
    29     7  2001        0.00
    30     7  2001        0.00
    31     7  2001        0.00
     1     8  2001        0.00
     2     8  2001        0.00
     3     8  2001        0.00
     4     8  2001        0.00
     5     8  2001        0.00
     6     8  2001        0.00
     7     8  2001        0.00
     8     8  2001        0.00
     9     8  2001        0.00
    10     8  2001        1.77
    11     8  2001        0.79
    12     8  2001        0.00
    13     8  2001        0.20
    14     8  2001        0.00
    15     8  2001        0.00
    16     8  2001        0.00
    17     8  2001        0.00
    18     8  2001        0.20
    19     8  2001        0.00
    20     8  2001        0.00
    21     8  2001        0.00
    22     8  2001        0.00
    23     8  2001        0.00
    24     8  2001        0.00
    25     8  2001        0.00
    26     8  2001        0.00
    27     8  2001        0.00
    28     8  2001        0.00
    29     8  2001        0.00
    30     8  2001        0.00
    31     8  2001        0.00
     1     9  2001        0.00
     2     9  2001        0.00
     3     9  2001        0.00
     4     9  2001        0.00
     5     9  2001        0.00
     6     9  2001        0.00
     7     9  2001        0.00
     8     9  2001        0.00
     9     9  2001        0.00
    10     9  2001        0.00
    11     9  2001        0.00
    12     9  2001        0.00
    13     9  2001        0.00
    14     9  2001        0.00
    15     9  2001        0.00
    16     9  2001        0.00
    17     9  2001        0.00
    18     9  2001        0.00
    19     9  2001        0.00
    20     9  2001        0.00
    21     9  2001        0.00
    22     9  2001        0.00
    23     9  2001        0.00
    24     9  2001        0.00
    25     9  2001        0.00
    26     9  2001        0.00
    27     9  2001        0.00
    28     9  2001        0.00
    29     9  2001        0.00
    30     9  2001        0.00
     1    10  2001        0.00
     2    10  2001        0.00
     3    10  2001        0.00
     4    10  2001        0.00
     5    10  2001        0.00
     6    10  2001        0.00
     7    10  2001        0.00
     8    10  2001        0.00
     9    10  2001        0.00
    10    10  2001        0.00
    11    10  2001        0.00
    12    10  2001        0.00
    13    10  2001        0.00
    14    10  2001        0.00
    15    10  2001        0.00
    16    10  2001        0.00
    17    10  2001        0.00
    18    10  2001        0.00
    19    10  2001        0.20
    20    10  2001        0.00
    21    10  2001        0.00
    22    10  2001        0.00
    23    10  2001        0.00
    24    10  2001        0.42
    25    10  2001        0.00
    26    10  2001        0.00
    27    10  2001        0.00
    28    10  2001        0.00
    29    10  2001        0.00
    30    10  2001        0.00
    31    10  2001        0.00
     1    11  2001        0.00
     2    11  2001        0.00
     3    11  2001        0.00
     4    11  2001        0.00
     5    11  2001        0.00
     6    11  2001        0.00
     7    11  2001        0.00
     8    11  2001        0.00
     9    11  2001        0.00
    10    11  2001        0.00
    11    11  2001        0.00
    12    11  2001        0.00
    13    11  2001        0.00
    14    11  2001        0.00
    15    11  2001        0.00
    16    11  2001        0.00
    17    11  2001        0.00
    18    11  2001        0.00
    19    11  2001        0.00
    20    11  2001        0.00
    21    11  2001        0.00
    22    11  2001        0.00
    23    11  2001        0.00
    24    11  2001        0.00
    25    11  2001        0.00
    26    11  2001        0.00
    27    11  2001        0.00
    28    11  2001        0.00
    29    11  2001        0.00
    30    11  2001        0.00
     1    12  2001        0.00
     2    12  2001        0.00
     3    12  2001        0.00
     4    12  2001        0.00
     5    12  2001        0.00
     6    12  2001        0.00
     7    12  2001        0.00
     8    12  2001        0.00
     9    12  2001        0.00
    10    12  2001        0.00
    11    12  2001        0.00
    12    12  2001        0.00
    13    12  2001        0.00
    14    12  2001        0.00
    15    12  2001        0.00
    16    12  2001        0.00
    17    12  2001        0.00
    18    12  2001        0.00
    19    12  2001        0.00
    20    12  2001        0.00
    21    12  2001        0.00
    22    12  2001        0.00
    23    12  2001        0.00
    24    12  2001        0.00
    25    12  2001        0.00
    26    12  2001        0.00
    27    12  2001        0.00
    28    12  2001        0.00
    29    12  2001        0.00
    30    12  2001        0.00
    31    12  2001        0.00
     1     1  2002        0.00
     2     1  2002        0.00
     3     1  2002        0.00
     4     1  2002        0.00
     5     1  2002        0.00
     6     1  2002        0.00
     7     1  2002        0.00
     8     1  2002        0.00
     9     1  2002        0.00
    10     1  2002        0.00
    11     1  2002        0.00
    12     1  2002        0.00
    13     1  2002        0.00
    14     1  2002        0.00
    15     1  2002        0.00
    16     1  2002        0.00
    17     1  2002        0.00
    18     1  2002        0.00
    19     1  2002        0.00
    20     1  2002        0.00
    21     1  2002        0.00
    22     1  2002        0.00
    23     1  2002        0.00
    24     1  2002        0.00
    25     1  2002        0.00
    26     1  2002        0.00
    27     1  2002        0.00
    28     1  2002        0.00
    29     1  2002        0.00
    30     1  2002        0.00
    31     1  2002        0.00
     1     2  2002        0.00
     2     2  2002        0.00
     3     2  2002        0.00
     4     2  2002        0.00
     5     2  2002        0.00
     6     2  2002        0.00
     7     2  2002        0.00
     8     2  2002        0.00
     9     2  2002        0.00
    10     2  2002        0.00
    11     2  2002        0.00
    12     2  2002        0.00
    13     2  2002        0.00
    14     2  2002        0.00
    15     2  2002        0.00
    16     2  2002        0.00
    17     2  2002        0.00
    18     2  2002        0.00
    19     2  2002        0.00
    20     2  2002        0.00
    21     2  2002        0.00
    22     2  2002        0.00
    23     2  2002        0.00
    24     2  2002        0.00
    25     2  2002        0.00
    26     2  2002        0.00
    27     2  2002        0.00
    28     2  2002        0.00
     1     3  2002        0.00
     2     3  2002        0.00
     3     3  2002        0.00
     4     3  2002        0.00
     5     3  2002        0.00
     6     3  2002        0.00
     7     3  2002        0.00
     8     3  2002        0.00
     9     3  2002        0.00
    10     3  2002        0.00
    11     3  2002        0.00
    12     3  2002        0.00
    13     3  2002        0.00
    14     3  2002        0.00
    15     3  2002        0.00
    16     3  2002        0.00
    17     3  2002        0.00
    18     3  2002        0.00
    19     3  2002        0.00
    20     3  2002        0.00
    21     3  2002        0.00
    22     3  2002        0.00
    23     3  2002        0.00
    24     3  2002        0.00
    25     3  2002        0.00
    26     3  2002        0.00
    27     3  2002        0.00
    28     3  2002        0.00
    29     3  2002        0.00
    30     3  2002        0.00
    31     3  2002        0.00
     1     4  2002        0.20
     2     4  2002        0.00
     3     4  2002        0.00
     4     4  2002        0.00
     5     4  2002        0.00
     6     4  2002        2.36
     7     4  2002        0.20
     8     4  2002        0.00
     9     4  2002        0.00
    10     4  2002        0.00
    11     4  2002        0.00
    12     4  2002        0.00
    13     4  2002        0.20
    14     4  2002        3.75
    15     4  2002        1.77
    16     4  2002        0.00
    17     4  2002        0.00
    18     4  2002        0.00
    19     4  2002        0.39
    20     4  2002        7.68
    21     4  2002        0.00
    22     4  2002        1.18
    23     4  2002        0.00
    24     4  2002        0.00
    25     4  2002        0.00
    26     4  2002        0.00
    27     4  2002        0.00
    28     4  2002        0.00
    29     4  2002        0.39
    30     4  2002        0.00
     1     5  2002        0.00
     2     5  2002        0.00
     3     5  2002        0.20
     4     5  2002        0.40
     5     5  2002        0.62
     6     5  2002       23.63
     7     5  2002       30.59
     8     5  2002        1.37
     9     5  2002        1.38
    10     5  2002        1.78
    11     5  2002        0.79
    12     5  2002        0.60
    13     5  2002        1.18
    14     5  2002        0.00
    15     5  2002        0.00
    16     5  2002        0.79
    17     5  2002        0.00
    18     5  2002        0.20
    19     5  2002        4.92
    20     5  2002        2.16
    21     5  2002        5.11
    22     5  2002        1.57
    23     5  2002        0.99
    24     5  2002        0.20
    25     5  2002        6.30
    26     5  2002        1.97
    27     5  2002        0.40
    28     5  2002        4.32
    29     5  2002        0.40
    30     5  2002        2.98
    31     5  2002        2.95
     1     6  2002        0.00
     2     6  2002        0.20
     3     6  2002        0.00
     4     6  2002        1.18
     5     6  2002        0.59
     6     6  2002        0.00
     7     6  2002        3.16
     8     6  2002        0.00
     9     6  2002        0.00
    10     6  2002        0.00
    11     6  2002        2.16
    12     6  2002        0.79
    13     6  2002        0.40
    14     6  2002        0.40
    15     6  2002        2.59
    16     6  2002        0.99
    17     6  2002        7.66
    18     6  2002        8.08
    19     6  2002        0.98
    20     6  2002        0.00
    21     6  2002        0.79
    22     6  2002        0.39
    23     6  2002        0.00
    24     6  2002        0.00
    25     6  2002        0.20
    26     6  2002        0.00
    27     6  2002        0.00
    28     6  2002        0.00
    29     6  2002        0.00
    30     6  2002        0.00
     1     7  2002        0.00
     2     7  2002        0.79
     3     7  2002        0.20
     4     7  2002        0.60
     5     7  2002        0.00
     6     7  2002        4.32
     7     7  2002        0.81
     8     7  2002        0.00
     9     7  2002        0.00
    10     7  2002        0.00
    11     7  2002        0.00
    12     7  2002        0.00
    13     7  2002        0.00
    14     7  2002        0.00
    15     7  2002        0.20
    16     7  2002        0.00
    17     7  2002        2.55
    18     7  2002        9.63
    19     7  2002       12.40
    20     7  2002        6.89
    21     7  2002       11.55
    22     7  2002        7.68
    23     7  2002        1.97
    24     7  2002        8.10
    25     7  2002        0.20
    26     7  2002        9.52
    27     7  2002        6.53
    28     7  2002        4.71
    29     7  2002        1.77
    30     7  2002        0.00
    31     7  2002        0.39
     1     8  2002        0.42
     2     8  2002        0.00
     3     8  2002        1.57
     4     8  2002        0.98
     5     8  2002        0.00
     6     8  2002        0.00
     7     8  2002        0.00
     8     8  2002        0.20
     9     8  2002        1.57
    10     8  2002        0.00
    11     8  2002        0.00
    12     8  2002        0.00
    13     8  2002        0.00
    14     8  2002        0.20
    15     8  2002        0.98
    16     8  2002        1.77
    17     8  2002        1.80
    18     8  2002        1.57
    19     8  2002        0.00
    20     8  2002        0.62
    21     8  2002        2.75
    22     8  2002        0.99
    23     8  2002        0.99
    24     8  2002        4.36
    25     8  2002        1.97
    26     8  2002        2.59
    27     8  2002        0.99
    28     8  2002        1.18
    29     8  2002        0.59
    30     8  2002        0.20
    31     8  2002        1.57
     1     9  2002        8.66
     2     9  2002        9.24
     3     9  2002        0.40
     4     9  2002       15.76
     5     9  2002        6.49
     6     9  2002        0.39
     7     9  2002        0.59
     8     9  2002        0.00
     9     9  2002        0.98
    10     9  2002        0.00
    11     9  2002        0.20
    12     9  2002       12.60
    13     9  2002       11.84
    14     9  2002       20.39
    15     9  2002       10.01
    16     9  2002        6.88
    17     9  2002       12.18
    18     9  2002        9.83
    19     9  2002        5.56
    20     9  2002        7.47
    21     9  2002        2.56
    22     9  2002       18.28
    23     9  2002       12.39
    24     9  2002       28.77
    25     9  2002        3.34
    26     9  2002        1.77
    27     9  2002        0.79
    28     9  2002        5.32
    29     9  2002        4.32
    30     9  2002        4.95
     1    10  2002        2.38
     2    10  2002        6.52
     3    10  2002        0.00
     4    10  2002        0.00
     5    10  2002        0.00
     6    10  2002        0.00
     7    10  2002        0.00
     8    10  2002        1.58
     9    10  2002        0.81
    10    10  2002        0.79
    11    10  2002        3.34
    12    10  2002        0.40
    13    10  2002        0.82
    14    10  2002        0.81
    15    10  2002        1.38
    16    10  2002        3.36
    17    10  2002        0.00
    18    10  2002        0.20
    19    10  2002        1.19
    20    10  2002        0.00
    21    10  2002        0.00
    22    10  2002        3.94
    23    10  2002        0.42
    24    10  2002        0.00
    25    10  2002        0.00
    26    10  2002        1.18
    27    10  2002        0.00
    28    10  2002        0.00
    29    10  2002        0.00
    30    10  2002        0.00
    31    10  2002        0.00
     1    11  2002        0.00
     2    11  2002        0.40
     3    11  2002        0.40
     4    11  2002        0.00
     5    11  2002        5.32
     6    11  2002        1.77
     7    11  2002        0.20
     8    11  2002        0.62
     9    11  2002        0.00
    10    11  2002        0.20
    11    11  2002        0.00
    12    11  2002        0.00
    13    11  2002        0.00
    14    11  2002        0.00
    15    11  2002        0.00
    16    11  2002        0.00
    17    11  2002        0.00
    18    11  2002        0.00
    19    11  2002        0.00
    20    11  2002        0.00
    21    11  2002        0.00
    22    11  2002        0.00
    23    11  2002        0.00
    24    11  2002        0.00
    25    11  2002        0.00
    26    11  2002        0.00
    27    11  2002        0.00
    28    11  2002        0.00
    29    11  2002        0.40
    30    11  2002        0.00
     1    12  2002        0.00
     2    12  2002        0.00
     3    12  2002        0.00
     4    12  2002        0.00
     5    12  2002        0.39
     6    12  2002        0.20
     7    12  2002        0.20
     8    12  2002        0.00
     9    12  2002        0.42
    10    12  2002        4.13
    11    12  2002        0.59
    12    12  2002        0.00
    13    12  2002        0.00
    14    12  2002        0.00
    15    12  2002        0.20
    16    12  2002        0.00
    17    12  2002        0.00
    18    12  2002        0.00
    19    12  2002        0.00
    20    12  2002        0.00
    21    12  2002        1.19
    22    12  2002        0.00
    23    12  2002        0.00
    24    12  2002        0.00
    25    12  2002        0.00
    26    12  2002        1.38
    27    12  2002        1.78
    28    12  2002        0.39
    29    12  2002        1.61
    30    12  2002        9.82
    31    12  2002        3.73
     1     1  2003        0.00
     2     1  2003        3.94
     3     1  2003        2.19
     4     1  2003        1.77
     5     1  2003        3.15
     6     1  2003        4.34
     7     1  2003        0.20
     8     1  2003        0.00
     9     1  2003        0.00
    10     1  2003        0.00
    11     1  2003        0.00
    12     1  2003        0.00
    13     1  2003       10.06
    14     1  2003        0.42
    15     1  2003        0.20
    16     1  2003        0.20
    17     1  2003        0.39
    18     1  2003        0.00
    19     1  2003        0.42
    20     1  2003        0.00
    21     1  2003        0.20
    22     1  2003        0.00
    23     1  2003        0.00
    24     1  2003        0.00
    25     1  2003        0.00
    26     1  2003        0.20
    27     1  2003        5.90
    28     1  2003        0.40
    29     1  2003        0.20
    30     1  2003        0.00
    31     1  2003        0.00
     1     2  2003        0.00
     2     2  2003        0.79
     3     2  2003        0.00
     4     2  2003        0.00
     5     2  2003        0.00
     6     2  2003        0.00
     7     2  2003        0.00
     8     2  2003        0.00
     9     2  2003        0.00
    10     2  2003        0.00
    11     2  2003        0.00
    12     2  2003        0.00
    13     2  2003        0.00
    14     2  2003        0.00
    15     2  2003        0.00
    16     2  2003        0.00
    17     2  2003        0.00
    18     2  2003        6.30
    19     2  2003        0.79
    20     2  2003        0.20
    21     2  2003        0.00
    22     2  2003        0.42
    23     2  2003        0.00
    24     2  2003        0.00
    25     2  2003        0.00
    26     2  2003        0.00
    27     2  2003        0.00
    28     2  2003        0.00
     1     3  2003        0.00
     2     3  2003        1.78
     3     3  2003        0.00
     4     3  2003        0.00
     5     3  2003        0.00
     6     3  2003        0.00
     7     3  2003        0.20
     8     3  2003        0.00
     9     3  2003        0.00
    10     3  2003        0.00
    11     3  2003        0.00
    12     3  2003        0.00
    13     3  2003        0.00
    14     3  2003        0.00
    15     3  2003        0.00
    16     3  2003        0.00
    17     3  2003        0.20
    18     3  2003        0.00
    19     3  2003        0.00
    20     3  2003        0.00
    21     3  2003        0.00
    22     3  2003        0.00
    23     3  2003        0.00
    24     3  2003        0.00
    25     3  2003        0.00
    26     3  2003        0.00
    27     3  2003        0.00
    28     3  2003        0.00
    29     3  2003        0.20
    30     3  2003        0.00
    31     3  2003        0.00
     1     4  2003        0.98
     2     4  2003        0.00
     3     4  2003        0.00
     4     4  2003        0.99
     5     4  2003        0.20
     6     4  2003        0.00
     7     4  2003        0.98
     8     4  2003        0.00
     9     4  2003        0.00
    10     4  2003        0.00
    11     4  2003        0.00
    12     4  2003        0.00
    13     4  2003        0.00
    14     4  2003        0.00
    15     4  2003        0.00
    16     4  2003        0.00
    17     4  2003        0.00
    18     4  2003        0.00
    19     4  2003        0.00
    20     4  2003        0.59
    21     4  2003        0.00
    22     4  2003        0.00
    23     4  2003        2.16
    24     4  2003        0.20
    25     4  2003        0.00
    26     4  2003        0.00
    27     4  2003        0.00
    28     4  2003        0.00
    29     4  2003        0.00
    30     4  2003        0.00
     1     5  2003        3.15
     2     5  2003        0.20
     3     5  2003        5.50
     4     5  2003        2.18
     5     5  2003        0.00
     6     5  2003        0.00
     7     5  2003        0.20
     8     5  2003        0.00
     9     5  2003        0.00
    10     5  2003        0.00
    11     5  2003        0.39
    12     5  2003        0.00
    13     5  2003        0.00
    14     5  2003        0.00
    15     5  2003        0.00
    16     5  2003        0.00
    17     5  2003        0.00
    18     5  2003        0.79
    19     5  2003        0.00
    20     5  2003        0.00
    21     5  2003        0.00
    22     5  2003        0.00
    23     5  2003        0.00
    24     5  2003        0.00
    25     5  2003        6.69
    26     5  2003        1.38
    27     5  2003        0.40
    28     5  2003        0.00
    29     5  2003        0.62
    30     5  2003        0.00
    31     5  2003        0.00
     1     6  2003        0.00
     2     6  2003        0.20
     3     6  2003        0.00
     4     6  2003        0.00
     5     6  2003        0.20
     6     6  2003        0.00
     7     6  2003        0.00
     8     6  2003        0.00
     9     6  2003        0.00
    10     6  2003        0.00
    11     6  2003        0.00
    12     6  2003        0.00
    13     6  2003        0.00
    14     6  2003        0.39
    15     6  2003        0.00
    16     6  2003        0.00
    17     6  2003        0.60
    18     6  2003        0.00
    19     6  2003        0.00
    20     6  2003        0.00
    21     6  2003        0.59
    22     6  2003        0.00
    23     6  2003        0.00
    24     6  2003        0.00
    25     6  2003        0.00
    26     6  2003        0.00
    27     6  2003        0.00
    28     6  2003        0.00
    29     6  2003        0.00
    30     6  2003        0.00
     1     7  2003        0.00
     2     7  2003        0.00
     3     7  2003        0.00
     4     7  2003        0.20
     5     7  2003        0.00
     6     7  2003        0.20
     7     7  2003        1.18
     8     7  2003        8.52
     9     7  2003        0.00
    10     7  2003        0.00
    11     7  2003        0.00
    12     7  2003        8.46
    13     7  2003        0.42
    14     7  2003        0.79
    15     7  2003        0.20
    16     7  2003        0.00
    17     7  2003        0.00
    18     7  2003        0.00
    19     7  2003        0.42
    20     7  2003        1.01
    21     7  2003        0.00
    22     7  2003        0.00
    23     7  2003        0.00
    24     7  2003        0.00
    25     7  2003        0.00
    26     7  2003        0.00
    27     7  2003        0.00
    28     7  2003        0.00
    29     7  2003        0.00
    30     7  2003        0.00
    31     7  2003        0.20
     1     8  2003        0.00
     2     8  2003        0.00
     3     8  2003        0.00
     4     8  2003        0.00
     5     8  2003        0.00
     6     8  2003        0.00
     7     8  2003        0.00
     8     8  2003        0.00
     9     8  2003        0.00
    10     8  2003        0.00
    11     8  2003        0.00
    12     8  2003        0.00
    13     8  2003        0.00
    14     8  2003        0.00
    15     8  2003        0.00
    16     8  2003        0.20
    17     8  2003        0.00
    18     8  2003        0.00
    19     8  2003        0.00
    20     8  2003        0.00
    21     8  2003        0.00
    22     8  2003        0.59
    23     8  2003        0.00
    24     8  2003        0.00
    25     8  2003        0.00
    26     8  2003        0.00
    27     8  2003        0.00
    28     8  2003        0.00
    29     8  2003        0.42
    30     8  2003        0.79
    31     8  2003        0.00
     1     9  2003        0.42
     2     9  2003        0.00
     3     9  2003        0.00
     4     9  2003        0.00
     5     9  2003        0.00
     6     9  2003        0.00
     7     9  2003        0.00
     8     9  2003        0.00
     9     9  2003        0.00
    10     9  2003        0.00
    11     9  2003        0.00
    12     9  2003        0.00
    13     9  2003        0.00
    14     9  2003        0.00
    15     9  2003        0.00
    16     9  2003        0.00
    17     9  2003        0.00
    18     9  2003        0.00
    19     9  2003        0.20
    20     9  2003        0.20
    21     9  2003        1.18
    22     9  2003        1.37
    23     9  2003        0.00
    24     9  2003        2.56
    25     9  2003        3.73
    26     9  2003        0.00
    27     9  2003        0.20
    28     9  2003        0.00
    29     9  2003        0.00
    30     9  2003        0.00
     1    10  2003        0.00
     2    10  2003        0.00
     3    10  2003        0.62
     4    10  2003        0.00
     5    10  2003        0.00
     6    10  2003        0.00
     7    10  2003        0.00
     8    10  2003        0.00
     9    10  2003        0.00
    10    10  2003        0.00
    11    10  2003        0.00
    12    10  2003        0.00
    13    10  2003        0.00
    14    10  2003        0.00
    15    10  2003        0.20
    16    10  2003        0.00
    17    10  2003        0.00
    18    10  2003        0.00
    19    10  2003        0.00
    20    10  2003        0.00
    21    10  2003        0.00
    22    10  2003        0.00
    23    10  2003        0.00
    24    10  2003        0.00
    25    10  2003        0.00
    26    10  2003        0.00
    27    10  2003        0.00
    28    10  2003        0.00
    29    10  2003        0.00
    30    10  2003        0.00
    31    10  2003        0.00
     1    11  2003        0.00
     2    11  2003        0.00
     3    11  2003        0.20
     4    11  2003       10.02
     5    11  2003        2.36
     6    11  2003        0.99
     7    11  2003        2.16
     8    11  2003        1.77
     9    11  2003        0.00
    10    11  2003        0.00
    11    11  2003        0.00
    12    11  2003        0.00
    13    11  2003        0.00
    14    11  2003        0.00
    15    11  2003        0.00
    16    11  2003        0.00
    17    11  2003        0.00
    18    11  2003        0.42
    19    11  2003        0.00
    20    11  2003        1.19
    21    11  2003        0.00
    22    11  2003        0.00
    23    11  2003        0.00
    24    11  2003        0.00
    25    11  2003        0.00
    26    11  2003        0.00
    27    11  2003        0.00
    28    11  2003        0.00
    29    11  2003        0.00
    30    11  2003        0.00
     1    12  2003        0.00
     2    12  2003        0.79
     3    12  2003        0.00
     4    12  2003        0.00
     5    12  2003        0.00
     6    12  2003        0.00
     7    12  2003        0.00
     8    12  2003        0.00
     9    12  2003        0.00
    10    12  2003        0.00
    11    12  2003        0.00
    12    12  2003        0.00
    13    12  2003        0.00
    14    12  2003        0.00
    15    12  2003        0.40
    16    12  2003        0.20
    17    12  2003        0.00
    18    12  2003        0.00
    19    12  2003        0.00
    20    12  2003        0.00
    21    12  2003        0.00
    22    12  2003        0.59
    23    12  2003        0.00
    24    12  2003        1.78
    25    12  2003        1.79
    26    12  2003        2.95
    27    12  2003        2.39
    28    12  2003        0.20
    29    12  2003        0.00
    30    12  2003        7.11
    31    12  2003        0.20
     1     1  2004        1.77
     2     1  2004        8.45
     3     1  2004        2.02
     4     1  2004        0.00
     5     1  2004        4.93
     6     1  2004        0.20
     7     1  2004        0.00
     8     1  2004        0.39
     9     1  2004        0.42
    10     1  2004        0.00
    11     1  2004        0.20
    12     1  2004        0.00
    13     1  2004        0.00
    14     1  2004        0.00
    15     1  2004        0.00
    16     1  2004        0.00
    17     1  2004        0.00
    18     1  2004        0.00
    19     1  2004        0.00
    20     1  2004        0.00
    21     1  2004        0.00
    22     1  2004        0.20
    23     1  2004        0.00
    24     1  2004        0.20
    25     1  2004        0.00
    26     1  2004        0.00
    27     1  2004        0.00
    28     1  2004        1.18
    29     1  2004        1.58
    30     1  2004        5.49
    31     1  2004        1.57
     1     2  2004        0.42
     2     2  2004        0.00
     3     2  2004        0.00
     4     2  2004        0.20
     5     2  2004        0.00
     6     2  2004        0.00
     7     2  2004        0.00
     8     2  2004        0.00
     9     2  2004        0.00
    10     2  2004        0.00
    11     2  2004        0.00
    12     2  2004        0.00
    13     2  2004        0.00
    14     2  2004        0.00
    15     2  2004        0.00
    16     2  2004        0.20
    17     2  2004        0.98
    18     2  2004        0.00
    19     2  2004        0.20
    20     2  2004        0.00
    21     2  2004        0.00
    22     2  2004        0.00
    23     2  2004        0.00
    24     2  2004        0.00
    25     2  2004        0.00
    26     2  2004        0.99
    27     2  2004        0.00
    28     2  2004        0.00
    29     2  2004        0.00
     1     3  2004        1.78
     2     3  2004        0.20
     3     3  2004        0.00
     4     3  2004        2.94
     5     3  2004        0.79
     6     3  2004        1.77
     7     3  2004        1.19
     8     3  2004        0.00
     9     3  2004        0.79
    10     3  2004        0.00
    11     3  2004        0.98
    12     3  2004        0.00
    13     3  2004        0.40
    14     3  2004        0.00
    15     3  2004        0.00
    16     3  2004        3.15
    17     3  2004        0.20
    18     3  2004        6.88
    19     3  2004       19.61
    20     3  2004        0.20
    21     3  2004        0.00
    22     3  2004        0.00
    23     3  2004        0.00
    24     3  2004        0.20
    25     3  2004        0.62
    26     3  2004        0.00
    27     3  2004        0.20
    28     3  2004        0.00
    29     3  2004        0.00
    30     3  2004        0.00
    31     3  2004        0.00
     1     4  2004        0.00
     2     4  2004        0.00
     3     4  2004        0.00
     4     4  2004        0.00
     5     4  2004        0.20
     6     4  2004        0.00
     7     4  2004        0.00
     8     4  2004        0.00
     9     4  2004        0.00
    10     4  2004        0.00
    11     4  2004        0.00
    12     4  2004        0.00
    13     4  2004        0.99
    14     4  2004        0.00
    15     4  2004        0.20
    16     4  2004        0.00
    17     4  2004        0.20
    18     4  2004        0.81
    19     4  2004        0.00
    20     4  2004        2.17
    21     4  2004        1.99
    22     4  2004        0.59
    23     4  2004        1.01
    24     4  2004        0.00
    25     4  2004        0.00
    26     4  2004        1.20
    27     4  2004        0.20
    28     4  2004        0.00
    29     4  2004        0.00
    30     4  2004        0.00
     1     5  2004        1.97
     2     5  2004        0.00
     3     5  2004        0.00
     4     5  2004        0.00
     5     5  2004        0.00
     6     5  2004        0.20
     7     5  2004        0.62
     8     5  2004        0.20
     9     5  2004        0.00
    10     5  2004        0.00
    11     5  2004        0.00
    12     5  2004        0.00
    13     5  2004        0.00
    14     5  2004        3.94
    15     5  2004        0.20
    16     5  2004        2.95
    17     5  2004        5.72
    18     5  2004       21.01
    19     5  2004        4.32
    20     5  2004        0.20
    21     5  2004        1.18
    22     5  2004        0.00
    23     5  2004        0.00
    24     5  2004        0.00
    25     5  2004        1.80
    26     5  2004        0.00
    27     5  2004        0.00
    28     5  2004        0.00
    29     5  2004        0.00
    30     5  2004        0.00
    31     5  2004        0.00
     1     6  2004        0.00
     2     6  2004        0.00
     3     6  2004        0.00
     4     6  2004        0.20
     5     6  2004        0.00
     6     6  2004        0.79
     7     6  2004        0.39
     8     6  2004        0.00
     9     6  2004        0.00
    10     6  2004        0.00
    11     6  2004        0.00
    12     6  2004        0.00
    13     6  2004        0.00
    14     6  2004        0.00
    15     6  2004        0.20
    16     6  2004        0.62
    17     6  2004        0.00
    18     6  2004        0.00
    19     6  2004        0.39
    20     6  2004        0.00
    21     6  2004        0.20
    22     6  2004        0.42
    23     6  2004        0.59
    24     6  2004        0.00
    25     6  2004        1.99
    26     6  2004        3.15
    27     6  2004        1.98
    28     6  2004        0.59
    29     6  2004        0.59
    30     6  2004        0.00
     1     7  2004        7.08
     2     7  2004        1.19
     3     7  2004        1.38
     4     7  2004        0.62
     5     7  2004        0.00
     6     7  2004        0.00
     7     7  2004        0.00
     8     7  2004        1.77
     9     7  2004        0.20
    10     7  2004        0.98
    11     7  2004        2.36
    12     7  2004        0.59
    13     7  2004        0.00
    14     7  2004        0.00
    15     7  2004        1.60
    16     7  2004        0.20
    17     7  2004        9.28
    18     7  2004        2.16
    19     7  2004        2.58
    20     7  2004        2.17
    21     7  2004        0.20
    22     7  2004        0.20
    23     7  2004        0.00
    24     7  2004        0.79
    25     7  2004        0.39
    26     7  2004        0.00
    27     7  2004        0.00
    28     7  2004        0.00
    29     7  2004        0.42
    30     7  2004        0.00
    31     7  2004        0.00
     1     8  2004        0.00
     2     8  2004        0.00
     3     8  2004        0.00
     4     8  2004        0.00
     5     8  2004        0.00
     6     8  2004        0.00
     7     8  2004        0.00
     8     8  2004        0.00
     9     8  2004        0.00
    10     8  2004        0.00
    11     8  2004        0.00
    12     8  2004        0.00
    13     8  2004        0.00
    14     8  2004        0.00
    15     8  2004        0.00
    16     8  2004        1.18
    17     8  2004        0.20
    18     8  2004        0.00
    19     8  2004        0.00
    20     8  2004        0.00
    21     8  2004        0.00
    22     8  2004        0.00
    23     8  2004        0.00
    24     8  2004        0.00
    25     8  2004        0.00
    26     8  2004        0.00
    27     8  2004        0.00
    28     8  2004        0.00
    29     8  2004        0.00
    30     8  2004        0.00
    31     8  2004        0.00
     1     9  2004        0.00
     2     9  2004        0.00
     3     9  2004        0.20
     4     9  2004        0.00
     5     9  2004        0.00
     6     9  2004        0.00
     7     9  2004        0.00
     8     9  2004        0.98
     9     9  2004        0.00
    10     9  2004        0.00
    11     9  2004        0.00
    12     9  2004        0.79
    13     9  2004        2.16
    14     9  2004        0.00
    15     9  2004        0.00
    16     9  2004        0.00
    17     9  2004        0.00
    18     9  2004        0.00
    19     9  2004        0.00
    20     9  2004        0.00
    21     9  2004        0.00
    22     9  2004        0.00
    23     9  2004        0.00
    24     9  2004        0.00
    25     9  2004        0.00
    26     9  2004        0.00
    27     9  2004        0.00
    28     9  2004        0.00
    29     9  2004        0.00
    30     9  2004        0.00
     1    10  2004        0.00
     2    10  2004        0.20
     3    10  2004        0.00
     4    10  2004        0.00
     5    10  2004        0.00
     6    10  2004        0.00
     7    10  2004        0.00
     8    10  2004        0.00
     9    10  2004        0.00
    10    10  2004        0.00
    11    10  2004        0.00
    12    10  2004        0.00
    13    10  2004        0.00
    14    10  2004        0.20
    15    10  2004        0.00
    16    10  2004        0.00
    17    10  2004        0.00
    18    10  2004        0.00
    19    10  2004        0.00
    20    10  2004        0.00
    21    10  2004        0.00
    22    10  2004        0.00
    23    10  2004        0.00
    24    10  2004        0.00
    25    10  2004        0.00
    26    10  2004        0.00
    27    10  2004        0.00
    28    10  2004        0.00
    29    10  2004        0.00
    30    10  2004        0.42
    31    10  2004        0.00
     1    11  2004        0.00
     2    11  2004        0.00
     3    11  2004        0.00
     4    11  2004        0.00
     5    11  2004        0.40
     6    11  2004        0.00
     7    11  2004        0.00
     8    11  2004        0.00
     9    11  2004        1.02
    10    11  2004        0.00
    11    11  2004        1.01
    12    11  2004        8.46
    13    11  2004        2.36
    14    11  2004        0.98
    15    11  2004        3.33
    16    11  2004       14.00
    17    11  2004       32.65
    18    11  2004        8.86
    19    11  2004        0.40
    20    11  2004        3.99
    21    11  2004        1.77
    22    11  2004        0.20
    23    11  2004        0.20
    24    11  2004        2.36
    25    11  2004        0.00
    26    11  2004        0.00
    27    11  2004        3.74
    28    11  2004        3.34
    29    11  2004        0.20
    30    11  2004        0.79
     1    12  2004        7.68
     2    12  2004        0.00
     3    12  2004       11.81
     4    12  2004       12.59
     5    12  2004        2.36
     6    12  2004        0.20
     7    12  2004        2.40
     8    12  2004        0.00
     9    12  2004        0.00
    10    12  2004        0.20
    11    12  2004        0.42
    12    12  2004        0.00
    13    12  2004        0.00
    14    12  2004        1.00
    15    12  2004        0.00
    16    12  2004        0.00
    17    12  2004        0.00
    18    12  2004        0.20
    19    12  2004        2.55
    20    12  2004        1.38
    21    12  2004        3.33
    22    12  2004        3.74
    23    12  2004        1.19
    24    12  2004        3.54
    25    12  2004        0.79
    26    12  2004       26.83
    27    12  2004        5.11
    28    12  2004       10.80
    29    12  2004        2.56
    30    12  2004        0.42
    31    12  2004        4.32
     1     1  2005        0.99
     2     1  2005        0.20
     3     1  2005        0.00
     4     1  2005        0.99
     5     1  2005        2.36
     6     1  2005        2.96
     7     1  2005       12.23
     8     1  2005       12.77
     9     1  2005        1.21
    10     1  2005        0.42
    11     1  2005        0.00
    12     1  2005        0.20
    13     1  2005        0.20
    14     1  2005        0.60
    15     1  2005        1.19
    16     1  2005        0.00
    17     1  2005        0.00
    18     1  2005        0.40
    19     1  2005        0.60
    20     1  2005        0.00
    21     1  2005        0.00
    22     1  2005        0.42
    23     1  2005        0.80
    24     1  2005        0.79
    25     1  2005        0.00
    26     1  2005        0.00
    27     1  2005        0.00
    28     1  2005        0.00
    29     1  2005        0.00
    30     1  2005        0.00
    31     1  2005        0.00
     1     2  2005        0.00
     2     2  2005        0.20
     3     2  2005        0.20
     4     2  2005        0.00
     5     2  2005        0.00
     6     2  2005        0.00
     7     2  2005        0.00
     8     2  2005        0.00
     9     2  2005        0.00
    10     2  2005        0.00
    11     2  2005        0.00
    12     2  2005        0.81
    13     2  2005        0.00
    14     2  2005        0.00
    15     2  2005        0.00
    16     2  2005        4.33
    17     2  2005        0.20
    18     2  2005        2.56
    19     2  2005        0.00
    20     2  2005        0.00
    21     2  2005        0.00
    22     2  2005        0.00
    23     2  2005        0.42
    24     2  2005        0.20
    25     2  2005        0.59
    26     2  2005        2.76
    27     2  2005        0.59
    28     2  2005        6.91
     1     3  2005        3.14
     2     3  2005        0.00
     3     3  2005        0.00
     4     3  2005        0.00
     5     3  2005        0.00
     6     3  2005        0.00
     7     3  2005        0.20
     8     3  2005        0.00
     9     3  2005        0.00
    10     3  2005        1.18
    11     3  2005        0.20
    12     3  2005        0.42
    13     3  2005        0.00
    14     3  2005        0.00
    15     3  2005        0.00
    16     3  2005        0.00
    17     3  2005        2.17
    18     3  2005        1.80
    19     3  2005        0.00
    20     3  2005        0.00
    21     3  2005        0.00
    22     3  2005        0.20
    23     3  2005        0.00
    24     3  2005        3.54
    25     3  2005        3.15
    26     3  2005        0.42
    27     3  2005        0.00
    28     3  2005        3.16
    29     3  2005        1.97
    30     3  2005        0.80
    31     3  2005        0.00
     1     4  2005        0.00
     2     4  2005        1.18
     3     4  2005        0.00
     4     4  2005        0.42
     5     4  2005        0.81
     6     4  2005        0.00
     7     4  2005        4.16
     8     4  2005        3.35
     9     4  2005        0.00
    10     4  2005        0.39
    11     4  2005        0.40
    12     4  2005        1.77
    13     4  2005        1.18
    14     4  2005        1.44
    15     4  2005        0.00
    16     4  2005        3.33
    17     4  2005        4.91
    18     4  2005        0.59
    19     4  2005        0.20
    20     4  2005        2.56
    21     4  2005        0.20
    22     4  2005        0.00
    23     4  2005        0.39
    24     4  2005        0.20
    25     4  2005        0.00
    26     4  2005        0.39
    27     4  2005        0.00
    28     4  2005        0.00
    29     4  2005        0.00
    30     4  2005        0.00
     1     5  2005        0.00
     2     5  2005        0.20
     3     5  2005        0.00
     4     5  2005        0.20
     5     5  2005        0.00
     6     5  2005        0.00
     7     5  2005        0.00
     8     5  2005        0.42
     9     5  2005        2.37
    10     5  2005        0.20
    11     5  2005        0.00
    12     5  2005        0.20
    13     5  2005        0.00
    14     5  2005        0.00
    15     5  2005        0.00
    16     5  2005        0.00
    17     5  2005        0.00
    18     5  2005        0.00
    19     5  2005        0.00
    20     5  2005        0.20
    21     5  2005        0.00
    22     5  2005        0.40
    23     5  2005        0.00
    24     5  2005        0.00
    25     5  2005        0.42
    26     5  2005        0.00
    27     5  2005        0.00
    28     5  2005        0.00
    29     5  2005        0.20
    30     5  2005        0.00
    31     5  2005        0.00
     1     6  2005        1.18
     2     6  2005        0.99
     3     6  2005        0.20
     4     6  2005        1.78
     5     6  2005        1.02
     6     6  2005        0.40
     7     6  2005        0.99
     8     6  2005        4.16
     9     6  2005        1.18
    10     6  2005        0.99
    11     6  2005        0.40
    12     6  2005        0.40
    13     6  2005        0.20
    14     6  2005        0.00
    15     6  2005        0.20
    16     6  2005        3.94
    17     6  2005        0.00
    18     6  2005        0.62
    19     6  2005        0.40
    20     6  2005        0.00
    21     6  2005        0.00
    22     6  2005        0.00
    23     6  2005        0.00
    24     6  2005        0.00
    25     6  2005        0.00
    26     6  2005        0.00
    27     6  2005        0.00
    28     6  2005        0.59
    29     6  2005        0.20
    30     6  2005        0.00
     1     7  2005        0.00
     2     7  2005        0.00
     3     7  2005        0.00
     4     7  2005        2.17
     5     7  2005        0.00
     6     7  2005        1.96
     7     7  2005        0.00
     8     7  2005        1.60
     9     7  2005        0.00
    10     7  2005        0.00
    11     7  2005        0.00
    12     7  2005        0.00
    13     7  2005        1.38
    14     7  2005        0.79
    15     7  2005        0.40
    16     7  2005        4.33
    17     7  2005        1.37
    18     7  2005        0.00
    19     7  2005        0.00
    20     7  2005        0.00
    21     7  2005        0.00
    22     7  2005        0.00
    23     7  2005        0.00
    24     7  2005        0.00
    25     7  2005        0.00
    26     7  2005        0.00
    27     7  2005        0.00
    28     7  2005        0.20
    29     7  2005        0.00
    30     7  2005        0.00
    31     7  2005        0.00
     1     8  2005        0.00
     2     8  2005        0.00
     3     8  2005        0.00
     4     8  2005        0.00
     5     8  2005        0.00
     6     8  2005        0.39
     7     8  2005        0.62
     8     8  2005        0.00
     9     8  2005        0.00
    10     8  2005        0.00
    11     8  2005        0.00
    12     8  2005        0.00
    13     8  2005        0.00
    14     8  2005        0.00
    15     8  2005        0.00
    16     8  2005        0.00
    17     8  2005        0.00
    18     8  2005        0.39
    19     8  2005        0.00
    20     8  2005        0.00
    21     8  2005        0.00
    22     8  2005        0.00
    23     8  2005        0.00
    24     8  2005        1.57
    25     8  2005        0.20
    26     8  2005        0.00
    27     8  2005        0.00
    28     8  2005        0.00
    29     8  2005        0.00
    30     8  2005        0.00
    31     8  2005        0.00
     1     9  2005        0.00
     2     9  2005        0.20
     3     9  2005        2.56
     4     9  2005        0.20
     5     9  2005        0.20
     6     9  2005        0.59
     7     9  2005        3.35
     8     9  2005        0.99
     9     9  2005        1.19
    10     9  2005        0.20
    11     9  2005        0.00
    12     9  2005        0.00
    13     9  2005        0.00
    14     9  2005        0.00
    15     9  2005        0.00
    16     9  2005        0.00
    17     9  2005        0.00
    18     9  2005        0.00
    19     9  2005        0.99
    20     9  2005        0.00
    21     9  2005        0.00
    22     9  2005        0.00
    23     9  2005        1.57
    24     9  2005        0.39
    25     9  2005        0.00
    26     9  2005        0.00
    27     9  2005        0.00
    28     9  2005        0.00
    29     9  2005        0.00
    30     9  2005        0.20
     1    10  2005        0.00
     2    10  2005        0.59
     3    10  2005        0.62
     4    10  2005        0.39
     5    10  2005        0.00
     6    10  2005        0.20
     7    10  2005        0.00
     8    10  2005        0.20
     9    10  2005        0.00
    10    10  2005        0.00
    11    10  2005        0.00
    12    10  2005        0.00
    13    10  2005        0.00
    14    10  2005        0.00
    15    10  2005        0.00
    16    10  2005        0.00
    17    10  2005        0.00
    18    10  2005        0.00
    19    10  2005        0.00
    20    10  2005        0.20
    21    10  2005        0.00
    22    10  2005        0.00
    23    10  2005        0.00
    24    10  2005        0.00
    25    10  2005        0.00
    26    10  2005        0.99
    27    10  2005        2.57
    28    10  2005        0.99
    29    10  2005        2.16
    30    10  2005        1.39
    31    10  2005        2.17
     1    11  2005        0.00
     2    11  2005        0.00
     3    11  2005        0.00
     4    11  2005        0.00
     5    11  2005        0.20
     6    11  2005        0.00
     7    11  2005        0.00
     8    11  2005        0.00
     9    11  2005        0.00
    10    11  2005        0.00
    11    11  2005        0.00
    12    11  2005        0.00
    13    11  2005        0.00
    14    11  2005        0.00
    15    11  2005        0.00
    16    11  2005        0.00
    17    11  2005        0.00
    18    11  2005        0.00
    19    11  2005        0.00
    20    11  2005        0.00
    21    11  2005        3.35
    22    11  2005        0.20
    23    11  2005        0.00
    24    11  2005        0.99
    25    11  2005        0.00
    26    11  2005        0.00
    27    11  2005        0.00
    28    11  2005        0.00
    29    11  2005        0.00
    30    11  2005        0.00
     1    12  2005        0.00
     2    12  2005        0.00
     3    12  2005        0.00
     4    12  2005        0.00
     5    12  2005        0.00
     6    12  2005        0.00
     7    12  2005        0.00
     8    12  2005        0.00
     9    12  2005        0.00
    10    12  2005        0.00
    11    12  2005        0.00
    12    12  2005        0.00
    13    12  2005        0.00
    14    12  2005        0.00
    15    12  2005        0.00
    16    12  2005        0.00
    17    12  2005        0.00
    18    12  2005        0.00
    19    12  2005        0.00
    20    12  2005        0.00
    21    12  2005        0.00
    22    12  2005        0.00
    23    12  2005        0.00
    24    12  2005        0.00
    25    12  2005        0.00
    26    12  2005        0.00
    27    12  2005        0.00
    28    12  2005        0.00
    29    12  2005        0.00
    30    12  2005        0.00
    31    12  2005        0.00
     1     1  2006        0.00
     2     1  2006        0.00
     3     1  2006        0.00
     4     1  2006        0.00
     5     1  2006        0.00
     6     1  2006        0.00
     7     1  2006        0.00
     8     1  2006        0.00
     9     1  2006        0.00
    10     1  2006        0.00
    11     1  2006        0.00
    12     1  2006        0.00
    13     1  2006        0.00
    14     1  2006        0.00
    15     1  2006        0.00
    16     1  2006        0.00
    17     1  2006        0.00
    18     1  2006        0.00
    19     1  2006        0.00
    20     1  2006        0.00
    21     1  2006        0.00
    22     1  2006        0.00
    23     1  2006        0.00
    24     1  2006        0.00
    25     1  2006        0.00
    26     1  2006        0.00
    27     1  2006        0.00
    28     1  2006        0.00
    29     1  2006        0.00
    30     1  2006        0.00
    31     1  2006        0.00
     1     2  2006        0.00
     2     2  2006        0.00
     3     2  2006        0.00
     4     2  2006        0.00
     5     2  2006        0.00
     6     2  2006        0.00
     7     2  2006        0.00
     8     2  2006        0.00
     9     2  2006        0.00
    10     2  2006        0.00
    11     2  2006        0.00
    12     2  2006        0.00
    13     2  2006        0.00
    14     2  2006        0.79
    15     2  2006        0.20
    16     2  2006        0.00
    17     2  2006        0.00
    18     2  2006        1.19
    19     2  2006        7.71
    20     2  2006        0.98
    21     2  2006        0.99
    22     2  2006        0.00
    23     2  2006        0.00
    24     2  2006        0.00
    25     2  2006        0.00
    26     2  2006        0.00
    27     2  2006        0.00
    28     2  2006        0.00
     1     3  2006        0.00
     2     3  2006        0.20
     3     3  2006        0.00
     4     3  2006        0.00
     5     3  2006        0.00
     6     3  2006        0.00
     7     3  2006        0.00
     8     3  2006        0.00
     9     3  2006        0.00
    10     3  2006        0.00
    11     3  2006        0.00
    12     3  2006        0.00
    13     3  2006        0.00
    14     3  2006        0.00
    15     3  2006        0.00
    16     3  2006        0.00
    17     3  2006        3.15
    18     3  2006        1.97
    19     3  2006        1.76
    20     3  2006        0.40
    21     3  2006        0.20
    22     3  2006        0.00
    23     3  2006        1.58
    24     3  2006        0.20
    25     3  2006        2.16
    26     3  2006        0.98
    27     3  2006        0.00
    28     3  2006        0.99
    29     3  2006        0.99
    30     3  2006        0.62
    31     3  2006        0.59
     1     4  2006        0.00
     2     4  2006        0.00
     3     4  2006        1.18
     4     4  2006        1.41
     5     4  2006        1.58
     6     4  2006        3.35
     7     4  2006        1.77
     8     4  2006        0.99
     9     4  2006        0.42
    10     4  2006        0.00
    11     4  2006        2.95
    12     4  2006        1.97
    13     4  2006        7.66
    14     4  2006        2.38
    15     4  2006        1.21
    16     4  2006        0.79
    17     4  2006        0.79
    18     4  2006        0.20
    19     4  2006        2.17
    20     4  2006        1.39
    21     4  2006        1.02
    22     4  2006        1.57
    23     4  2006        0.20
    24     4  2006        0.00
    25     4  2006        0.00
    26     4  2006        0.20
    27     4  2006        0.20
    28     4  2006        1.18
    29     4  2006        6.49
    30     4  2006        2.75
     1     5  2006        1.37
     2     5  2006        1.38
     3     5  2006        0.79
     4     5  2006        0.40
     5     5  2006        4.12
     6     5  2006        0.00
     7     5  2006        0.20
     8     5  2006        2.19
     9     5  2006        0.59
    10     5  2006        3.54
    11     5  2006        1.58
    12     5  2006        0.20
    13     5  2006        0.98
    14     5  2006        0.00
    15     5  2006        0.00
    16     5  2006        0.98
    17     5  2006        0.42
    18     5  2006        0.00
    19     5  2006        0.00
    20     5  2006        0.00
    21     5  2006        0.00
    22     5  2006        0.20
    23     5  2006        0.00
    24     5  2006        0.20
    25     5  2006        0.00
    26     5  2006        0.00
    27     5  2006        0.00
    28     5  2006        0.00
    29     5  2006        0.00
    30     5  2006        0.00
    31     5  2006        1.18
     1     6  2006        0.00
     2     6  2006        0.00
     3     6  2006        0.40
     4     6  2006        0.00
     5     6  2006        0.00
     6     6  2006        0.20
     7     6  2006        0.00
     8     6  2006        0.00
     9     6  2006        0.00
    10     6  2006        0.00
    11     6  2006        0.00
    12     6  2006        0.00
    13     6  2006        1.18
    14     6  2006        3.38
    15     6  2006        2.19
    16     6  2006        0.20
    17     6  2006        0.00
    18     6  2006        0.79
    19     6  2006        0.20
    20     6  2006        0.60
    21     6  2006        0.00
    22     6  2006        0.40
    23     6  2006        0.00
    24     6  2006        0.00
    25     6  2006        0.98
    26     6  2006        2.55
    27     6  2006        2.95
    28     6  2006        2.36
    29     6  2006        1.19
    30     6  2006        2.97
     1     7  2006        0.00
     2     7  2006        0.79
     3     7  2006        0.00
     4     7  2006        0.20
     5     7  2006        0.00
     6     7  2006        0.00
     7     7  2006        3.15
     8     7  2006        0.00
     9     7  2006        0.00
    10     7  2006        0.00
    11     7  2006        0.20
    12     7  2006        0.00
    13     7  2006        0.00
    14     7  2006        0.00
    15     7  2006        1.18
    16     7  2006        0.79
    17     7  2006        0.20
    18     7  2006        2.95
    19     7  2006        0.00
    20     7  2006        0.00
    21     7  2006        0.00
    22     7  2006        0.00
    23     7  2006        0.20
    24     7  2006        0.00
    25     7  2006        0.00
    26     7  2006        0.00
    27     7  2006        2.56
    28     7  2006        3.35
    29     7  2006        4.33
    30     7  2006        0.00
    31     7  2006        1.01
     1     8  2006        0.20
     2     8  2006        0.20
     3     8  2006        4.13
     4     8  2006        0.00
     5     8  2006        0.00
     6     8  2006        0.00
     7     8  2006        2.37
     8     8  2006        0.60
     9     8  2006        7.09
    10     8  2006        3.94
    11     8  2006        0.00
    12     8  2006        0.42
    13     8  2006        0.00
    14     8  2006        0.00
    15     8  2006        0.00
    16     8  2006        0.00
    17     8  2006        0.20
    18     8  2006        0.00
    19     8  2006        0.00
    20     8  2006        0.00
    21     8  2006        0.00
    22     8  2006        0.00
    23     8  2006        0.00
    24     8  2006        0.00
    25     8  2006        0.00
    26     8  2006        0.00
    27     8  2006        0.00
    28     8  2006        0.00
    29     8  2006        0.00
    30     8  2006        0.00
    31     8  2006        0.00
     1     9  2006        0.00
     2     9  2006        0.00
     3     9  2006        0.00
     4     9  2006        0.00
     5     9  2006        0.00
     6     9  2006        0.00
     7     9  2006        0.00
     8     9  2006        0.20
     9     9  2006        0.00
    10     9  2006        0.00
    11     9  2006        0.00
    12     9  2006        0.00
    13     9  2006        0.00
    14     9  2006        0.20
    15     9  2006        0.00
    16     9  2006        0.00
    17     9  2006        0.00
    18     9  2006        1.38
    19     9  2006        1.58
    20     9  2006        1.77
    21     9  2006        0.81
    22     9  2006        0.00
    23     9  2006        0.20
    24     9  2006        0.20
    25     9  2006        0.00
    26     9  2006        0.20
    27     9  2006        0.00
    28     9  2006        0.00
    29     9  2006        0.00
    30     9  2006        0.00
     1    10  2006        0.00
     2    10  2006        0.00
     3    10  2006        0.20
     4    10  2006        0.00
     5    10  2006        0.00
     6    10  2006        0.00
     7    10  2006        0.00
     8    10  2006        0.00
     9    10  2006        1.18
    10    10  2006        0.00
    11    10  2006        0.20
    12    10  2006        1.40
    13    10  2006        0.62
    14    10  2006        0.20
    15    10  2006        0.20
    16    10  2006        0.00
    17    10  2006        0.00
    18    10  2006        0.99
    19    10  2006        0.79
    20    10  2006        0.00
    21    10  2006        0.00
    22    10  2006        0.39
    23    10  2006        0.40
    24    10  2006        0.79
    25    10  2006        0.40
    26    10  2006        0.00
    27    10  2006        0.00
    28    10  2006        0.00
    29    10  2006        0.00
    30    10  2006        0.20
    31    10  2006        0.00
     1    11  2006        0.00
     2    11  2006        0.00
     3    11  2006        0.00
     4    11  2006        0.00
     5    11  2006        0.00
     6    11  2006        0.00
     7    11  2006        0.00
     8    11  2006        0.00
     9    11  2006        0.00
    10    11  2006        0.00
    11    11  2006        0.00
    12    11  2006        0.00
    13    11  2006        0.00
    14    11  2006        0.00
    15    11  2006        0.00
    16    11  2006        0.00
    17    11  2006        0.00
    18    11  2006        0.00
    19    11  2006        0.00
    20    11  2006        0.00
    21    11  2006        0.00
    22    11  2006        0.00
    23    11  2006        1.37
    24    11  2006        0.20
    25    11  2006        2.36
    26    11  2006        0.00
    27    11  2006        0.00
    28    11  2006        0.00
    29    11  2006        0.00
    30    11  2006        0.00
     1    12  2006        0.00
     2    12  2006        0.00
     3    12  2006        0.00
     4    12  2006        0.20
     5    12  2006        0.00
     6    12  2006        0.00
     7    12  2006        0.00
     8    12  2006        0.99
     9    12  2006        0.99
    10    12  2006        1.19
    11    12  2006        0.98
    12    12  2006        6.10
    13    12  2006        0.20
    14    12  2006        0.20
    15    12  2006        0.00
    16    12  2006        0.00
    17    12  2006        0.00
    18    12  2006        0.00
    19    12  2006        0.20
    20    12  2006        0.79
    21    12  2006        1.01
    22    12  2006        0.00
    23    12  2006        0.00
    24    12  2006        0.00
    25    12  2006        0.00
    26    12  2006        0.00
    27    12  2006        0.00
    28    12  2006        0.20
    29    12  2006        0.00
    30    12  2006        0.00
    31    12  2006        0.00
     1     1  2007        0.00
     2     1  2007        0.00
     3     1  2007        0.98
     4     1  2007        1.77
     5     1  2007        2.17
     6     1  2007        0.00
     7     1  2007        0.00
     8     1  2007        0.20
     9     1  2007        0.00
    10     1  2007        0.00
    11     1  2007        0.00
    12     1  2007        0.00
    13     1  2007        0.00
    14     1  2007        0.00
    15     1  2007        0.00
    16     1  2007        0.00
    17     1  2007        0.00
