     1     1  2001        0.00
     2     1  2001        0.00
     3     1  2001        0.00
     4     1  2001        0.00
     5     1  2001        0.00
     6     1  2001        0.00
     7     1  2001        0.00
     8     1  2001        0.00
     9     1  2001        0.00
    10     1  2001        0.00
    11     1  2001        0.00
    12     1  2001        0.00
    13     1  2001        0.00
    14     1  2001        0.00
    15     1  2001        0.00
    16     1  2001        0.00
    17     1  2001        0.00
    18     1  2001        0.00
    19     1  2001        0.00
    20     1  2001        0.00
    21     1  2001        0.00
    22     1  2001        0.00
    23     1  2001        0.00
    24     1  2001        0.00
    25     1  2001        0.00
    26     1  2001        0.00
    27     1  2001        0.00
    28     1  2001        0.00
    29     1  2001        0.00
    30     1  2001        0.00
    31     1  2001        0.00
     1     2  2001        0.00
     2     2  2001        0.20
     3     2  2001        0.20
     4     2  2001        0.60
     5     2  2001        0.00
     6     2  2001        0.00
     7     2  2001        0.00
     8     2  2001        0.00
     9     2  2001        0.00
    10     2  2001        0.00
    11     2  2001        0.00
    12     2  2001        0.00
    13     2  2001        0.00
    14     2  2001        0.00
    15     2  2001        0.00
    16     2  2001        0.20
    17     2  2001        0.20
    18     2  2001        0.00
    19     2  2001        0.00
    20     2  2001        0.00
    21     2  2001        0.98
    22     2  2001        1.77
    23     2  2001        0.39
    24     2  2001        2.36
    25     2  2001        1.00
    26     2  2001        1.78
    27     2  2001        3.74
    28     2  2001        3.34
     1     3  2001        1.77
     2     3  2001        0.00
     3     3  2001        1.78
     4     3  2001        1.18
     5     3  2001        0.00
     6     3  2001        0.00
     7     3  2001        0.00
     8     3  2001        0.00
     9     3  2001        0.00
    10     3  2001        0.00
    11     3  2001        0.00
    12     3  2001        0.00
    13     3  2001        0.00
    14     3  2001        0.00
    15     3  2001        2.16
    16     3  2001        1.96
    17     3  2001        4.90
    18     3  2001        0.20
    19     3  2001        0.00
    20     3  2001        0.59
    21     3  2001        0.40
    22     3  2001        0.00
    23     3  2001        0.00
    24     3  2001        0.00
    25     3  2001        0.00
    26     3  2001        0.00
    27     3  2001        0.00
    28     3  2001        0.00
    29     3  2001        0.00
    30     3  2001        0.00
    31     3  2001        0.00
     1     4  2001        0.00
     2     4  2001        0.00
     3     4  2001        0.00
     4     4  2001        0.00
     5     4  2001        0.00
     6     4  2001        0.00
     7     4  2001        0.00
     8     4  2001        0.00
     9     4  2001        3.54
    10     4  2001        1.38
    11     4  2001        0.00
    12     4  2001        0.00
    13     4  2001        0.00
    14     4  2001        0.00
    15     4  2001        0.00
    16     4  2001        0.20
    17     4  2001        0.00
    18     4  2001        0.00
    19     4  2001        0.20
    20     4  2001        0.20
    21     4  2001        0.00
    22     4  2001        0.00
    23     4  2001        0.00
    24     4  2001        0.00
    25     4  2001        0.00
    26     4  2001        0.00
    27     4  2001        0.00
    28     4  2001        0.00
    29     4  2001        0.00
    30     4  2001        4.92
     1     5  2001        0.99
     2     5  2001        0.80
     3     5  2001        0.59
     4     5  2001        1.18
     5     5  2001        0.39
     6     5  2001        0.20
     7     5  2001        0.20
     8     5  2001        0.39
     9     5  2001        0.20
    10     5  2001        1.38
    11     5  2001        2.17
    12     5  2001        0.79
    13     5  2001        0.60
    14     5  2001        0.00
    15     5  2001        0.00
    16     5  2001        0.20
    17     5  2001        0.00
    18     5  2001        0.00
    19     5  2001        0.00
    20     5  2001        0.00
    21     5  2001        0.00
    22     5  2001        0.00
    23     5  2001        0.00
    24     5  2001        0.00
    25     5  2001        0.00
    26     5  2001        0.00
    27     5  2001        0.00
    28     5  2001        0.00
    29     5  2001        0.00
    30     5  2001        0.00
    31     5  2001        0.00
     1     6  2001        0.00
     2     6  2001        0.00
     3     6  2001        0.00
     4     6  2001        0.00
     5     6  2001        0.00
     6     6  2001        0.00
     7     6  2001        0.00
     8     6  2001        0.00
     9     6  2001        0.00
    10     6  2001        0.00
    11     6  2001        0.40
    12     6  2001        0.00
    13     6  2001        0.00
    14     6  2001        0.00
    15     6  2001        0.00
    16     6  2001        0.00
    17     6  2001        0.00
    18     6  2001        0.00
    19     6  2001        0.00
    20     6  2001        0.00
    21     6  2001        0.00
    22     6  2001        0.00
    23     6  2001        0.00
    24     6  2001        0.00
    25     6  2001        0.00
    26     6  2001        0.00
    27     6  2001        0.00
    28     6  2001        0.00
    29     6  2001        0.00
    30     6  2001        0.00
     1     7  2001        0.00
     2     7  2001        0.00
     3     7  2001        0.00
     4     7  2001        0.00
     5     7  2001        0.00
     6     7  2001        0.00
     7     7  2001        0.00
     8     7  2001        0.00
     9     7  2001        0.00
    10     7  2001        0.00
    11     7  2001        0.00
    12     7  2001        0.00
    13     7  2001        0.00
    14     7  2001        0.00
    15     7  2001        0.00
    16     7  2001        0.00
    17     7  2001        0.00
    18     7  2001        0.00
    19     7  2001        0.00
    20     7  2001        0.00
    21     7  2001        0.00
    22     7  2001        0.00
    23     7  2001        0.00
    24     7  2001        0.20
    25     7  2001        0.20
    26     7  2001        0.00
    27     7  2001        0.79
    28     7  2001        1.78
    29     7  2001        0.00
    30     7  2001        0.00
    31     7  2001        0.00
     1     8  2001        0.00
     2     8  2001        0.00
     3     8  2001        0.00
     4     8  2001        0.00
     5     8  2001        0.00
     6     8  2001        0.00
     7     8  2001        0.00
     8     8  2001        0.00
     9     8  2001        0.00
    10     8  2001        0.00
    11     8  2001        0.00
    12     8  2001        0.39
    13     8  2001        0.00
    14     8  2001        1.37
    15     8  2001        0.20
    16     8  2001        0.00
    17     8  2001        0.00
    18     8  2001        0.00
    19     8  2001        0.00
    20     8  2001        0.00
    21     8  2001        1.38
    22     8  2001        0.20
    23     8  2001        0.00
    24     8  2001        0.00
    25     8  2001        0.00
    26     8  2001        0.00
    27     8  2001        0.00
    28     8  2001        0.00
    29     8  2001        0.00
    30     8  2001        0.00
    31     8  2001        0.00
     1     9  2001        0.00
     2     9  2001        0.00
     3     9  2001        0.00
     4     9  2001        0.00
     5     9  2001        0.00
     6     9  2001        0.00
     7     9  2001        0.00
     8     9  2001        0.00
     9     9  2001        0.00
    10     9  2001        0.00
    11     9  2001        0.00
    12     9  2001        0.00
    13     9  2001        0.00
    14     9  2001        0.20
    15     9  2001        0.20
    16     9  2001        0.00
    17     9  2001        0.00
    18     9  2001        0.00
    19     9  2001        0.00
    20     9  2001        0.00
    21     9  2001        0.00
    22     9  2001        0.00
    23     9  2001        0.00
    24     9  2001        0.00
    25     9  2001        0.00
    26     9  2001        0.00
    27     9  2001        0.00
    28     9  2001        0.00
    29     9  2001        0.00
    30     9  2001        0.00
     1    10  2001        0.00
     2    10  2001        0.00
     3    10  2001        0.00
     4    10  2001        0.00
     5    10  2001        0.00
     6    10  2001        0.00
     7    10  2001        0.00
     8    10  2001        0.00
     9    10  2001        0.00
    10    10  2001        0.00
    11    10  2001        0.00
    12    10  2001        0.00
    13    10  2001        0.00
    14    10  2001        0.00
    15    10  2001        0.00
    16    10  2001        0.00
    17    10  2001        0.00
    18    10  2001        0.00
    19    10  2001        0.00
    20    10  2001        0.00
    21    10  2001        0.00
    22    10  2001        0.00
    23    10  2001        0.00
    24    10  2001        0.00
    25    10  2001        0.00
    26    10  2001        0.00
    27    10  2001        0.00
    28    10  2001        0.00
    29    10  2001        0.00
    30    10  2001        0.00
    31    10  2001        0.00
     1    11  2001        0.00
     2    11  2001        0.00
     3    11  2001        0.00
     4    11  2001        0.00
     5    11  2001        0.00
     6    11  2001        0.00
     7    11  2001        0.00
     8    11  2001        0.00
     9    11  2001        0.00
    10    11  2001        0.00
    11    11  2001        0.00
    12    11  2001        0.00
    13    11  2001        0.00
    14    11  2001        0.00
    15    11  2001        0.00
    16    11  2001        0.00
    17    11  2001        0.20
    18    11  2001        0.00
    19    11  2001        0.00
    20    11  2001        0.00
    21    11  2001        0.00
    22    11  2001        0.00
    23    11  2001        0.00
    24    11  2001        0.00
    25    11  2001        0.00
    26    11  2001        0.00
    27    11  2001        0.00
    28    11  2001        0.00
    29    11  2001        0.00
    30    11  2001        0.00
     1    12  2001        0.00
     2    12  2001        0.00
     3    12  2001        0.00
     4    12  2001        0.00
     5    12  2001        0.00
     6    12  2001        0.00
     7    12  2001        0.00
     8    12  2001        0.00
     9    12  2001        0.00
    10    12  2001        0.00
    11    12  2001        0.00
    12    12  2001        0.00
    13    12  2001        0.00
    14    12  2001        0.00
    15    12  2001        0.00
    16    12  2001        0.00
    17    12  2001        0.00
    18    12  2001        0.00
    19    12  2001        0.00
    20    12  2001        0.00
    21    12  2001        0.00
    22    12  2001        0.99
    23    12  2001        0.00
    24    12  2001        0.00
    25    12  2001        0.00
    26    12  2001        0.00
    27    12  2001        0.00
    28    12  2001        0.00
    29    12  2001        0.00
    30    12  2001        0.00
    31    12  2001        0.00
     1     1  2002        0.00
     2     1  2002        0.00
     3     1  2002        0.00
     4     1  2002        0.00
     5     1  2002        0.00
     6     1  2002        0.00
     7     1  2002        0.00
     8     1  2002        0.00
     9     1  2002        0.00
    10     1  2002        0.00
    11     1  2002        0.00
    12     1  2002        0.00
    13     1  2002        0.00
    14     1  2002        0.00
    15     1  2002        0.00
    16     1  2002        0.00
    17     1  2002        0.00
    18     1  2002        0.00
    19     1  2002        0.00
    20     1  2002        0.00
    21     1  2002        0.00
    22     1  2002        0.00
    23     1  2002        0.00
    24     1  2002        0.00
    25     1  2002        0.00
    26     1  2002        0.00
    27     1  2002        0.00
    28     1  2002        0.00
    29     1  2002        0.00
    30     1  2002        0.00
    31     1  2002        0.00
     1     2  2002        0.00
     2     2  2002        0.00
     3     2  2002        0.00
     4     2  2002        0.00
     5     2  2002        0.00
     6     2  2002        0.00
     7     2  2002        0.00
     8     2  2002        0.00
     9     2  2002        0.00
    10     2  2002        0.00
    11     2  2002        0.00
    12     2  2002        0.00
    13     2  2002        0.00
    14     2  2002        0.00
    15     2  2002        0.00
    16     2  2002        0.00
    17     2  2002        0.00
    18     2  2002        0.00
    19     2  2002        0.00
    20     2  2002        0.00
    21     2  2002        0.00
    22     2  2002        0.00
    23     2  2002        0.00
    24     2  2002        0.00
    25     2  2002        0.00
    26     2  2002        0.00
    27     2  2002        0.00
    28     2  2002        0.00
     1     3  2002        0.00
     2     3  2002        5.90
     3     3  2002        0.40
     4     3  2002        0.00
     5     3  2002        0.00
     6     3  2002        0.00
     7     3  2002        0.00
     8     3  2002        0.00
     9     3  2002        0.00
    10     3  2002        0.00
    11     3  2002        0.00
    12     3  2002        0.00
    13     3  2002        0.00
    14     3  2002        0.00
    15     3  2002        0.00
    16     3  2002        0.00
    17     3  2002        0.00
    18     3  2002        0.00
    19     3  2002        0.00
    20     3  2002        0.00
    21     3  2002        0.00
    22     3  2002        0.00
    23     3  2002        0.00
    24     3  2002        0.00
    25     3  2002        0.00
    26     3  2002        0.00
    27     3  2002        0.00
    28     3  2002        0.00
    29     3  2002        0.00
    30     3  2002        0.00
    31     3  2002        0.00
     1     4  2002        0.00
     2     4  2002        0.00
     3     4  2002        0.00
     4     4  2002        0.00
     5     4  2002        0.00
     6     4  2002        0.00
     7     4  2002        0.00
     8     4  2002        0.00
     9     4  2002        0.00
    10     4  2002        0.00
    11     4  2002        0.00
    12     4  2002        0.00
    13     4  2002        0.40
    14     4  2002        0.00
    15     4  2002        0.00
    16     4  2002        0.78
    17     4  2002        0.00
    18     4  2002        0.00
    19     4  2002        0.20
    20     4  2002        0.00
    21     4  2002        0.00
    22     4  2002        2.36
    23     4  2002        3.73
    24     4  2002        0.00
    25     4  2002        0.00
    26     4  2002        0.20
    27     4  2002        0.98
    28     4  2002        0.20
    29     4  2002        0.80
    30     4  2002        0.99
     1     5  2002        3.93
     2     5  2002        6.69
     3     5  2002        4.13
     4     5  2002        4.33
     5     5  2002        9.26
     6     5  2002        2.36
     7     5  2002        0.20
     8     5  2002        0.99
     9     5  2002        3.15
    10     5  2002        0.40
    11     5  2002        0.00
    12     5  2002        0.20
    13     5  2002        2.76
    14     5  2002        1.58
    15     5  2002        0.20
    16     5  2002        0.40
    17     5  2002        0.00
    18     5  2002        0.00
    19     5  2002        0.20
    20     5  2002        0.00
    21     5  2002        0.00
    22     5  2002        4.33
    23     5  2002        2.95
    24     5  2002        0.40
    25     5  2002        1.77
    26     5  2002        0.20
    27     5  2002        1.78
    28     5  2002        0.40
    29     5  2002        3.93
    30     5  2002        3.55
    31     5  2002        3.14
     1     6  2002        0.20
     2     6  2002        0.00
     3     6  2002        0.20
     4     6  2002        1.18
     5     6  2002        0.20
     6     6  2002        1.77
     7     6  2002        0.20
     8     6  2002        3.74
     9     6  2002        0.00
    10     6  2002        0.00
    11     6  2002        0.00
    12     6  2002        0.00
    13     6  2002        0.00
    14     6  2002        0.00
    15     6  2002        0.00
    16     6  2002        0.00
    17     6  2002        0.00
    18     6  2002        0.00
    19     6  2002        0.00
    20     6  2002        1.18
    21     6  2002        0.20
    22     6  2002        0.00
    23     6  2002        0.00
    24     6  2002        0.00
    25     6  2002        0.00
    26     6  2002        0.00
    27     6  2002        0.00
    28     6  2002        0.00
    29     6  2002        0.00
    30     6  2002        0.00
     1     7  2002        0.00
     2     7  2002        0.00
     3     7  2002        0.00
     4     7  2002        0.79
     5     7  2002        0.20
     6     7  2002        0.20
     7     7  2002        0.00
     8     7  2002        0.00
     9     7  2002        0.00
    10     7  2002        0.00
    11     7  2002        0.00
    12     7  2002        0.00
    13     7  2002        0.00
    14     7  2002        0.00
    15     7  2002        0.40
    16     7  2002        0.59
    17     7  2002        0.60
    18     7  2002        2.95
    19     7  2002        4.51
    20     7  2002        0.40
    21     7  2002        6.88
    22     7  2002        3.94
    23     7  2002        0.20
    24     7  2002        0.00
    25     7  2002        0.20
    26     7  2002        0.20
    27     7  2002       10.23
    28     7  2002       11.39
    29     7  2002        6.49
    30     7  2002        7.08
    31     7  2002        2.76
     1     8  2002        1.97
     2     8  2002        8.64
     3     8  2002        0.79
     4     8  2002        2.56
     5     8  2002        3.35
     6     8  2002        0.20
     7     8  2002        0.20
     8     8  2002        1.97
     9     8  2002        1.38
    10     8  2002        2.76
    11     8  2002        2.17
    12     8  2002        1.58
    13     8  2002        7.91
    14     8  2002        5.52
    15     8  2002        0.20
    16     8  2002        4.73
    17     8  2002        0.59
    18     8  2002        0.60
    19     8  2002        0.00
    20     8  2002        0.00
    21     8  2002        0.00
    22     8  2002        0.00
    23     8  2002        0.00
    24     8  2002        0.00
    25     8  2002        1.58
    26     8  2002        1.58
    27     8  2002        4.12
    28     8  2002        0.40
    29     8  2002        0.60
    30     8  2002        0.20
    31     8  2002        0.20
     1     9  2002        0.40
     2     9  2002        1.19
     3     9  2002        3.33
     4     9  2002        0.59
     5     9  2002        0.20
     6     9  2002        0.20
     7     9  2002        0.20
     8     9  2002        0.00
     9     9  2002        0.00
    10     9  2002        0.00
    11     9  2002        0.00
    12     9  2002        0.20
    13     9  2002        0.20
    14     9  2002        0.20
    15     9  2002        8.06
    16     9  2002        1.97
    17     9  2002        0.20
    18     9  2002        1.58
    19     9  2002       12.21
    20     9  2002       11.02
    21     9  2002       15.14
    22     9  2002        3.74
    23     9  2002        1.58
    24     9  2002        1.59
    25     9  2002        1.18
    26     9  2002        1.38
    27     9  2002        1.78
    28     9  2002        0.99
    29     9  2002        0.40
    30     9  2002        0.20
     1    10  2002       14.17
     2    10  2002       11.03
     3    10  2002        3.15
     4    10  2002        0.98
     5    10  2002        1.38
     6    10  2002        0.59
     7    10  2002        0.20
     8    10  2002        0.20
     9    10  2002        0.00
    10    10  2002        0.20
    11    10  2002        2.16
    12    10  2002        1.78
    13    10  2002        6.28
    14    10  2002        5.90
    15    10  2002       16.52
    16    10  2002        3.94
    17    10  2002        2.56
    18    10  2002       15.95
    19    10  2002        4.13
    20    10  2002        8.86
    21    10  2002        1.77
    22    10  2002        3.95
    23    10  2002        0.40
    24    10  2002        0.00
    25    10  2002        3.54
    26    10  2002        0.20
    27    10  2002        0.20
    28    10  2002        0.00
    29    10  2002        0.20
    30    10  2002        0.00
    31    10  2002        0.00
     1    11  2002        0.00
     2    11  2002        0.20
     3    11  2002        0.20
     4    11  2002        1.38
     5    11  2002        0.20
     6    11  2002        0.60
     7    11  2002        1.77
     8    11  2002        0.40
     9    11  2002        0.40
    10    11  2002        0.20
    11    11  2002        1.38
    12    11  2002        0.00
    13    11  2002        0.20
    14    11  2002        0.00
    15    11  2002        0.20
    16    11  2002        0.00
    17    11  2002        0.00
    18    11  2002        0.00
    19    11  2002        0.00
    20    11  2002        0.00
    21    11  2002        0.00
    22    11  2002        0.00
    23    11  2002        0.00
    24    11  2002        0.00
    25    11  2002        0.00
    26    11  2002        0.00
    27    11  2002        0.00
    28    11  2002        0.00
    29    11  2002        0.00
    30    11  2002        0.00
     1    12  2002        0.40
     2    12  2002        0.20
     3    12  2002        0.00
     4    12  2002        0.00
     5    12  2002        0.00
     6    12  2002        0.00
     7    12  2002        0.00
     8    12  2002        0.00
     9    12  2002        0.00
    10    12  2002        0.00
    11    12  2002        0.00
    12    12  2002        0.00
    13    12  2002        0.00
    14    12  2002        0.20
    15    12  2002        0.20
    16    12  2002        0.00
    17    12  2002        0.00
    18    12  2002        1.37
    19    12  2002        0.20
    20    12  2002        0.00
    21    12  2002        0.20
    22    12  2002        0.00
    23    12  2002        0.00
    24    12  2002        0.00
    25    12  2002        0.00
    26    12  2002        0.00
    27    12  2002        0.00
    28    12  2002        0.20
    29    12  2002        0.20
    30    12  2002        0.40
    31    12  2002        0.60
     1     1  2003        0.20
     2     1  2003        0.20
     3     1  2003        0.00
     4     1  2003        0.00
     5     1  2003        4.91
     6     1  2003        1.78
     7     1  2003        0.80
     8     1  2003        0.00
     9     1  2003        0.59
    10     1  2003        0.20
    11     1  2003        5.71
    12     1  2003        7.27
    13     1  2003        1.58
    14     1  2003        0.60
    15     1  2003        0.40
    16     1  2003        0.00
    17     1  2003        0.00
    18     1  2003        2.36
    19     1  2003        4.53
    20     1  2003        2.95
    21     1  2003        0.79
    22     1  2003        0.20
    23     1  2003        0.00
    24     1  2003        0.00
    25     1  2003        0.20
    26     1  2003        0.00
    27     1  2003        0.00
    28     1  2003        0.00
    29     1  2003        0.40
    30     1  2003        0.60
    31     1  2003        0.59
     1     2  2003        3.94
     2     2  2003        0.20
     3     2  2003        0.00
     4     2  2003        0.00
     5     2  2003        0.00
     6     2  2003        0.00
     7     2  2003        0.00
     8     2  2003        0.00
     9     2  2003        0.00
    10     2  2003        0.00
    11     2  2003        0.00
    12     2  2003        0.00
    13     2  2003        0.00
    14     2  2003        0.00
    15     2  2003        0.00
    16     2  2003        0.00
    17     2  2003        0.00
    18     2  2003        0.00
    19     2  2003        0.00
    20     2  2003        0.00
    21     2  2003        0.00
    22     2  2003        3.95
    23     2  2003        0.20
    24     2  2003        0.20
    25     2  2003        0.00
    26     2  2003        0.00
    27     2  2003        0.00
    28     2  2003        0.00
     1     3  2003        0.00
     2     3  2003        0.00
     3     3  2003        0.00
     4     3  2003        0.00
     5     3  2003        0.00
     6     3  2003        0.00
     7     3  2003        0.00
     8     3  2003        0.00
     9     3  2003        0.00
    10     3  2003        0.00
    11     3  2003        0.00
    12     3  2003        0.00
    13     3  2003        0.00
    14     3  2003        0.00
    15     3  2003        0.00
    16     3  2003        0.00
    17     3  2003        0.00
    18     3  2003        0.00
    19     3  2003        0.00
    20     3  2003        0.00
    21     3  2003        0.00
    22     3  2003        0.00
    23     3  2003        0.00
    24     3  2003        0.00
    25     3  2003        0.00
    26     3  2003        0.00
    27     3  2003        0.00
    28     3  2003        0.60
    29     3  2003        0.00
    30     3  2003        0.00
    31     3  2003        0.00
     1     4  2003        0.20
     2     4  2003        3.35
     3     4  2003        1.78
     4     4  2003        2.55
     5     4  2003        0.20
     6     4  2003        0.00
     7     4  2003        0.00
     8     4  2003        0.00
     9     4  2003        0.00
    10     4  2003        0.00
    11     4  2003        0.00
    12     4  2003        0.00
    13     4  2003        0.00
    14     4  2003        0.00
    15     4  2003        0.00
    16     4  2003        0.00
    17     4  2003        0.00
    18     4  2003        0.00
    19     4  2003        0.00
    20     4  2003        0.39
    21     4  2003        0.39
    22     4  2003        0.39
    23     4  2003        0.59
    24     4  2003        0.20
    25     4  2003        0.00
    26     4  2003        0.00
    27     4  2003        0.00
    28     4  2003        0.00
    29     4  2003        0.00
    30     4  2003        0.00
     1     5  2003        0.00
     2     5  2003        0.00
     3     5  2003        2.95
     4     5  2003        0.00
     5     5  2003        0.00
     6     5  2003        0.20
     7     5  2003        0.00
     8     5  2003        0.20
     9     5  2003        0.00
    10     5  2003        0.00
    11     5  2003        0.00
    12     5  2003        0.00
    13     5  2003        0.00
    14     5  2003        0.00
    15     5  2003        0.00
    16     5  2003        0.00
    17     5  2003        0.00
    18     5  2003        0.20
    19     5  2003        0.00
    20     5  2003        0.20
    21     5  2003        0.00
    22     5  2003        0.00
    23     5  2003        0.00
    24     5  2003        0.40
    25     5  2003        1.18
    26     5  2003        0.00
    27     5  2003        0.40
    28     5  2003        0.80
    29     5  2003        2.17
    30     5  2003        0.78
    31     5  2003        0.00
     1     6  2003        0.00
     2     6  2003        0.00
     3     6  2003        0.00
     4     6  2003        0.00
     5     6  2003        0.00
     6     6  2003        0.00
     7     6  2003        0.00
     8     6  2003        0.40
     9     6  2003        0.20
    10     6  2003        0.59
    11     6  2003        0.20
    12     6  2003        0.00
    13     6  2003        0.00
    14     6  2003        0.00
    15     6  2003        0.00
    16     6  2003        0.00
    17     6  2003        0.00
    18     6  2003        0.20
    19     6  2003        0.00
    20     6  2003        0.00
    21     6  2003        0.20
    22     6  2003        0.00
    23     6  2003        0.00
    24     6  2003        0.00
    25     6  2003        0.00
    26     6  2003        0.00
    27     6  2003        0.00
    28     6  2003        0.00
    29     6  2003        0.00
    30     6  2003        0.00
     1     7  2003        0.00
     2     7  2003        0.00
     3     7  2003        0.00
     4     7  2003        0.00
     5     7  2003        0.39
     6     7  2003        0.20
     7     7  2003        0.20
     8     7  2003        0.20
     9     7  2003        0.20
    10     7  2003        0.00
    11     7  2003        0.60
    12     7  2003        2.16
    13     7  2003        0.00
    14     7  2003        0.00
    15     7  2003        0.00
    16     7  2003        0.20
    17     7  2003        0.20
    18     7  2003        0.00
    19     7  2003        0.00
    20     7  2003        0.00
    21     7  2003        0.00
    22     7  2003        0.00
    23     7  2003        0.00
    24     7  2003        0.00
    25     7  2003        0.00
    26     7  2003        0.00
    27     7  2003        0.00
    28     7  2003        0.00
    29     7  2003        0.00
    30     7  2003        0.00
    31     7  2003        0.00
     1     8  2003        0.00
     2     8  2003        0.00
     3     8  2003        0.00
     4     8  2003        0.00
     5     8  2003        0.00
     6     8  2003        0.00
     7     8  2003        0.00
     8     8  2003        0.00
     9     8  2003        0.00
    10     8  2003        0.00
    11     8  2003        0.00
    12     8  2003        0.00
    13     8  2003        0.00
    14     8  2003        0.00
    15     8  2003        0.00
    16     8  2003        0.00
    17     8  2003        0.00
    18     8  2003        0.00
    19     8  2003        0.00
    20     8  2003        0.00
    21     8  2003        0.00
    22     8  2003        0.00
    23     8  2003        0.99
    24     8  2003        0.20
    25     8  2003        0.20
    26     8  2003        0.00
    27     8  2003        0.00
    28     8  2003        0.00
    29     8  2003        0.39
    30     8  2003        0.20
    31     8  2003        0.00
     1     9  2003        0.00
     2     9  2003        0.00
     3     9  2003        0.00
     4     9  2003        0.00
     5     9  2003        6.35
     6     9  2003        4.13
     7     9  2003        0.00
     8     9  2003        0.40
     9     9  2003        0.00
    10     9  2003        0.00
    11     9  2003        0.00
    12     9  2003        0.00
    13     9  2003        0.00
    14     9  2003        0.00
    15     9  2003        0.00
    16     9  2003        0.00
    17     9  2003        0.20
    18     9  2003        0.20
    19     9  2003        0.00
    20     9  2003        0.00
    21     9  2003        0.00
    22     9  2003        0.00
    23     9  2003        0.00
    24     9  2003        0.00
    25     9  2003        0.00
    26     9  2003        2.36
    27     9  2003        6.28
    28     9  2003        2.56
    29     9  2003        0.00
    30     9  2003        0.00
     1    10  2003        0.00
     2    10  2003        0.00
     3    10  2003        0.00
     4    10  2003        0.00
     5    10  2003        0.00
     6    10  2003        0.00
     7    10  2003        0.00
     8    10  2003        0.00
     9    10  2003        0.00
    10    10  2003        0.00
    11    10  2003        0.00
    12    10  2003        0.00
    13    10  2003        0.20
    14    10  2003        0.00
    15    10  2003        0.00
    16    10  2003        0.00
    17    10  2003        0.00
    18    10  2003        0.00
    19    10  2003        0.00
    20    10  2003        0.00
    21    10  2003        0.00
    22    10  2003        0.00
    23    10  2003        0.00
    24    10  2003        0.00
    25    10  2003        0.00
    26    10  2003        0.00
    27    10  2003        0.00
    28    10  2003        0.00
    29    10  2003        0.00
    30    10  2003        0.00
    31    10  2003        0.00
     1    11  2003        0.00
     2    11  2003        0.00
     3    11  2003        0.00
     4    11  2003        0.00
     5    11  2003        0.00
     6    11  2003        0.40
     7    11  2003        3.73
     8    11  2003        7.07
     9    11  2003        2.36
    10    11  2003        0.00
    11    11  2003        0.00
    12    11  2003        0.40
    13    11  2003        0.00
    14    11  2003        0.00
    15    11  2003        0.00
    16    11  2003        0.00
    17    11  2003        0.00
    18    11  2003        0.20
    19    11  2003        0.00
    20    11  2003        0.00
    21    11  2003        0.60
    22    11  2003        0.20
    23    11  2003        0.00
    24    11  2003        0.00
    25    11  2003        0.00
    26    11  2003        0.00
    27    11  2003        0.00
    28    11  2003        0.00
    29    11  2003        0.00
    30    11  2003        0.00
     1    12  2003        0.00
     2    12  2003        0.00
     3    12  2003        0.20
     4    12  2003        0.00
     5    12  2003        0.00
     6    12  2003        0.20
     7    12  2003        0.00
     8    12  2003        0.00
     9    12  2003        0.00
    10    12  2003        0.00
    11    12  2003        0.00
    12    12  2003        0.00
    13    12  2003        0.00
    14    12  2003        0.00
    15    12  2003        0.00
    16    12  2003        0.00
    17    12  2003        0.00
    18    12  2003        0.20
    19    12  2003        0.00
    20    12  2003        0.00
    21    12  2003        0.00
    22    12  2003        0.00
    23    12  2003        0.00
    24    12  2003        0.00
    25    12  2003        0.80
    26    12  2003        2.15
    27    12  2003        1.77
    28    12  2003        1.39
    29    12  2003        1.38
    30    12  2003        0.40
    31    12  2003        2.17
     1     1  2004        0.00
     2     1  2004        0.20
     3     1  2004        4.52
     4     1  2004        1.19
     5     1  2004        1.19
     6     1  2004        0.99
     7     1  2004        0.60
     8     1  2004        0.60
     9     1  2004        0.00
    10     1  2004        0.20
    11     1  2004        0.40
    12     1  2004        0.00
    13     1  2004        0.00
    14     1  2004        0.20
    15     1  2004        0.00
    16     1  2004        0.00
    17     1  2004        0.00
    18     1  2004        0.00
    19     1  2004        0.00
    20     1  2004        0.00
    21     1  2004        0.00
    22     1  2004        0.00
    23     1  2004        0.99
    24     1  2004        0.79
    25     1  2004        0.00
    26     1  2004        0.20
    27     1  2004        0.20
    28     1  2004        0.00
    29     1  2004        2.36
    30     1  2004        2.57
    31     1  2004        0.00
     1     2  2004        0.00
     2     2  2004        0.00
     3     2  2004        0.00
     4     2  2004        0.00
     5     2  2004        0.00
     6     2  2004        0.00
     7     2  2004        0.00
     8     2  2004        0.20
     9     2  2004        0.00
    10     2  2004        0.00
    11     2  2004        0.00
    12     2  2004        0.20
    13     2  2004        0.20
    14     2  2004        0.00
    15     2  2004        0.20
    16     2  2004        4.72
    17     2  2004        0.00
    18     2  2004        0.40
    19     2  2004        0.00
    20     2  2004        0.00
    21     2  2004        0.00
    22     2  2004        0.00
    23     2  2004        0.00
    24     2  2004        0.00
    25     2  2004        0.98
    26     2  2004        0.00
    27     2  2004        2.36
    28     2  2004        1.57
    29     2  2004        2.16
     1     3  2004        0.99
     2     3  2004        0.00
     3     3  2004        0.20
     4     3  2004        0.20
     5     3  2004        1.19
     6     3  2004        0.20
     7     3  2004        0.20
     8     3  2004        0.80
     9     3  2004        0.40
    10     3  2004        1.98
    11     3  2004        0.40
    12     3  2004        0.00
    13     3  2004        0.00
    14     3  2004        0.00
    15     3  2004        0.00
    16     3  2004        0.00
    17     3  2004        0.00
    18     3  2004        0.98
    19     3  2004        0.40
    20     3  2004        0.20
    21     3  2004        3.53
    22     3  2004        6.29
    23     3  2004        2.16
    24     3  2004        1.39
    25     3  2004        0.00
    26     3  2004        0.20
    27     3  2004        0.00
    28     3  2004        0.20
    29     3  2004        0.40
    30     3  2004        0.00
    31     3  2004        0.40
     1     4  2004        0.00
     2     4  2004        0.00
     3     4  2004        0.00
     4     4  2004        0.00
     5     4  2004        0.00
     6     4  2004        0.00
     7     4  2004        0.00
     8     4  2004        0.00
     9     4  2004        0.00
    10     4  2004        0.00
    11     4  2004        0.00
    12     4  2004        0.00
    13     4  2004        0.00
    14     4  2004        0.00
    15     4  2004        0.00
    16     4  2004        0.00
    17     4  2004        0.00
    18     4  2004        0.20
    19     4  2004        0.00
    20     4  2004        0.00
    21     4  2004        0.00
    22     4  2004        0.20
    23     4  2004        0.00
    24     4  2004        0.79
    25     4  2004        1.00
    26     4  2004        0.20
    27     4  2004        0.20
    28     4  2004        0.20
    29     4  2004        0.00
    30     4  2004        2.17
     1     5  2004        3.37
     2     5  2004        3.55
     3     5  2004        1.18
     4     5  2004        0.00
     5     5  2004        0.00
     6     5  2004        0.00
     7     5  2004        2.56
     8     5  2004        0.79
     9     5  2004        0.20
    10     5  2004        0.20
    11     5  2004        2.36
    12     5  2004        0.00
    13     5  2004        1.57
    14     5  2004        4.52
    15     5  2004        0.40
    16     5  2004        5.11
    17     5  2004        4.71
    18     5  2004        7.47
    19     5  2004        2.94
    20     5  2004        3.33
    21     5  2004        3.54
    22     5  2004        3.54
    23     5  2004        2.75
    24     5  2004        2.56
    25     5  2004        0.20
    26     5  2004        0.20
    27     5  2004        0.00
    28     5  2004        0.00
    29     5  2004        0.00
    30     5  2004        0.00
    31     5  2004        0.00
     1     6  2004        0.00
     2     6  2004        0.00
     3     6  2004        0.00
     4     6  2004        3.15
     5     6  2004        1.77
     6     6  2004        0.00
     7     6  2004        0.20
     8     6  2004        0.40
     9     6  2004        0.00
    10     6  2004        0.00
    11     6  2004        0.20
    12     6  2004        0.00
    13     6  2004        0.00
    14     6  2004        0.00
    15     6  2004        0.00
    16     6  2004        0.00
    17     6  2004        0.00
    18     6  2004        0.00
    19     6  2004        0.00
    20     6  2004        0.39
    21     6  2004        0.40
    22     6  2004        0.20
    23     6  2004        0.00
    24     6  2004        0.00
    25     6  2004        0.99
    26     6  2004        0.20
    27     6  2004        0.60
    28     6  2004        1.00
    29     6  2004        1.19
    30     6  2004        2.75
     1     7  2004        0.99
     2     7  2004        0.00
     3     7  2004        0.99
     4     7  2004        4.12
     5     7  2004        2.75
     6     7  2004        0.00
     7     7  2004        0.00
     8     7  2004        0.00
     9     7  2004        0.78
    10     7  2004        0.40
    11     7  2004        0.20
    12     7  2004       10.87
    13     7  2004        0.20
    14     7  2004        1.18
    15     7  2004        0.59
    16     7  2004        0.40
    17     7  2004        0.20
    18     7  2004        3.94
    19     7  2004        0.20
    20     7  2004        0.79
    21     7  2004        3.33
    22     7  2004        1.38
    23     7  2004        0.00
    24     7  2004        0.00
    25     7  2004        2.55
    26     7  2004        0.20
    27     7  2004        1.77
    28     7  2004        0.20
    29     7  2004        0.79
    30     7  2004        0.20
    31     7  2004        0.00
     1     8  2004        0.00
     2     8  2004        0.00
     3     8  2004        2.56
     4     8  2004        0.20
     5     8  2004        0.00
     6     8  2004        0.00
     7     8  2004        0.00
     8     8  2004        0.00
     9     8  2004        0.00
    10     8  2004        0.00
    11     8  2004        0.00
    12     8  2004        0.00
    13     8  2004        0.00
    14     8  2004        0.00
    15     8  2004        0.00
    16     8  2004        0.59
    17     8  2004        0.20
    18     8  2004        0.80
    19     8  2004        0.80
    20     8  2004        0.20
    21     8  2004        0.99
    22     8  2004        0.20
    23     8  2004        0.00
    24     8  2004        0.00
    25     8  2004        0.00
    26     8  2004        0.00
    27     8  2004        0.00
    28     8  2004        0.00
    29     8  2004        0.00
    30     8  2004        0.00
    31     8  2004        0.00
     1     9  2004        0.00
     2     9  2004        0.00
     3     9  2004        0.00
     4     9  2004        0.00
     5     9  2004        0.00
     6     9  2004        0.00
     7     9  2004        0.00
     8     9  2004        0.00
     9     9  2004        0.00
    10     9  2004        0.79
    11     9  2004        0.00
    12     9  2004        0.00
    13     9  2004        0.00
    14     9  2004        0.80
    15     9  2004        0.20
    16     9  2004        0.00
    17     9  2004        0.00
    18     9  2004        0.00
    19     9  2004        0.00
    20     9  2004        0.00
    21     9  2004        0.20
    22     9  2004        0.00
    23     9  2004        0.00
    24     9  2004        0.00
    25     9  2004        0.00
    26     9  2004        0.00
    27     9  2004        0.00
    28     9  2004        0.59
    29     9  2004        0.00
    30     9  2004        0.00
     1    10  2004        0.00
     2    10  2004        0.00
     3    10  2004        0.00
     4    10  2004        0.00
     5    10  2004        0.00
     6    10  2004        0.20
     7    10  2004        0.00
     8    10  2004        0.40
     9    10  2004        0.20
    10    10  2004        0.00
    11    10  2004        0.00
    12    10  2004        0.00
    13    10  2004        0.20
    14    10  2004        0.00
    15    10  2004        0.00
    16    10  2004        0.00
    17    10  2004        0.00
    18    10  2004        0.00
    19    10  2004        0.00
    20    10  2004        0.00
    21    10  2004        0.00
    22    10  2004        0.00
    23    10  2004        0.00
    24    10  2004        0.98
    25    10  2004        0.20
    26    10  2004        0.00
    27    10  2004        0.00
    28    10  2004        0.00
    29    10  2004        0.00
    30    10  2004        0.60
    31    10  2004        0.00
     1    11  2004        0.60
     2    11  2004        0.20
     3    11  2004        0.00
     4    11  2004        0.00
     5    11  2004        0.00
     6    11  2004        1.97
     7    11  2004        0.20
     8    11  2004        0.60
     9    11  2004        0.20
    10    11  2004        0.00
    11    11  2004        0.20
    12    11  2004        0.40
    13    11  2004        0.99
    14    11  2004        0.00
    15    11  2004        0.60
    16    11  2004        1.96
    17    11  2004        4.13
    18    11  2004        1.96
    19    11  2004        0.99
    20    11  2004        0.60
    21    11  2004        2.36
    22    11  2004        2.17
    23    11  2004        0.40
    24    11  2004        1.39
    25    11  2004        0.99
    26    11  2004        0.40
    27    11  2004        0.60
    28    11  2004        1.58
    29    11  2004        0.79
    30    11  2004        0.20
     1    12  2004        0.00
     2    12  2004        0.99
     3    12  2004        0.20
     4    12  2004        4.13
     5    12  2004        0.59
     6    12  2004        0.00
     7    12  2004        0.00
     8    12  2004        0.20
     9    12  2004        0.00
    10    12  2004        0.00
    11    12  2004        0.00
    12    12  2004        0.00
    13    12  2004        0.00
    14    12  2004        0.00
    15    12  2004        0.00
    16    12  2004        0.00
    17    12  2004        0.00
    18    12  2004        0.40
    19    12  2004        0.20
    20    12  2004        0.00
    21    12  2004        0.00
    22    12  2004        0.20
    23    12  2004        0.20
    24    12  2004        0.00
    25    12  2004        0.20
    26    12  2004        1.97
    27    12  2004        1.38
    28    12  2004        0.20
    29    12  2004        0.60
    30    12  2004        0.00
    31    12  2004        2.55
     1     1  2005        7.49
     2     1  2005        1.19
     3     1  2005        0.40
     4     1  2005        0.20
     5     1  2005        0.20
     6     1  2005        0.20
     7     1  2005        0.20
     8     1  2005        3.34
     9     1  2005        2.37
    10     1  2005        0.60
    11     1  2005        0.00
    12     1  2005        0.00
    13     1  2005        0.00
    14     1  2005        0.79
    15     1  2005        0.20
    16     1  2005        0.00
    17     1  2005        1.38
    18     1  2005        3.54
    19     1  2005        1.39
    20     1  2005        0.99
    21     1  2005        2.17
    22     1  2005        2.95
    23     1  2005        0.40
    24     1  2005        0.40
    25     1  2005        0.40
    26     1  2005        0.20
    27     1  2005        0.00
    28     1  2005        0.00
    29     1  2005        0.00
    30     1  2005        0.00
    31     1  2005        0.00
     1     2  2005        0.39
     2     2  2005        0.60
     3     2  2005        0.00
     4     2  2005        0.99
     5     2  2005        0.20
     6     2  2005        0.00
     7     2  2005        0.00
     8     2  2005        0.00
     9     2  2005        0.00
    10     2  2005        0.00
    11     2  2005        0.00
    12     2  2005        0.20
    13     2  2005        0.00
    14     2  2005       10.47
    15     2  2005        0.00
    16     2  2005        0.00
    17     2  2005        7.75
    18     2  2005        1.96
    19     2  2005        0.20
    20     2  2005        0.00
    21     2  2005        0.00
    22     2  2005        0.20
    23     2  2005        0.40
    24     2  2005        0.40
    25     2  2005        0.99
    26     2  2005        0.20
    27     2  2005        1.97
    28     2  2005        3.73
     1     3  2005        0.79
     2     3  2005        0.40
     3     3  2005        0.00
     4     3  2005        0.00
     5     3  2005        5.12
     6     3  2005        0.00
     7     3  2005        0.59
     8     3  2005        0.00
     9     3  2005        0.00
    10     3  2005        0.00
    11     3  2005        0.40
    12     3  2005        0.39
    13     3  2005        0.40
    14     3  2005        0.00
    15     3  2005        0.00
    16     3  2005        0.00
    17     3  2005        0.00
    18     3  2005        1.97
    19     3  2005        0.99
    20     3  2005        0.00
    21     3  2005        0.00
    22     3  2005        0.20
    23     3  2005        0.00
    24     3  2005        0.00
    25     3  2005        1.56
    26     3  2005        1.19
    27     3  2005        1.39
    28     3  2005        2.76
    29     3  2005        1.78
    30     3  2005        2.36
    31     3  2005        0.99
     1     4  2005        0.20
     2     4  2005        0.20
     3     4  2005        1.57
     4     4  2005        0.20
     5     4  2005        0.59
     6     4  2005        2.56
     7     4  2005        1.19
     8     4  2005        2.56
     9     4  2005        2.56
    10     4  2005        0.98
    11     4  2005        0.39
    12     4  2005        0.60
    13     4  2005        0.98
    14     4  2005        1.39
    15     4  2005        0.20
    16     4  2005        0.79
    17     4  2005        0.60
    18     4  2005        0.20
    19     4  2005        0.40
    20     4  2005        1.39
    21     4  2005        0.99
    22     4  2005        0.20
    23     4  2005        0.79
    24     4  2005        0.00
    25     4  2005        0.40
    26     4  2005        0.59
    27     4  2005        0.79
    28     4  2005        2.17
    29     4  2005        0.00
    30     4  2005        0.00
     1     5  2005        1.58
     2     5  2005        0.40
     3     5  2005        0.60
     4     5  2005        0.00
     5     5  2005        0.20
     6     5  2005        0.00
     7     5  2005        0.00
     8     5  2005        0.00
     9     5  2005        0.20
    10     5  2005        0.80
    11     5  2005        0.20
    12     5  2005        0.80
    13     5  2005        0.20
    14     5  2005        0.40
    15     5  2005        0.40
    16     5  2005        0.00
    17     5  2005        0.00
    18     5  2005        0.20
    19     5  2005        0.00
    20     5  2005        0.00
    21     5  2005        0.00
    22     5  2005        0.00
    23     5  2005        0.00
    24     5  2005        0.00
    25     5  2005        0.00
    26     5  2005        0.00
    27     5  2005        0.20
    28     5  2005        0.20
    29     5  2005        0.00
    30     5  2005        0.20
    31     5  2005        0.00
     1     6  2005        0.00
     2     6  2005        0.00
     3     6  2005        0.79
     4     6  2005        1.38
     5     6  2005        0.60
     6     6  2005        1.79
     7     6  2005        0.79
     8     6  2005        1.97
     9     6  2005        0.99
    10     6  2005        1.18
    11     6  2005        1.39
    12     6  2005        1.18
    13     6  2005        0.60
    14     6  2005        2.95
    15     6  2005        0.60
    16     6  2005        1.19
    17     6  2005        1.96
    18     6  2005        0.60
    19     6  2005        2.76
    20     6  2005        0.79
    21     6  2005        0.40
    22     6  2005        0.79
    23     6  2005        0.40
    24     6  2005        0.20
    25     6  2005        0.00
    26     6  2005        0.00
    27     6  2005        0.00
    28     6  2005        0.00
    29     6  2005        0.20
    30     6  2005        0.00
     1     7  2005        0.00
     2     7  2005        0.00
     3     7  2005        0.00
     4     7  2005        0.20
     5     7  2005        0.00
     6     7  2005        2.16
     7     7  2005        2.76
     8     7  2005        0.00
     9     7  2005        0.79
    10     7  2005        0.20
    11     7  2005        0.20
    12     7  2005        0.20
    13     7  2005        0.00
    14     7  2005        1.19
    15     7  2005        0.59
    16     7  2005        0.40
    17     7  2005        0.60
    18     7  2005        0.60
    19     7  2005        0.20
    20     7  2005        0.00
    21     7  2005        0.00
    22     7  2005        0.00
    23     7  2005        0.00
    24     7  2005        0.00
    25     7  2005        0.00
    26     7  2005        0.00
    27     7  2005        0.00
    28     7  2005        0.00
    29     7  2005        0.00
    30     7  2005        0.00
    31     7  2005        0.20
     1     8  2005        0.20
     2     8  2005        0.60
     3     8  2005        0.59
     4     8  2005        0.00
     5     8  2005        0.00
     6     8  2005        0.40
     7     8  2005        0.20
     8     8  2005        0.00
     9     8  2005        0.79
    10     8  2005        0.20
    11     8  2005        0.00
    12     8  2005        0.00
    13     8  2005        0.00
    14     8  2005        0.00
    15     8  2005        0.00
    16     8  2005        0.20
    17     8  2005        0.00
    18     8  2005        0.00
    19     8  2005        0.00
    20     8  2005        0.00
    21     8  2005        0.59
    22     8  2005        0.20
    23     8  2005        0.00
    24     8  2005        0.00
    25     8  2005        0.00
    26     8  2005        0.00
    27     8  2005        0.00
    28     8  2005        0.00
    29     8  2005        0.00
    30     8  2005        0.00
    31     8  2005        0.00
     1     9  2005        0.00
     2     9  2005        0.00
     3     9  2005        0.00
     4     9  2005        0.00
     5     9  2005        1.38
     6     9  2005        0.20
     7     9  2005        1.19
     8     9  2005        2.17
     9     9  2005        1.96
    10     9  2005        0.60
    11     9  2005        1.19
    12     9  2005        0.20
    13     9  2005        1.38
    14     9  2005        0.00
    15     9  2005        0.20
    16     9  2005        0.00
    17     9  2005        0.00
    18     9  2005        0.20
    19     9  2005        1.18
    20     9  2005        0.00
    21     9  2005        1.97
    22     9  2005        0.20
    23     9  2005        0.59
    24     9  2005        0.60
    25     9  2005        0.40
    26     9  2005        0.00
    27     9  2005        0.99
    28     9  2005        0.40
    29     9  2005        1.58
    30     9  2005        0.80
     1    10  2005        0.00
     2    10  2005        0.00
     3    10  2005        1.57
     4    10  2005        0.79
     5    10  2005        1.18
     6    10  2005        1.38
     7    10  2005        0.40
     8    10  2005        0.20
     9    10  2005        0.20
    10    10  2005        0.00
    11    10  2005        0.00
    12    10  2005        0.00
    13    10  2005        0.00
    14    10  2005        0.00
    15    10  2005        0.00
    16    10  2005        0.00
    17    10  2005        0.00
    18    10  2005        0.00
    19    10  2005        0.00
    20    10  2005        0.00
    21    10  2005        0.00
    22    10  2005        0.00
    23    10  2005        0.00
    24    10  2005        0.00
    25    10  2005        0.00
    26    10  2005        0.00
    27    10  2005        0.00
    28    10  2005        0.00
    29    10  2005        0.00
    30    10  2005        0.79
    31    10  2005        0.98
     1    11  2005        2.56
     2    11  2005        5.30
     3    11  2005        0.20
     4    11  2005        0.79
     5    11  2005        0.79
     6    11  2005        1.77
     7    11  2005        1.58
     8    11  2005        0.60
     9    11  2005        0.00
    10    11  2005        0.00
    11    11  2005        0.00
    12    11  2005        0.00
    13    11  2005        0.00
    14    11  2005        0.00
    15    11  2005        0.00
    16    11  2005        0.00
    17    11  2005        0.00
    18    11  2005        0.20
    19    11  2005        0.00
    20    11  2005        0.00
    21    11  2005        0.00
    22    11  2005        0.79
    23    11  2005        0.00
    24    11  2005        0.59
    25    11  2005        1.19
    26    11  2005        0.00
    27    11  2005        0.00
    28    11  2005        0.00
    29    11  2005        0.00
    30    11  2005        0.00
     1    12  2005        0.00
     2    12  2005        0.00
     3    12  2005        0.00
     4    12  2005        0.00
     5    12  2005        0.00
     6    12  2005        0.20
     7    12  2005        0.59
     8    12  2005        1.18
     9    12  2005        0.00
    10    12  2005        0.00
    11    12  2005        0.00
    12    12  2005        0.20
    13    12  2005        0.79
    14    12  2005        0.00
    15    12  2005        0.00
    16    12  2005        0.00
    17    12  2005        0.00
    18    12  2005        0.00
    19    12  2005        0.00
    20    12  2005        0.00
    21    12  2005        0.00
    22    12  2005        0.00
    23    12  2005        0.00
    24    12  2005        0.00
    25    12  2005        0.00
    26    12  2005        0.59
    27    12  2005        0.00
    28    12  2005        0.00
    29    12  2005        0.00
    30    12  2005        0.00
    31    12  2005        0.20
     1     1  2006        0.00
     2     1  2006        0.00
     3     1  2006        0.00
     4     1  2006        0.00
     5     1  2006        0.00
     6     1  2006        0.00
     7     1  2006        0.00
     8     1  2006        0.20
     9     1  2006        0.00
    10     1  2006        0.00
    11     1  2006        0.00
    12     1  2006        0.00
    13     1  2006        0.00
    14     1  2006        0.00
    15     1  2006        0.00
    16     1  2006        0.00
    17     1  2006        0.00
    18     1  2006        0.00
    19     1  2006        0.40
    20     1  2006        0.20
    21     1  2006        0.00
    22     1  2006        0.00
    23     1  2006        0.00
    24     1  2006        0.00
    25     1  2006        0.00
    26     1  2006        0.20
    27     1  2006        0.00
    28     1  2006        0.00
    29     1  2006        0.00
    30     1  2006        0.40
    31     1  2006        0.20
     1     2  2006        0.00
     2     2  2006        0.00
     3     2  2006        0.00
     4     2  2006        0.00
     5     2  2006        0.00
     6     2  2006        0.20
     7     2  2006        0.00
     8     2  2006        0.00
     9     2  2006        0.00
    10     2  2006        0.00
    11     2  2006        0.00
    12     2  2006        0.00
    13     2  2006        0.00
    14     2  2006        0.00
    15     2  2006        0.20
    16     2  2006        0.20
    17     2  2006        0.00
    18     2  2006        1.18
    19     2  2006        0.00
    20     2  2006        0.39
    21     2  2006        0.40
    22     2  2006        0.79
    23     2  2006        1.38
    24     2  2006        0.00
    25     2  2006        0.20
    26     2  2006        0.00
    27     2  2006        0.00
    28     2  2006        0.00
     1     3  2006        0.00
     2     3  2006        0.00
     3     3  2006        0.00
     4     3  2006        0.00
     5     3  2006        0.00
     6     3  2006        0.00
     7     3  2006        0.00
     8     3  2006        0.00
     9     3  2006        0.00
    10     3  2006        0.00
    11     3  2006        0.00
    12     3  2006        0.00
    13     3  2006        0.00
    14     3  2006        0.00
    15     3  2006        0.00
    16     3  2006        0.00
    17     3  2006        0.00
    18     3  2006        0.00
    19     3  2006        0.00
    20     3  2006        0.40
    21     3  2006        0.40
    22     3  2006        0.20
    23     3  2006        0.00
    24     3  2006        0.00
    25     3  2006        0.20
    26     3  2006        0.40
    27     3  2006        0.20
    28     3  2006        0.40
    29     3  2006        0.00
    30     3  2006        0.20
    31     3  2006        0.60
     1     4  2006        0.20
     2     4  2006        0.60
     3     4  2006        0.20
     4     4  2006        0.40
     5     4  2006        0.80
     6     4  2006        1.77
     7     4  2006        1.58
     8     4  2006        1.19
     9     4  2006        1.19
    10     4  2006        1.19
    11     4  2006        1.19
    12     4  2006        1.97
    13     4  2006        4.14
    14     4  2006        1.58
    15     4  2006        3.14
    16     4  2006        1.19
    17     4  2006        1.19
    18     4  2006        0.80
    19     4  2006        0.99
    20     4  2006        0.60
    21     4  2006        1.57
    22     4  2006        1.38
    23     4  2006        1.39
    24     4  2006        0.40
    25     4  2006        0.60
    26     4  2006        2.16
    27     4  2006        0.80
    28     4  2006        0.60
    29     4  2006        2.55
    30     4  2006        0.40
     1     5  2006        0.20
     2     5  2006        1.97
     3     5  2006        0.20
     4     5  2006        0.98
     5     5  2006        0.59
     6     5  2006        0.20
     7     5  2006        0.20
     8     5  2006        0.40
     9     5  2006        0.20
    10     5  2006        1.97
    11     5  2006        0.79
    12     5  2006        0.59
    13     5  2006        2.95
    14     5  2006        0.79
    15     5  2006        0.20
    16     5  2006        4.13
    17     5  2006        3.53
    18     5  2006        0.80
    19     5  2006        0.40
    20     5  2006        0.20
    21     5  2006        0.20
    22     5  2006        0.60
    23     5  2006        0.20
    24     5  2006        0.00
    25     5  2006        0.00
    26     5  2006        0.00
    27     5  2006        0.20
    28     5  2006        0.00
    29     5  2006        0.00
    30     5  2006        0.00
    31     5  2006        0.00
     1     6  2006        0.00
     2     6  2006        0.40
     3     6  2006        0.60
     4     6  2006        0.00
     5     6  2006        0.20
     6     6  2006        0.20
     7     6  2006        0.20
     8     6  2006        0.00
     9     6  2006        0.20
    10     6  2006        0.20
    11     6  2006        0.20
    12     6  2006        0.00
    13     6  2006        0.00
    14     6  2006        0.00
    15     6  2006        0.00
    16     6  2006        0.00
    17     6  2006        0.00
    18     6  2006        0.60
    19     6  2006        0.40
    20     6  2006        0.20
    21     6  2006        0.40
    22     6  2006        0.60
    23     6  2006        0.80
    24     6  2006        1.00
    25     6  2006        0.80
    26     6  2006        0.20
    27     6  2006        0.00
    28     6  2006        0.00
    29     6  2006        0.20
    30     6  2006        0.40
     1     7  2006        0.60
     2     7  2006        0.60
     3     7  2006        0.80
     4     7  2006        0.80
     5     7  2006        0.40
     6     7  2006        0.60
     7     7  2006        0.40
     8     7  2006        0.40
     9     7  2006        0.40
    10     7  2006        0.60
    11     7  2006        0.80
    12     7  2006        1.00
    13     7  2006        0.20
    14     7  2006        0.20
    15     7  2006        0.20
    16     7  2006        0.00
    17     7  2006        0.40
    18     7  2006        0.60
    19     7  2006        0.40
    20     7  2006        0.20
    21     7  2006        0.20
    22     7  2006        0.00
    23     7  2006        0.00
    24     7  2006        0.00
    25     7  2006        0.00
    26     7  2006        0.00
    27     7  2006        0.00
    28     7  2006        0.00
    29     7  2006        2.95
    30     7  2006        0.59
    31     7  2006        2.95
     1     8  2006        0.20
     2     8  2006        0.40
     3     8  2006        0.40
     4     8  2006        0.00
     5     8  2006        2.94
     6     8  2006        0.20
     7     8  2006        0.20
     8     8  2006        0.98
     9     8  2006        0.79
    10     8  2006        0.80
    11     8  2006        0.20
    12     8  2006        1.95
    13     8  2006        0.99
    14     8  2006        0.39
    15     8  2006        0.99
    16     8  2006        0.20
    17     8  2006        0.00
    18     8  2006        0.00
    19     8  2006        0.00
    20     8  2006        0.00
    21     8  2006        0.00
    22     8  2006        0.00
    23     8  2006        0.00
    24     8  2006        0.00
    25     8  2006        0.00
    26     8  2006        0.00
    27     8  2006        0.00
    28     8  2006        0.00
    29     8  2006        0.79
    30     8  2006        0.40
    31     8  2006        0.20
     1     9  2006        0.40
     2     9  2006        0.00
     3     9  2006        0.00
     4     9  2006        0.00
     5     9  2006        0.20
     6     9  2006        0.00
     7     9  2006        0.00
     8     9  2006        0.00
     9     9  2006        0.00
    10     9  2006        0.00
    11     9  2006        0.00
    12     9  2006        0.00
    13     9  2006        0.00
    14     9  2006        0.00
    15     9  2006        0.00
    16     9  2006        0.00
    17     9  2006        0.00
    18     9  2006        0.00
    19     9  2006        0.40
    20     9  2006        0.00
    21     9  2006        0.98
    22     9  2006        0.99
    23     9  2006        0.40
    24     9  2006        0.40
    25     9  2006        0.20
    26     9  2006        0.20
    27     9  2006        0.00
    28     9  2006        0.40
    29     9  2006        0.60
    30     9  2006        0.79
     1    10  2006        0.60
     2    10  2006        0.00
     3    10  2006        0.00
     4    10  2006        0.00
     5    10  2006        0.00
     6    10  2006        0.00
     7    10  2006        0.00
     8    10  2006        0.00
     9    10  2006        0.00
    10    10  2006        0.00
    11    10  2006        0.59
    12    10  2006        1.18
    13    10  2006        0.59
    14    10  2006        0.79
    15    10  2006        1.97
    16    10  2006        0.79
    17    10  2006        0.40
    18    10  2006        0.80
    19    10  2006        0.40
    20    10  2006        0.40
    21    10  2006        0.20
    22    10  2006        0.00
    23    10  2006        2.17
    24    10  2006        2.36
    25    10  2006        0.80
    26    10  2006        1.19
    27    10  2006        0.60
    28    10  2006        0.60
    29    10  2006        0.40
    30    10  2006        0.20
    31    10  2006        0.00
     1    11  2006        0.00
     2    11  2006        0.00
     3    11  2006        0.00
     4    11  2006        0.00
     5    11  2006        0.00
     6    11  2006        0.00
     7    11  2006        0.00
     8    11  2006        0.00
     9    11  2006        0.00
    10    11  2006        0.00
    11    11  2006        0.00
    12    11  2006        0.00
    13    11  2006        0.00
    14    11  2006        0.00
    15    11  2006        0.00
    16    11  2006        0.00
    17    11  2006        0.00
    18    11  2006        0.00
    19    11  2006        1.18
    20    11  2006        0.00
    21    11  2006        0.00
    22    11  2006        0.00
    23    11  2006        0.00
    24    11  2006        0.00
    25    11  2006        0.00
    26    11  2006        0.20
    27    11  2006        0.80
    28    11  2006        0.00
    29    11  2006        0.00
    30    11  2006        0.00
     1    12  2006        0.00
     2    12  2006        0.00
     3    12  2006        0.00
     4    12  2006        0.20
     5    12  2006        0.00
     6    12  2006        0.00
     7    12  2006        0.80
     8    12  2006        0.20
     9    12  2006        0.20
    10    12  2006        0.20
    11    12  2006        0.20
    12    12  2006        1.18
    13    12  2006        0.20
    14    12  2006        0.00
    15    12  2006        0.39
    16    12  2006        4.32
    17    12  2006        0.60
    18    12  2006        0.20
    19    12  2006        0.00
    20    12  2006        0.00
    21    12  2006        0.00
    22    12  2006        0.00
    23    12  2006        0.00
    24    12  2006        0.20
    25    12  2006        0.00
    26    12  2006        0.00
    27    12  2006        0.00
    28    12  2006        0.00
    29    12  2006        0.00
    30    12  2006        0.00
    31    12  2006        0.00
     1     1  2007        0.40
     2     1  2007        0.80
     3     1  2007        0.80
     4     1  2007        0.20
     5     1  2007        0.00
     6     1  2007        0.20
     7     1  2007        0.00
     8     1  2007        0.00
     9     1  2007        0.00
    10     1  2007        0.00
    11     1  2007        0.00
    12     1  2007        0.00
    13     1  2007        0.00
    14     1  2007        0.00
    15     1  2007        0.00
    16     1  2007        0.00
    17     1  2007        0.59
