     1     1  2000        0.00
     2     1  2000        0.00
     3     1  2000        0.00
     4     1  2000        0.00
     5     1  2000        0.00
     6     1  2000        0.00
     7     1  2000        0.00
     8     1  2000        0.00
     9     1  2000        0.00
    10     1  2000        0.00
    11     1  2000        0.00
    12     1  2000        0.00
    13     1  2000        0.00
    14     1  2000        0.00
    15     1  2000        0.00
    16     1  2000        0.00
    17     1  2000        0.00
    18     1  2000        0.00
    19     1  2000        0.00
    20     1  2000        0.00
    21     1  2000        0.00
    22     1  2000        0.00
    23     1  2000        0.00
    24     1  2000        0.00
    25     1  2000        0.00
    26     1  2000        0.00
    27     1  2000        0.00
    28     1  2000        0.00
    29     1  2000        0.00
    30     1  2000        0.00
    31     1  2000        0.00
     1     2  2000        0.00
     2     2  2000        0.00
     3     2  2000        0.00
     4     2  2000        0.00
     5     2  2000        0.00
     6     2  2000        0.00
     7     2  2000        0.00
     8     2  2000        0.00
     9     2  2000        0.00
    10     2  2000        0.00
    11     2  2000        0.00
    12     2  2000        0.00
    13     2  2000        0.00
    14     2  2000        0.00
    15     2  2000        0.00
    16     2  2000        0.00
    17     2  2000        0.00
    18     2  2000        0.00
    19     2  2000        0.00
    20     2  2000        0.00
    21     2  2000        0.00
    22     2  2000        0.00
    23     2  2000        0.00
    24     2  2000        0.00
    25     2  2000        0.00
    26     2  2000        0.00
    27     2  2000        0.00
    28     2  2000        0.00
    29     2  2000        0.00
     1     3  2000        0.00
     2     3  2000        0.00
     3     3  2000        0.00
     4     3  2000        0.00
     5     3  2000        0.00
     6     3  2000        0.00
     7     3  2000        0.00
     8     3  2000        0.00
     9     3  2000        0.00
    10     3  2000        0.00
    11     3  2000        0.00
    12     3  2000        0.00
    13     3  2000        0.00
    14     3  2000        0.00
    15     3  2000        0.00
    16     3  2000        0.00
    17     3  2000        0.00
    18     3  2000        0.00
    19     3  2000        0.00
    20     3  2000        0.00
    21     3  2000        0.00
    22     3  2000        0.20
    23     3  2000        1.80
    24     3  2000        2.00
    25     3  2000        0.00
    26     3  2000        0.60
    27     3  2000        0.00
    28     3  2000        0.00
    29     3  2000        0.00
    30     3  2000        0.00
    31     3  2000        0.00
     1     4  2000        0.00
     2     4  2000        0.00
     3     4  2000        0.00
     4     4  2000        0.00
     5     4  2000        0.00
     6     4  2000        0.00
     7     4  2000        0.00
     8     4  2000        0.00
     9     4  2000        0.00
    10     4  2000        0.00
    11     4  2000        0.00
    12     4  2000        1.20
    13     4  2000        0.00
    14     4  2000        0.00
    15     4  2000        0.00
    16     4  2000        0.00
    17     4  2000        0.00
    18     4  2000        0.00
    19     4  2000        0.00
    20     4  2000        0.00
    21     4  2000        0.00
    22     4  2000        0.00
    23     4  2000        0.00
    24     4  2000        0.00
    25     4  2000        0.00
    26     4  2000        0.00
    27     4  2000        0.00
    28     4  2000        0.00
    29     4  2000        0.00
    30     4  2000        0.00
     1     5  2000        0.00
     2     5  2000        0.00
     3     5  2000        0.00
     4     5  2000        0.00
     5     5  2000        0.00
     6     5  2000        0.00
     7     5  2000        0.00
     8     5  2000        0.00
     9     5  2000        0.00
    10     5  2000        0.00
    11     5  2000        0.00
    12     5  2000        0.00
    13     5  2000        0.00
    14     5  2000        0.00
    15     5  2000        0.00
    16     5  2000        0.00
    17     5  2000        0.00
    18     5  2000        0.00
    19     5  2000        0.00
    20     5  2000        0.00
    21     5  2000        0.00
    22     5  2000        0.00
    23     5  2000        0.00
    24     5  2000        0.00
    25     5  2000        0.00
    26     5  2000        0.00
    27     5  2000        0.00
    28     5  2000        0.00
    29     5  2000        0.00
    30     5  2000        0.00
    31     5  2000        0.00
     1     6  2000        0.00
     2     6  2000        0.00
     3     6  2000        0.00
     4     6  2000        0.00
     5     6  2000        0.00
     6     6  2000        0.00
     7     6  2000        0.00
     8     6  2000        0.00
     9     6  2000        0.00
    10     6  2000        0.00
    11     6  2000        0.00
    12     6  2000        0.00
    13     6  2000        0.00
    14     6  2000        0.00
    15     6  2000        0.00
    16     6  2000        0.00
    17     6  2000        0.00
    18     6  2000        0.00
    19     6  2000        0.00
    20     6  2000        0.00
    21     6  2000        0.00
    22     6  2000        0.00
    23     6  2000        0.00
    24     6  2000        0.00
    25     6  2000        0.00
    26     6  2000        0.00
    27     6  2000        0.00
    28     6  2000        0.00
    29     6  2000        0.00
    30     6  2000        0.00
     1     7  2000        0.00
     2     7  2000        0.00
     3     7  2000        0.00
     4     7  2000        0.00
     5     7  2000        0.00
     6     7  2000        0.00
     7     7  2000        0.00
     8     7  2000        0.00
     9     7  2000        0.00
    10     7  2000        0.00
    11     7  2000        0.00
    12     7  2000        0.00
    13     7  2000        0.00
    14     7  2000        0.00
    15     7  2000        0.00
    16     7  2000        0.00
    17     7  2000        0.00
    18     7  2000        0.00
    19     7  2000        0.00
    20     7  2000        0.00
    21     7  2000        0.00
    22     7  2000        0.00
    23     7  2000        0.00
    24     7  2000        0.00
    25     7  2000        0.00
    26     7  2000        0.00
    27     7  2000        0.00
    28     7  2000        0.00
    29     7  2000        0.00
    30     7  2000        0.00
    31     7  2000        0.00
     1     8  2000        0.00
     2     8  2000        0.00
     3     8  2000        0.00
     4     8  2000        0.00
     5     8  2000        0.00
     6     8  2000        0.00
     7     8  2000        0.00
     8     8  2000        0.00
     9     8  2000        0.00
    10     8  2000        0.00
    11     8  2000        0.00
    12     8  2000        0.00
    13     8  2000        0.00
    14     8  2000        0.00
    15     8  2000        0.00
    16     8  2000        0.00
    17     8  2000        0.00
    18     8  2000        0.00
    19     8  2000        0.00
    20     8  2000        0.00
    21     8  2000        0.00
    22     8  2000        0.00
    23     8  2000        0.00
    24     8  2000        0.00
    25     8  2000        0.00
    26     8  2000        0.00
    27     8  2000        0.00
    28     8  2000        0.00
    29     8  2000        0.00
    30     8  2000        0.00
    31     8  2000        1.00
     1     9  2000        0.00
     2     9  2000        0.00
     3     9  2000        0.80
     4     9  2000        0.20
     5     9  2000        3.00
     6     9  2000        3.20
     7     9  2000        0.00
     8     9  2000        4.60
     9     9  2000        6.00
    10     9  2000        3.20
    11     9  2000        0.80
    12     9  2000        1.40
    13     9  2000        0.20
    14     9  2000        0.00
    15     9  2000        2.20
    16     9  2000        0.60
    17     9  2000        1.20
    18     9  2000        0.60
    19     9  2000        0.00
    20     9  2000        0.00
    21     9  2000        0.00
    22     9  2000        0.00
    23     9  2000        0.00
    24     9  2000        0.00
    25     9  2000        0.00
    26     9  2000        0.00
    27     9  2000        0.00
    28     9  2000        0.00
    29     9  2000        0.00
    30     9  2000        0.00
     1    10  2000        0.00
     2    10  2000        0.00
     3    10  2000        0.00
     4    10  2000        0.00
     5    10  2000        0.00
     6    10  2000        0.40
     7    10  2000        0.00
     8    10  2000        0.00
     9    10  2000        0.00
    10    10  2000        0.00
    11    10  2000        0.00
    12    10  2000        0.00
    13    10  2000        0.00
    14    10  2000        0.00
    15    10  2000        0.00
    16    10  2000        0.00
    17    10  2000        0.00
    18    10  2000        0.00
    19    10  2000        0.20
    20    10  2000        0.00
    21    10  2000        0.00
    22    10  2000        0.00
    23    10  2000        0.60
    24    10  2000        0.20
    25    10  2000        0.60
    26    10  2000        2.40
    27    10  2000        0.60
    28    10  2000        0.00
    29    10  2000        0.00
    30    10  2000        0.40
    31    10  2000        1.80
     1    11  2000        0.00
     2    11  2000        0.00
     3    11  2000        0.00
     4    11  2000        0.00
     5    11  2000        0.00
     6    11  2000        0.00
     7    11  2000        0.00
     8    11  2000        0.00
     9    11  2000        0.00
    10    11  2000        0.00
    11    11  2000        0.00
    12    11  2000        0.00
    13    11  2000        0.00
    14    11  2000        0.00
    15    11  2000        0.00
    16    11  2000        0.00
    17    11  2000        0.20
    18    11  2000        0.00
    19    11  2000        0.00
    20    11  2000        0.00
    21    11  2000        0.00
    22    11  2000        0.00
    23    11  2000        0.00
    24    11  2000        0.00
    25    11  2000        0.00
    26    11  2000        0.00
    27    11  2000        0.00
    28    11  2000        0.00
    29    11  2000        0.00
    30    11  2000        0.00
     1    12  2000        0.00
     2    12  2000        0.00
     3    12  2000        0.00
     4    12  2000        0.00
     5    12  2000        0.00
     6    12  2000        0.00
     7    12  2000        0.00
     8    12  2000        0.00
     9    12  2000        0.00
    10    12  2000        0.00
    11    12  2000        0.00
    12    12  2000        0.00
    13    12  2000        0.00
    14    12  2000        0.00
    15    12  2000        0.00
    16    12  2000        0.00
    17    12  2000        0.00
    18    12  2000        0.00
    19    12  2000        0.00
    20    12  2000        0.00
    21    12  2000        0.00
    22    12  2000        0.00
    23    12  2000        0.00
    24    12  2000        0.00
    25    12  2000        0.00
    26    12  2000        0.00
    27    12  2000        0.00
    28    12  2000        0.00
    29    12  2000        0.00
    30    12  2000        0.00
    31    12  2000        0.00
     1     1  2001        0.00
     2     1  2001        0.00
     3     1  2001        0.00
     4     1  2001        0.00
     5     1  2001        0.00
     6     1  2001        0.00
     7     1  2001        0.00
     8     1  2001        0.00
     9     1  2001        0.00
    10     1  2001        0.00
    11     1  2001        0.60
    12     1  2001        0.40
    13     1  2001        0.00
    14     1  2001        0.00
    15     1  2001        0.00
    16     1  2001        0.00
    17     1  2001        0.00
    18     1  2001        0.00
    19     1  2001        0.00
    20     1  2001        0.00
    21     1  2001        0.00
    22     1  2001        0.00
    23     1  2001        0.00
    24     1  2001        0.00
    25     1  2001        0.00
    26     1  2001        0.00
    27     1  2001        0.00
    28     1  2001        0.00
    29     1  2001        0.00
    30     1  2001        0.00
    31     1  2001        0.00
     1     2  2001        0.00
     2     2  2001        0.00
     3     2  2001        0.00
     4     2  2001        0.00
     5     2  2001        6.20
     6     2  2001        0.00
     7     2  2001        0.00
     8     2  2001        0.00
     9     2  2001        0.00
    10     2  2001        0.00
    11     2  2001        0.00
    12     2  2001        0.00
    13     2  2001        0.00
    14     2  2001        0.00
    15     2  2001        0.00
    16     2  2001        0.00
    17     2  2001        0.00
    18     2  2001        0.00
    19     2  2001        0.40
    20     2  2001        0.00
    21     2  2001        0.00
    22     2  2001        0.00
    23     2  2001        0.00
    24     2  2001        0.00
    25     2  2001        0.00
    26     2  2001        0.00
    27     2  2001        0.00
    28     2  2001        0.20
     1     3  2001        3.20
     2     3  2001        1.20
     3     3  2001        0.00
     4     3  2001        0.00
     5     3  2001        0.00
     6     3  2001        0.00
     7     3  2001        0.20
     8     3  2001        0.00
     9     3  2001        0.00
    10     3  2001        0.00
    11     3  2001        0.60
    12     3  2001        0.60
    13     3  2001        0.20
    14     3  2001        0.00
    15     3  2001        0.00
    16     3  2001        0.00
    17     3  2001        0.60
    18     3  2001        0.00
    19     3  2001        0.00
    20     3  2001        0.20
    21     3  2001        0.00
    22     3  2001        0.00
    23     3  2001        0.00
    24     3  2001        0.60
    25     3  2001        0.00
    26     3  2001        0.00
    27     3  2001        0.00
    28     3  2001        0.00
    29     3  2001        0.00
    30     3  2001        0.00
    31     3  2001        0.00
     1     4  2001        0.00
     2     4  2001        0.00
     3     4  2001        0.00
     4     4  2001        0.00
     5     4  2001        0.00
     6     4  2001        0.00
     7     4  2001        0.00
     8     4  2001        0.00
     9     4  2001        0.00
    10     4  2001        0.00
    11     4  2001        0.00
    12     4  2001        0.00
    13     4  2001        0.00
    14     4  2001        0.80
    15     4  2001        0.00
    16     4  2001        0.00
    17     4  2001        0.00
    18     4  2001        0.00
    19     4  2001        0.00
    20     4  2001        0.00
    21     4  2001        0.00
    22     4  2001        0.00
    23     4  2001        0.00
    24     4  2001        0.00
    25     4  2001        0.00
    26     4  2001        0.00
    27     4  2001        0.00
    28     4  2001        0.00
    29     4  2001        0.00
    30     4  2001        0.00
     1     5  2001        0.00
     2     5  2001        0.00
     3     5  2001        0.00
     4     5  2001        0.00
     5     5  2001        0.00
     6     5  2001        0.00
     7     5  2001        0.00
     8     5  2001        0.00
     9     5  2001        0.00
    10     5  2001        0.00
    11     5  2001        0.00
    12     5  2001        0.00
    13     5  2001        0.00
    14     5  2001        0.00
    15     5  2001        0.00
    16     5  2001        0.00
    17     5  2001        0.00
    18     5  2001        0.00
    19     5  2001        0.00
    20     5  2001        0.00
    21     5  2001        0.00
    22     5  2001        0.00
    23     5  2001        0.00
    24     5  2001        0.00
    25     5  2001        0.00
    26     5  2001        0.00
    27     5  2001        0.00
    28     5  2001        0.00
    29     5  2001        0.00
    30     5  2001        0.00
    31     5  2001        0.00
     1     6  2001        0.00
     2     6  2001        0.00
     3     6  2001        0.00
     4     6  2001        0.00
     5     6  2001        0.00
     6     6  2001        0.00
     7     6  2001        0.00
     8     6  2001        0.00
     9     6  2001        0.00
    10     6  2001        0.00
    11     6  2001        0.00
    12     6  2001        0.00
    13     6  2001        0.00
    14     6  2001        0.00
    15     6  2001        0.00
    16     6  2001        0.00
    17     6  2001        0.00
    18     6  2001        0.00
    19     6  2001        0.00
    20     6  2001        0.00
    21     6  2001        0.00
    22     6  2001        0.00
    23     6  2001        0.00
    24     6  2001        0.00
    25     6  2001        0.00
    26     6  2001        0.00
    27     6  2001        0.00
    28     6  2001        0.00
    29     6  2001        0.00
    30     6  2001        0.00
     1     7  2001        0.00
     2     7  2001        0.00
     3     7  2001        0.00
     4     7  2001        0.00
     5     7  2001        0.00
     6     7  2001        0.00
     7     7  2001        0.00
     8     7  2001        0.00
     9     7  2001        0.00
    10     7  2001        0.00
    11     7  2001        0.00
    12     7  2001        0.00
    13     7  2001        0.00
    14     7  2001        0.00
    15     7  2001        0.00
    16     7  2001        0.00
    17     7  2001        0.00
    18     7  2001        0.00
    19     7  2001        0.00
    20     7  2001        0.00
    21     7  2001        0.00
    22     7  2001        0.00
    23     7  2001        0.00
    24     7  2001        0.00
    25     7  2001        0.00
    26     7  2001        0.00
    27     7  2001        0.00
    28     7  2001        0.00
    29     7  2001        0.00
    30     7  2001        0.00
    31     7  2001        0.00
     1     8  2001        0.00
     2     8  2001        0.00
     3     8  2001        0.00
     4     8  2001        0.00
     5     8  2001        0.00
     6     8  2001        0.00
     7     8  2001        0.00
     8     8  2001        0.00
     9     8  2001        0.00
    10     8  2001        0.00
    11     8  2001        0.00
    12     8  2001        0.00
    13     8  2001        0.00
    14     8  2001        0.00
    15     8  2001        0.00
    16     8  2001        0.00
    17     8  2001        0.00
    18     8  2001        0.00
    19     8  2001        0.00
    20     8  2001        0.00
    21     8  2001        0.00
    22     8  2001        0.00
    23     8  2001        0.00
    24     8  2001        0.80
    25     8  2001        0.00
    26     8  2001        0.00
    27     8  2001        0.00
    28     8  2001        0.00
    29     8  2001        0.00
    30     8  2001        0.00
    31     8  2001        0.00
     1     9  2001        0.00
     2     9  2001        0.00
     3     9  2001        0.00
     4     9  2001        0.00
     5     9  2001        0.00
     6     9  2001        0.00
     7     9  2001        0.00
     8     9  2001        0.00
     9     9  2001        0.00
    10     9  2001        0.00
    11     9  2001        0.00
    12     9  2001        0.00
    13     9  2001        0.00
    14     9  2001        0.00
    15     9  2001        0.00
    16     9  2001        0.00
    17     9  2001        0.00
    18     9  2001        0.00
    19     9  2001        0.00
    20     9  2001        0.00
    21     9  2001        0.00
    22     9  2001        0.00
    23     9  2001        0.00
    24     9  2001        0.00
    25     9  2001        0.00
    26     9  2001        0.00
    27     9  2001        0.00
    28     9  2001        0.00
    29     9  2001        0.00
    30     9  2001        0.00
     1    10  2001        0.00
     2    10  2001        0.00
     3    10  2001        0.00
     4    10  2001        0.00
     5    10  2001        0.00
     6    10  2001        0.00
     7    10  2001        0.00
     8    10  2001        0.00
     9    10  2001        0.00
    10    10  2001        0.00
    11    10  2001        0.00
    12    10  2001        0.00
    13    10  2001        0.00
    14    10  2001        0.00
    15    10  2001        0.00
    16    10  2001        0.00
    17    10  2001        0.00
    18    10  2001        0.00
    19    10  2001        0.00
    20    10  2001        0.00
    21    10  2001        0.00
    22    10  2001        0.00
    23    10  2001        0.00
    24    10  2001        0.00
    25    10  2001        0.00
    26    10  2001        0.00
    27    10  2001        0.00
    28    10  2001        0.00
    29    10  2001        0.00
    30    10  2001        0.00
    31    10  2001        0.00
     1    11  2001        0.00
     2    11  2001        0.00
     3    11  2001        0.00
     4    11  2001        0.00
     5    11  2001        0.00
     6    11  2001        0.00
     7    11  2001        2.20
     8    11  2001        5.60
     9    11  2001        0.00
    10    11  2001        0.80
    11    11  2001        0.80
    12    11  2001        2.20
    13    11  2001        0.00
    14    11  2001        0.00
    15    11  2001        0.00
    16    11  2001        0.00
    17    11  2001        0.00
    18    11  2001        0.00
    19    11  2001        0.00
    20    11  2001        0.00
    21    11  2001        0.00
    22    11  2001        0.00
    23    11  2001        0.00
    24    11  2001        0.00
    25    11  2001        0.00
    26    11  2001        0.00
    27    11  2001        0.00
    28    11  2001        0.00
    29    11  2001        0.00
    30    11  2001        0.00
     1    12  2001        0.00
     2    12  2001        0.00
     3    12  2001        0.00
     4    12  2001        0.00
     5    12  2001        0.00
     6    12  2001        0.80
     7    12  2001        0.20
     8    12  2001        0.00
     9    12  2001        0.00
    10    12  2001        0.00
    11    12  2001        0.00
    12    12  2001        0.00
    13    12  2001        0.00
    14    12  2001        2.00
    15    12  2001        0.40
    16    12  2001        0.00
    17    12  2001        1.00
    18    12  2001        0.00
    19    12  2001        0.00
    20    12  2001        0.00
    21    12  2001        0.00
    22    12  2001        1.60
    23    12  2001        0.00
    24    12  2001        0.20
    25    12  2001        0.00
    26    12  2001        0.00
    27    12  2001        0.00
    28    12  2001        0.00
    29    12  2001        0.20
    30    12  2001        0.40
    31    12  2001        0.20
     1     1  2002        0.00
     2     1  2002        0.00
     3     1  2002        2.20
     4     1  2002        0.80
     5     1  2002        0.00
     6     1  2002        0.00
     7     1  2002        0.00
     8     1  2002        0.00
     9     1  2002        0.00
    10     1  2002        0.00
    11     1  2002        0.00
    12     1  2002        0.00
    13     1  2002        0.00
    14     1  2002        1.40
    15     1  2002        0.20
    16     1  2002        0.00
    17     1  2002        0.00
    18     1  2002        0.00
    19     1  2002        0.00
    20     1  2002        0.00
    21     1  2002        0.00
    22     1  2002        0.00
    23     1  2002        0.00
    24     1  2002        0.00
    25     1  2002        0.00
    26     1  2002        0.00
    27     1  2002        0.00
    28     1  2002        0.00
    29     1  2002        0.00
    30     1  2002        0.00
    31     1  2002        0.00
     1     2  2002        0.00
     2     2  2002        0.00
     3     2  2002        0.00
     4     2  2002        0.00
     5     2  2002        0.00
     6     2  2002        0.00
     7     2  2002        0.00
     8     2  2002        0.00
     9     2  2002        0.00
    10     2  2002        0.00
    11     2  2002        0.00
    12     2  2002        0.00
    13     2  2002        0.00
    14     2  2002        0.20
    15     2  2002        0.00
    16     2  2002        0.00
    17     2  2002        0.00
    18     2  2002        0.00
    19     2  2002        0.00
    20     2  2002        0.00
    21     2  2002        0.00
    22     2  2002        0.00
    23     2  2002        0.00
    24     2  2002        0.00
    25     2  2002        0.00
    26     2  2002        0.00
    27     2  2002        0.00
    28     2  2002        0.00
     1     3  2002        0.00
     2     3  2002        0.00
     3     3  2002        0.00
     4     3  2002        0.00
     5     3  2002        0.00
     6     3  2002        0.00
     7     3  2002        0.00
     8     3  2002        0.00
     9     3  2002        0.00
    10     3  2002        0.00
    11     3  2002        0.00
    12     3  2002        0.00
    13     3  2002        0.00
    14     3  2002        0.00
    15     3  2002        0.00
    16     3  2002        0.20
    17     3  2002        0.00
    18     3  2002        0.00
    19     3  2002        0.00
    20     3  2002        0.00
    21     3  2002        0.00
    22     3  2002        0.00
    23     3  2002        0.00
    24     3  2002        0.00
    25     3  2002        0.00
    26     3  2002        0.00
    27     3  2002        0.00
    28     3  2002        0.00
    29     3  2002        0.00
    30     3  2002        0.00
    31     3  2002        0.00
     1     4  2002        0.00
     2     4  2002        0.00
     3     4  2002        0.00
     4     4  2002        0.00
     5     4  2002        0.00
     6     4  2002        0.00
     7     4  2002        0.00
     8     4  2002        0.00
     9     4  2002        0.00
    10     4  2002        0.00
    11     4  2002        0.00
    12     4  2002        0.00
    13     4  2002        0.00
    14     4  2002        0.00
    15     4  2002        0.00
    16     4  2002        0.00
    17     4  2002        0.00
    18     4  2002        0.00
    19     4  2002        0.00
    20     4  2002        0.00
    21     4  2002        0.00
    22     4  2002        0.00
    23     4  2002        0.00
    24     4  2002        0.00
    25     4  2002        0.00
    26     4  2002        0.00
    27     4  2002        0.00
    28     4  2002        0.00
    29     4  2002        0.00
    30     4  2002        0.00
     1     5  2002        0.00
     2     5  2002        0.00
     3     5  2002        0.00
     4     5  2002        0.00
     5     5  2002        0.00
     6     5  2002        0.00
     7     5  2002        0.00
     8     5  2002        0.00
     9     5  2002        0.00
    10     5  2002        0.00
    11     5  2002        0.00
    12     5  2002        0.00
    13     5  2002        0.00
    14     5  2002        0.00
    15     5  2002        0.00
    16     5  2002        0.00
    17     5  2002        0.00
    18     5  2002        0.00
    19     5  2002        0.00
    20     5  2002        0.00
    21     5  2002        0.00
    22     5  2002        0.00
    23     5  2002        0.00
    24     5  2002        0.00
    25     5  2002        0.00
    26     5  2002        0.00
    27     5  2002        0.00
    28     5  2002        0.00
    29     5  2002        0.00
    30     5  2002        0.00
    31     5  2002       25.40
     1     6  2002        8.40
     2     6  2002        1.40
     3     6  2002        0.20
     4     6  2002        0.00
     5     6  2002        0.00
     6     6  2002        0.00
     7     6  2002        0.00
     8     6  2002        0.00
     9     6  2002        0.00
    10     6  2002        0.00
    11     6  2002        0.00
    12     6  2002        0.00
    13     6  2002        0.00
    14     6  2002        0.00
    15     6  2002        0.00
    16     6  2002        0.00
    17     6  2002        0.00
    18     6  2002        0.00
    19     6  2002        0.00
    20     6  2002        0.00
    21     6  2002        0.00
    22     6  2002        0.00
    23     6  2002        0.00
    24     6  2002        0.00
    25     6  2002        0.00
    26     6  2002        0.00
    27     6  2002        0.00
    28     6  2002        0.00
    29     6  2002        0.00
    30     6  2002        0.00
     1     7  2002        0.00
     2     7  2002        0.00
     3     7  2002        0.00
     4     7  2002        0.00
     5     7  2002        0.00
     6     7  2002        0.00
     7     7  2002        0.00
     8     7  2002        0.00
     9     7  2002        0.00
    10     7  2002        0.00
    11     7  2002        0.00
    12     7  2002        0.00
    13     7  2002        0.00
    14     7  2002        0.00
    15     7  2002        0.00
    16     7  2002        0.00
    17     7  2002        0.00
    18     7  2002        0.00
    19     7  2002        0.00
    20     7  2002        0.00
    21     7  2002        0.00
    22     7  2002        0.00
    23     7  2002        0.00
    24     7  2002        0.00
    25     7  2002        0.00
    26     7  2002        0.00
    27     7  2002        0.00
    28     7  2002        0.00
    29     7  2002        0.00
    30     7  2002        0.00
    31     7  2002        0.00
     1     8  2002        0.00
     2     8  2002        0.00
     3     8  2002        0.00
     4     8  2002        0.00
     5     8  2002        0.00
     6     8  2002        0.00
     7     8  2002        0.00
     8     8  2002        0.00
     9     8  2002        0.00
    10     8  2002        0.00
    11     8  2002        0.00
    12     8  2002        0.00
    13     8  2002        0.00
    14     8  2002        0.00
    15     8  2002        0.00
    16     8  2002        0.00
    17     8  2002        0.00
    18     8  2002        0.00
    19     8  2002        0.00
    20     8  2002        0.00
    21     8  2002        0.00
    22     8  2002        0.00
    23     8  2002        0.00
    24     8  2002        0.00
    25     8  2002        0.00
    26     8  2002        0.00
    27     8  2002        0.00
    28     8  2002        0.00
    29     8  2002        0.00
    30     8  2002        0.00
    31     8  2002        0.00
     1     9  2002        0.00
     2     9  2002        0.00
     3     9  2002        0.00
     4     9  2002        0.00
     5     9  2002        0.00
     6     9  2002        0.00
     7     9  2002        0.00
     8     9  2002        0.00
     9     9  2002        0.00
    10     9  2002        0.00
    11     9  2002        0.00
    12     9  2002        0.00
    13     9  2002        0.00
    14     9  2002        0.00
    15     9  2002        0.00
    16     9  2002        0.00
    17     9  2002        0.00
    18     9  2002        0.00
    19     9  2002        0.00
    20     9  2002        0.00
    21     9  2002        0.00
    22     9  2002        0.00
    23     9  2002        0.00
    24     9  2002        0.00
    25     9  2002        0.00
    26     9  2002        0.00
    27     9  2002        0.00
    28     9  2002        0.00
    29     9  2002        0.00
    30     9  2002        0.00
     1    10  2002        0.00
     2    10  2002        0.00
     3    10  2002        0.00
     4    10  2002        0.00
     5    10  2002        0.00
     6    10  2002        0.00
     7    10  2002        0.00
     8    10  2002        0.00
     9    10  2002        0.00
    10    10  2002        0.00
    11    10  2002        0.00
    12    10  2002        0.20
    13    10  2002        3.60
    14    10  2002        1.00
    15    10  2002        1.00
    16    10  2002        0.00
    17    10  2002        0.00
    18    10  2002        0.00
    19    10  2002        0.00
    20    10  2002        0.00
    21    10  2002        0.00
    22    10  2002        0.00
    23    10  2002        0.00
    24    10  2002        0.00
    25    10  2002        0.00
    26    10  2002        0.00
    27    10  2002        0.00
    28    10  2002        0.00
    29    10  2002        0.00
    30    10  2002        0.00
    31    10  2002        0.00
     1    11  2002        0.00
     2    11  2002        0.00
     3    11  2002        0.00
     4    11  2002        0.00
     5    11  2002        0.00
     6    11  2002        0.00
     7    11  2002        0.00
     8    11  2002        0.00
     9    11  2002        0.00
    10    11  2002        0.00
    11    11  2002        0.00
    12    11  2002        0.00
    13    11  2002        0.00
    14    11  2002        0.20
    15    11  2002        0.00
    16    11  2002        0.00
    17    11  2002        0.80
    18    11  2002        1.20
    19    11  2002        0.00
    20    11  2002        0.00
    21    11  2002        0.00
    22    11  2002        0.00
    23    11  2002        0.00
    24    11  2002        0.00
    25    11  2002        0.00
    26    11  2002        0.00
    27    11  2002        0.40
    28    11  2002        0.00
    29    11  2002        0.00
    30    11  2002        0.00
     1    12  2002        0.00
     2    12  2002        0.00
     3    12  2002        0.00
     4    12  2002        0.00
     5    12  2002        0.00
     6    12  2002        0.00
     7    12  2002        0.00
     8    12  2002        0.00
     9    12  2002        0.00
    10    12  2002        0.00
    11    12  2002        0.00
    12    12  2002        0.00
    13    12  2002        0.00
    14    12  2002        0.00
    15    12  2002        0.00
    16    12  2002        0.00
    17    12  2002        0.00
    18    12  2002        0.00
    19    12  2002        0.00
    20    12  2002        0.00
    21    12  2002        1.60
    22    12  2002        0.00
    23    12  2002        0.00
    24    12  2002        0.00
    25    12  2002        0.00
    26    12  2002        0.00
    27    12  2002        0.00
    28    12  2002        0.00
    29    12  2002        0.00
    30    12  2002        0.00
    31    12  2002        0.00
     1     1  2003        0.00
     2     1  2003        0.00
     3     1  2003        0.20
     4     1  2003        9.00
     5     1  2003        0.20
     6     1  2003        0.40
     7     1  2003        0.00
     8     1  2003        0.00
     9     1  2003        0.00
    10     1  2003        0.00
    11     1  2003        0.00
    12     1  2003        0.00
    13     1  2003        0.20
    14     1  2003        0.00
    15     1  2003        0.00
    16     1  2003        1.40
    17     1  2003        1.00
    18     1  2003        0.80
    19     1  2003        0.00
    20     1  2003        0.00
    21     1  2003        0.00
    22     1  2003        0.00
    23     1  2003        0.00
    24     1  2003        1.40
    25     1  2003        2.20
    26     1  2003        0.00
    27     1  2003        0.00
    28     1  2003        0.00
    29     1  2003        0.00
    30     1  2003        0.00
    31     1  2003        0.20
     1     2  2003        8.20
     2     2  2003        5.00
     3     2  2003        1.20
     4     2  2003        0.00
     5     2  2003        0.00
     6     2  2003        0.00
     7     2  2003        0.00
     8     2  2003        0.00
     9     2  2003        0.00
    10     2  2003        0.00
    11     2  2003        0.00
    12     2  2003        0.00
    13     2  2003        0.00
    14     2  2003        0.00
    15     2  2003        0.00
    16     2  2003        0.00
    17     2  2003        0.00
    18     2  2003        0.00
    19     2  2003        0.00
    20     2  2003        0.00
    21     2  2003        0.00
    22     2  2003        0.00
    23     2  2003        0.00
    24     2  2003        0.00
    25     2  2003        0.00
    26     2  2003        0.00
    27     2  2003        0.00
    28     2  2003        0.00
     1     3  2003        0.00
     2     3  2003        0.00
     3     3  2003        0.00
     4     3  2003        0.00
     5     3  2003        0.00
     6     3  2003        0.00
     7     3  2003        0.00
     8     3  2003        0.00
     9     3  2003        0.00
    10     3  2003        0.00
    11     3  2003        0.00
    12     3  2003        0.00
    13     3  2003        0.00
    14     3  2003        0.00
    15     3  2003        0.00
    16     3  2003        0.00
    17     3  2003        0.00
    18     3  2003        0.00
    19     3  2003        0.00
    20     3  2003        0.00
    21     3  2003        0.00
    22     3  2003        0.00
    23     3  2003        0.00
    24     3  2003        0.00
    25     3  2003        0.00
    26     3  2003        0.00
    27     3  2003        0.00
    28     3  2003        0.00
    29     3  2003        0.00
    30     3  2003        0.00
    31     3  2003        0.00
     1     4  2003        0.00
     2     4  2003        0.00
     3     4  2003        0.00
     4     4  2003        0.00
     5     4  2003        0.00
     6     4  2003        0.60
     7     4  2003        1.60
     8     4  2003        0.00
     9     4  2003        0.00
    10     4  2003        0.00
    11     4  2003        0.00
    12     4  2003        0.00
    13     4  2003        0.00
    14     4  2003        0.00
    15     4  2003        0.00
    16     4  2003        0.00
    17     4  2003        0.00
    18     4  2003        0.00
    19     4  2003        0.00
    20     4  2003        0.00
    21     4  2003        0.00
    22     4  2003        0.00
    23     4  2003        0.00
    24     4  2003        0.40
    25     4  2003        0.40
    26     4  2003        0.00
    27     4  2003        0.00
    28     4  2003        0.00
    29     4  2003        0.00
    30     4  2003        0.00
     1     5  2003        0.00
     2     5  2003        0.00
     3     5  2003        0.00
     4     5  2003        0.00
     5     5  2003        1.00
     6     5  2003        0.00
     7     5  2003        0.00
     8     5  2003        0.00
     9     5  2003        0.00
    10     5  2003        0.00
    11     5  2003        0.00
    12     5  2003        0.00
    13     5  2003        0.00
    14     5  2003        0.00
    15     5  2003        0.20
    16     5  2003        0.00
    17     5  2003        0.00
    18     5  2003        0.00
    19     5  2003        0.00
    20     5  2003        0.00
    21     5  2003        0.00
    22     5  2003        0.00
    23     5  2003        0.00
    24     5  2003        0.00
    25     5  2003        0.00
    26     5  2003        1.20
    27     5  2003        4.40
    28     5  2003        7.40
    29     5  2003        0.00
    30     5  2003        0.20
    31     5  2003        0.00
     1     6  2003        0.00
     2     6  2003        0.00
     3     6  2003        0.00
     4     6  2003        0.00
     5     6  2003        0.00
     6     6  2003        0.00
     7     6  2003        0.00
     8     6  2003        0.00
     9     6  2003        0.00
    10     6  2003        0.00
    11     6  2003        0.00
    12     6  2003        0.00
    13     6  2003        0.60
    14     6  2003        0.00
    15     6  2003        0.00
    16     6  2003        0.00
    17     6  2003        0.00
    18     6  2003        0.00
    19     6  2003        0.00
    20     6  2003        0.00
    21     6  2003        0.00
    22     6  2003        0.00
    23     6  2003        0.00
    24     6  2003        0.00
    25     6  2003        0.00
    26     6  2003        0.00
    27     6  2003        0.00
    28     6  2003        0.00
    29     6  2003        0.00
    30     6  2003        0.40
     1     7  2003        0.40
     2     7  2003        0.00
     3     7  2003        0.00
     4     7  2003        0.20
     5     7  2003        0.00
     6     7  2003        0.00
     7     7  2003        0.00
     8     7  2003        0.00
     9     7  2003        0.00
    10     7  2003        0.00
    11     7  2003        5.20
    12     7  2003        0.60
    13     7  2003        0.20
    14     7  2003        0.00
    15     7  2003        8.80
    16     7  2003        0.00
    17     7  2003        0.00
    18     7  2003        0.00
    19     7  2003        0.00
    20     7  2003        0.00
    21     7  2003        0.00
    22     7  2003        0.00
    23     7  2003        0.00
    24     7  2003        0.00
    25     7  2003        0.00
    26     7  2003        0.00
    27     7  2003        0.00
    28     7  2003        0.20
    29     7  2003        0.00
    30     7  2003        0.00
    31     7  2003        0.00
     1     8  2003        0.00
     2     8  2003        0.00
     3     8  2003       -1.00
     4     8  2003        0.00
     5     8  2003        0.00
     6     8  2003        0.00
     7     8  2003        0.00
     8     8  2003        0.00
     9     8  2003        0.00
    10     8  2003        0.00
    11     8  2003        0.00
    12     8  2003        0.00
    13     8  2003        0.00
    14     8  2003        0.00
    15     8  2003        0.00
    16     8  2003        0.00
    17     8  2003        0.00
    18     8  2003        0.00
    19     8  2003        0.00
    20     8  2003        0.00
    21     8  2003        0.00
    22     8  2003        0.00
    23     8  2003        0.00
    24     8  2003        0.00
    25     8  2003        0.00
    26     8  2003        0.00
    27     8  2003        0.00
    28     8  2003        0.00
    29     8  2003        0.00
    30     8  2003        0.00
    31     8  2003        0.00
     1     9  2003        0.00
     2     9  2003        0.00
     3     9  2003        0.00
     4     9  2003        0.00
     5     9  2003        0.00
     6     9  2003        0.00
     7     9  2003        0.00
     8     9  2003        0.00
     9     9  2003        0.00
    10     9  2003        0.00
    11     9  2003        0.00
    12     9  2003        0.00
    13     9  2003        0.00
    14     9  2003        0.00
    15     9  2003        0.00
    16     9  2003        0.00
    17     9  2003        0.00
    18     9  2003        0.00
    19     9  2003        0.00
    20     9  2003        0.00
    21     9  2003        0.00
    22     9  2003        0.00
    23     9  2003        0.00
    24     9  2003        0.00
    25     9  2003        0.00
    26     9  2003        0.00
    27     9  2003        0.00
    28     9  2003        0.00
    29     9  2003        0.00
    30     9  2003        0.00
     1    10  2003        0.00
     2    10  2003        0.00
     3    10  2003        0.00
     4    10  2003        0.00
     5    10  2003        0.00
     6    10  2003        0.00
     7    10  2003        0.00
     8    10  2003        0.00
     9    10  2003        0.00
    10    10  2003        0.00
    11    10  2003        0.00
    12    10  2003        0.00
    13    10  2003        0.00
    14    10  2003        0.00
    15    10  2003        0.00
    16    10  2003        0.00
    17    10  2003        0.00
    18    10  2003        0.00
    19    10  2003        0.00
    20    10  2003        0.00
    21    10  2003        4.60
    22    10  2003        0.20
    23    10  2003        0.00
    24    10  2003        0.00
    25    10  2003        0.00
    26    10  2003        0.00
    27    10  2003        0.00
    28    10  2003        0.00
    29    10  2003        0.00
    30    10  2003        0.00
    31    10  2003        0.00
     1    11  2003        0.20
     2    11  2003        1.40
     3    11  2003        0.00
     4    11  2003        0.00
     5    11  2003        0.20
     6    11  2003        0.20
     7    11  2003        0.00
     8    11  2003        0.00
     9    11  2003        0.00
    10    11  2003        0.00
    11    11  2003        0.00
    12    11  2003        1.60
    13    11  2003        0.80
    14    11  2003        0.60
    15    11  2003        0.20
    16    11  2003        1.60
    17    11  2003        0.20
    18    11  2003        0.00
    19    11  2003        0.00
    20    11  2003        0.00
    21    11  2003        0.00
    22    11  2003        0.20
    23    11  2003        0.00
    24    11  2003        0.40
    25    11  2003        0.00
    26    11  2003        0.20
    27    11  2003        0.00
    28    11  2003        0.00
    29    11  2003        0.00
    30    11  2003        0.00
     1    12  2003        0.20
     2    12  2003        0.20
     3    12  2003        0.20
     4    12  2003        0.00
     5    12  2003        0.80
     6    12  2003        0.00
     7    12  2003        0.00
     8    12  2003        0.00
     9    12  2003        0.00
    10    12  2003        1.20
    11    12  2003        3.80
    12    12  2003        0.60
    13    12  2003        0.00
    14    12  2003        0.20
    15    12  2003        0.60
    16    12  2003        0.60
    17    12  2003        1.60
    18    12  2003        2.00
    19    12  2003        2.80
    20    12  2003        1.00
    21    12  2003        4.00
    22    12  2003        1.20
    23    12  2003        1.20
    24    12  2003        0.40
    25    12  2003        0.40
    26    12  2003        0.20
    27    12  2003        0.00
    28    12  2003        1.20
    29    12  2003        1.80
    30    12  2003        1.20
    31    12  2003        2.20
     1     1  2004        1.40
     2     1  2004        0.60
     3     1  2004        0.40
     4     1  2004        1.00
     5     1  2004        1.00
     6     1  2004        6.60
     7     1  2004        1.60
     8     1  2004        3.00
     9     1  2004        1.00
    10     1  2004        0.40
    11     1  2004        1.00
    12     1  2004        0.00
    13     1  2004        1.60
    14     1  2004        1.20
    15     1  2004        0.00
    16     1  2004        0.20
    17     1  2004        0.00
    18     1  2004        0.00
    19     1  2004        9.20
    20     1  2004        2.60
    21     1  2004        2.40
    22     1  2004        0.00
    23     1  2004        0.00
    24     1  2004        0.00
    25     1  2004        0.00
    26     1  2004        1.20
    27     1  2004        0.40
    28     1  2004        0.00
    29     1  2004        0.00
    30     1  2004        0.40
    31     1  2004        0.00
     1     2  2004        2.00
     2     2  2004        1.00
     3     2  2004        2.80
     4     2  2004        2.80
     5     2  2004        9.60
     6     2  2004       11.20
     7     2  2004       15.60
     8     2  2004       11.20
     9     2  2004        8.40
    10     2  2004        5.40
    11     2  2004        2.00
    12     2  2004        0.00
    13     2  2004        0.00
    14     2  2004        0.20
    15     2  2004        0.00
    16     2  2004        0.00
    17     2  2004        0.20
    18     2  2004        0.00
    19     2  2004        0.20
    20     2  2004        0.00
    21     2  2004        0.00
    22     2  2004        0.00
    23     2  2004        1.40
    24     2  2004        0.00
    25     2  2004        0.20
    26     2  2004        0.00
    27     2  2004        0.20
    28     2  2004        0.40
    29     2  2004        0.20
     1     3  2004        2.00
     2     3  2004        0.00
     3     3  2004        0.00
     4     3  2004        0.00
     5     3  2004        0.00
     6     3  2004        0.20
     7     3  2004        0.00
     8     3  2004        3.20
     9     3  2004        0.20
    10     3  2004        0.00
    11     3  2004        0.60
    12     3  2004        0.60
    13     3  2004        0.00
    14     3  2004        0.00
    15     3  2004        0.20
    16     3  2004        0.00
    17     3  2004        0.00
    18     3  2004        0.00
    19     3  2004        0.00
    20     3  2004        0.00
    21     3  2004        0.00
    22     3  2004        0.00
    23     3  2004        0.20
    24     3  2004        0.00
    25     3  2004        0.20
    26     3  2004        0.00
    27     3  2004        0.00
    28     3  2004        0.40
    29     3  2004        0.00
    30     3  2004        0.00
    31     3  2004        0.20
     1     4  2004        0.80
     2     4  2004        0.00
     3     4  2004        0.00
     4     4  2004        0.00
     5     4  2004        0.00
     6     4  2004        0.00
     7     4  2004        0.00
     8     4  2004        4.20
     9     4  2004        2.20
    10     4  2004        0.60
    11     4  2004        0.00
    12     4  2004        0.00
    13     4  2004        1.80
    14     4  2004        0.20
    15     4  2004        0.20
    16     4  2004        0.00
    17     4  2004        1.00
    18     4  2004        0.20
    19     4  2004        0.60
    20     4  2004        0.00
    21     4  2004        0.00
    22     4  2004        0.00
    23     4  2004        3.80
    24     4  2004        1.20
    25     4  2004        0.00
    26     4  2004        0.00
    27     4  2004        0.00
    28     4  2004        1.20
    29     4  2004        0.00
    30     4  2004        0.00
     1     5  2004        0.20
     2     5  2004        0.00
     3     5  2004        1.80
     4     5  2004        3.40
     5     5  2004        0.40
     6     5  2004        0.00
     7     5  2004        0.20
     8     5  2004        0.20
     9     5  2004        0.20
    10     5  2004        1.00
    11     5  2004        0.00
    12     5  2004        0.20
    13     5  2004        0.00
    14     5  2004        0.00
    15     5  2004        0.00
    16     5  2004        0.00
    17     5  2004        0.00
    18     5  2004        0.00
    19     5  2004        0.00
    20     5  2004        0.00
    21     5  2004        0.00
    22     5  2004        0.00
    23     5  2004        0.00
    24     5  2004        0.00
    25     5  2004        0.00
    26     5  2004        0.00
    27     5  2004        0.20
    28     5  2004        0.40
    29     5  2004        0.20
    30     5  2004        1.00
    31     5  2004        1.20
     1     6  2004        0.20
     2     6  2004        0.80
     3     6  2004        0.60
     4     6  2004        0.20
     5     6  2004        0.00
     6     6  2004        0.00
     7     6  2004        3.00
     8     6  2004        1.40
     9     6  2004        0.00
    10     6  2004        0.00
    11     6  2004        0.20
    12     6  2004        0.00
    13     6  2004        0.00
    14     6  2004        0.00
    15     6  2004        0.00
    16     6  2004        0.00
    17     6  2004        0.00
    18     6  2004        0.00
    19     6  2004        0.20
    20     6  2004        0.60
    21     6  2004        0.20
    22     6  2004        0.00
    23     6  2004        0.00
    24     6  2004        0.00
    25     6  2004        0.00
    26     6  2004        0.20
    27     6  2004        3.40
    28     6  2004        0.80
    29     6  2004        0.00
    30     6  2004        0.20
     1     7  2004        0.00
     2     7  2004        0.00
     3     7  2004        0.00
     4     7  2004        0.40
     5     7  2004        0.00
     6     7  2004        0.00
     7     7  2004        0.00
     8     7  2004        0.00
     9     7  2004        0.00
    10     7  2004        0.00
    11     7  2004        0.00
    12     7  2004        0.00
    13     7  2004        0.00
    14     7  2004        0.00
    15     7  2004        0.00
    16     7  2004        0.00
    17     7  2004        0.00
    18     7  2004        0.00
    19     7  2004        0.00
    20     7  2004        0.00
    21     7  2004        0.00
    22     7  2004        0.00
    23     7  2004        0.00
    24     7  2004        0.00
    25     7  2004        0.00
    26     7  2004        0.00
    27     7  2004        0.00
    28     7  2004        0.00
    29     7  2004        0.00
    30     7  2004        0.00
    31     7  2004        0.00
     1     8  2004        0.00
     2     8  2004        0.00
     3     8  2004        0.00
     4     8  2004        0.00
     5     8  2004        0.00
     6     8  2004        0.00
     7     8  2004        0.00
     8     8  2004        0.00
     9     8  2004        0.00
    10     8  2004        0.00
    11     8  2004        0.00
    12     8  2004        0.00
    13     8  2004        0.00
    14     8  2004        0.00
    15     8  2004        0.00
    16     8  2004        0.00
    17     8  2004        0.00
    18     8  2004        0.00
    19     8  2004        0.00
    20     8  2004        0.00
    21     8  2004        0.00
    22     8  2004        0.00
    23     8  2004        0.00
    24     8  2004        0.00
    25     8  2004        0.00
    26     8  2004        0.00
    27     8  2004        0.00
    28     8  2004        0.00
    29     8  2004        0.00
    30     8  2004        0.00
    31     8  2004        0.00
     1     9  2004        0.00
     2     9  2004        0.00
     3     9  2004        0.00
     4     9  2004        0.00
     5     9  2004        0.00
     6     9  2004        0.00
     7     9  2004        0.00
     8     9  2004        0.00
     9     9  2004        0.00
    10     9  2004        0.00
    11     9  2004        0.00
    12     9  2004        0.00
    13     9  2004        0.00
    14     9  2004        0.00
    15     9  2004        0.00
    16     9  2004        0.00
    17     9  2004        0.00
    18     9  2004        0.00
    19     9  2004        0.00
    20     9  2004        0.00
    21     9  2004        0.00
    22     9  2004        0.00
    23     9  2004        0.00
    24     9  2004        0.00
    25     9  2004        0.00
    26     9  2004        0.00
    27     9  2004        0.00
    28     9  2004        0.00
    29     9  2004        0.60
    30     9  2004        0.00
     1    10  2004        0.00
     2    10  2004        0.00
     3    10  2004        0.40
     4    10  2004        0.60
     5    10  2004        0.00
     6    10  2004        3.60
     7    10  2004        0.00
     8    10  2004        0.20
     9    10  2004        0.00
    10    10  2004        2.00
    11    10  2004        0.20
    12    10  2004        0.00
    13    10  2004        0.60
    14    10  2004        1.00
    15    10  2004        2.20
    16    10  2004        1.40
    17    10  2004        0.20
    18    10  2004        0.20
    19    10  2004        0.60
    20    10  2004        0.80
    21    10  2004        1.20
    22    10  2004        1.00
    23    10  2004        0.20
    24    10  2004        0.60
    25    10  2004        0.20
    26    10  2004        0.00
    27    10  2004        0.40
    28    10  2004        0.00
    29    10  2004        0.00
    30    10  2004        0.00
    31    10  2004        0.00
     1    11  2004        0.40
     2    11  2004        0.00
     3    11  2004        0.00
     4    11  2004        0.00
     5    11  2004        0.00
     6    11  2004        0.00
     7    11  2004        0.00
     8    11  2004        0.00
     9    11  2004        0.00
    10    11  2004        0.00
    11    11  2004        0.20
    12    11  2004        0.80
    13    11  2004        1.00
    14    11  2004        0.40
    15    11  2004        0.60
    16    11  2004        0.20
    17    11  2004        0.40
    18    11  2004        0.00
    19    11  2004        0.00
    20    11  2004        0.00
    21    11  2004        0.00
    22    11  2004        0.00
    23    11  2004        0.00
    24    11  2004        0.00
    25    11  2004        0.00
    26    11  2004        0.00
    27    11  2004        0.00
    28    11  2004        1.60
    29    11  2004        2.40
    30    11  2004        0.20
     1    12  2004        0.20
     2    12  2004        0.00
     3    12  2004        0.00
     4    12  2004        1.00
     5    12  2004        1.20
     6    12  2004        0.20
     7    12  2004        0.20
     8    12  2004        5.40
     9    12  2004        1.60
    10    12  2004        1.80
    11    12  2004        0.00
    12    12  2004        0.60
    13    12  2004        0.20
    14    12  2004        0.00
    15    12  2004        0.20
    16    12  2004        0.00
    17    12  2004        2.00
    18    12  2004        0.60
    19    12  2004        0.00
    20    12  2004        0.00
    21    12  2004        0.00
    22    12  2004        0.00
    23    12  2004        0.00
    24    12  2004        0.00
    25    12  2004        0.00
    26    12  2004        0.00
    27    12  2004        0.00
    28    12  2004        0.00
    29    12  2004        0.20
    30    12  2004        0.00
    31    12  2004        0.00
     1     1  2005        1.60
     2     1  2005        0.20
     3     1  2005        0.00
     4     1  2005        0.60
     5     1  2005        0.00
     6     1  2005        0.20
     7     1  2005        0.40
     8     1  2005        0.00
     9     1  2005        0.00
    10     1  2005        0.00
    11     1  2005        0.00
    12     1  2005        0.00
    13     1  2005        0.00
    14     1  2005        0.00
    15     1  2005        0.20
    16     1  2005        0.00
    17     1  2005        0.00
    18     1  2005        0.00
    19     1  2005        0.00
    20     1  2005        0.00
    21     1  2005        0.00
    22     1  2005        0.00
    23     1  2005        0.80
    24     1  2005        1.20
    25     1  2005        2.00
    26     1  2005        0.40
    27     1  2005        1.40
    28     1  2005        2.20
    29     1  2005        5.20
    30     1  2005        3.80
    31     1  2005        0.00
     1     2  2005        0.00
     2     2  2005        0.00
     3     2  2005        0.00
     4     2  2005        0.00
     5     2  2005        0.00
     6     2  2005        0.00
     7     2  2005        0.00
     8     2  2005        0.00
     9     2  2005        0.00
    10     2  2005        0.00
    11     2  2005        0.00
    12     2  2005        0.00
    13     2  2005        0.00
    14     2  2005        0.00
    15     2  2005        0.00
    16     2  2005        0.00
    17     2  2005        0.00
    18     2  2005        0.00
    19     2  2005        0.20
    20     2  2005        0.00
    21     2  2005        0.00
    22     2  2005        0.00
    23     2  2005        0.00
    24     2  2005        0.20
    25     2  2005        0.00
    26     2  2005        0.00
    27     2  2005        0.00
    28     2  2005        0.00
     1     3  2005        0.00
     2     3  2005        0.00
     3     3  2005        0.00
     4     3  2005        0.00
     5     3  2005        0.00
     6     3  2005        0.00
     7     3  2005        0.00
     8     3  2005        0.00
     9     3  2005        0.00
    10     3  2005        0.00
    11     3  2005        0.00
    12     3  2005        0.00
    13     3  2005        0.20
    14     3  2005        0.00
    15     3  2005        0.20
    16     3  2005        0.00
    17     3  2005        0.00
    18     3  2005        0.00
    19     3  2005        0.00
    20     3  2005        0.00
    21     3  2005        0.00
    22     3  2005        0.00
    23     3  2005        0.00
    24     3  2005        0.00
    25     3  2005        0.00
    26     3  2005        0.00
    27     3  2005        0.00
    28     3  2005        0.00
    29     3  2005        0.00
    30     3  2005        0.00
    31     3  2005        0.00
     1     4  2005        0.00
     2     4  2005        0.00
     3     4  2005        0.00
     4     4  2005        0.00
     5     4  2005        0.00
     6     4  2005        0.00
     7     4  2005        0.00
     8     4  2005        0.00
     9     4  2005        0.00
    10     4  2005        0.00
    11     4  2005        0.00
    12     4  2005        0.00
    13     4  2005        0.00
    14     4  2005        0.00
    15     4  2005        0.00
    16     4  2005        0.00
    17     4  2005        0.00
    18     4  2005        0.00
    19     4  2005        0.00
    20     4  2005        0.00
    21     4  2005        0.00
    22     4  2005        0.00
    23     4  2005        0.00
    24     4  2005        0.00
    25     4  2005        0.00
    26     4  2005        0.00
    27     4  2005        0.00
    28     4  2005        0.00
    29     4  2005        0.00
    30     4  2005        0.00
     1     5  2005        0.00
     2     5  2005        0.00
     3     5  2005        0.00
     4     5  2005        0.00
     5     5  2005        0.00
     6     5  2005        0.00
     7     5  2005        0.00
     8     5  2005        0.00
     9     5  2005        0.00
    10     5  2005        0.00
    11     5  2005        0.00
    12     5  2005        0.00
    13     5  2005        0.20
    14     5  2005        0.00
    15     5  2005        0.00
    16     5  2005        8.00
    17     5  2005        0.00
    18     5  2005        1.20
    19     5  2005        1.20
    20     5  2005        0.40
    21     5  2005        0.00
    22     5  2005        0.00
    23     5  2005        0.00
    24     5  2005        0.00
    25     5  2005        0.00
    26     5  2005        0.20
    27     5  2005        0.00
    28     5  2005        0.00
    29     5  2005        0.00
    30     5  2005        0.00
    31     5  2005        0.00
     1     6  2005        0.00
     2     6  2005        0.00
     3     6  2005        0.00
     4     6  2005        0.00
     5     6  2005        0.00
     6     6  2005        2.20
     7     6  2005        0.00
     8     6  2005        0.00
     9     6  2005        0.00
    10     6  2005        0.00
    11     6  2005        0.00
    12     6  2005        0.00
    13     6  2005        0.00
    14     6  2005        0.00
    15     6  2005        4.20
    16     6  2005        0.20
    17     6  2005        0.00
    18     6  2005        0.00
    19     6  2005        0.00
    20     6  2005        0.00
    21     6  2005        0.00
    22     6  2005        0.00
    23     6  2005        1.80
    24     6  2005        0.00
    25     6  2005        0.00
    26     6  2005        0.00
    27     6  2005        0.00
    28     6  2005        0.00
    29     6  2005        0.00
    30     6  2005        3.40
     1     7  2005        0.00
     2     7  2005        0.00
     3     7  2005        0.00
     4     7  2005        0.00
     5     7  2005        0.00
     6     7  2005        0.00
     7     7  2005        0.00
     8     7  2005        0.00
     9     7  2005        0.00
    10     7  2005        0.00
    11     7  2005        0.00
    12     7  2005        0.00
    13     7  2005        0.00
    14     7  2005        0.00
    15     7  2005        0.00
    16     7  2005        0.00
    17     7  2005        0.00
    18     7  2005        0.00
    19     7  2005        0.00
    20     7  2005        0.00
    21     7  2005        0.00
    22     7  2005        0.00
    23     7  2005        0.00
    24     7  2005        0.00
    25     7  2005        0.00
    26     7  2005        0.00
    27     7  2005        0.00
    28     7  2005        0.00
    29     7  2005        0.00
    30     7  2005        0.00
    31     7  2005        0.00
     1     8  2005        0.00
     2     8  2005        0.00
     3     8  2005        0.00
     4     8  2005        0.00
     5     8  2005        0.00
     6     8  2005        0.00
     7     8  2005        0.00
     8     8  2005        0.00
     9     8  2005        0.00
    10     8  2005        0.00
    11     8  2005        0.00
    12     8  2005        0.00
    13     8  2005        0.00
    14     8  2005        0.00
    15     8  2005        0.00
    16     8  2005        0.00
    17     8  2005        0.00
    18     8  2005        0.00
    19     8  2005        0.00
    20     8  2005        0.00
    21     8  2005        0.00
    22     8  2005        0.00
    23     8  2005        0.00
    24     8  2005        0.00
    25     8  2005        0.00
    26     8  2005        0.00
    27     8  2005        0.00
    28     8  2005        0.00
    29     8  2005        0.00
    30     8  2005        0.00
    31     8  2005        0.00
     1     9  2005        0.00
     2     9  2005        0.00
     3     9  2005        0.00
     4     9  2005        0.00
     5     9  2005        0.00
     6     9  2005        0.00
     7     9  2005        0.00
     8     9  2005        0.00
     9     9  2005        0.00
    10     9  2005        0.00
    11     9  2005        0.00
    12     9  2005        0.00
    13     9  2005        0.00
    14     9  2005        0.00
    15     9  2005        0.00
    16     9  2005        0.00
    17     9  2005        0.00
    18     9  2005        0.00
    19     9  2005        0.00
    20     9  2005        0.00
    21     9  2005        0.00
    22     9  2005        0.00
    23     9  2005        0.00
    24     9  2005        0.00
    25     9  2005        0.00
    26     9  2005        0.00
    27     9  2005        0.00
    28     9  2005        0.00
    29     9  2005        0.00
    30     9  2005        0.00
     1    10  2005        0.00
     2    10  2005        0.00
     3    10  2005        0.00
     4    10  2005        0.00
     5    10  2005        0.40
     6    10  2005        0.00
     7    10  2005        0.00
     8    10  2005        0.00
     9    10  2005        0.00
    10    10  2005        0.00
    11    10  2005        0.00
    12    10  2005        1.20
    13    10  2005        0.00
    14    10  2005        0.00
    15    10  2005        0.00
    16    10  2005        0.20
    17    10  2005        0.00
    18    10  2005        0.00
    19    10  2005        0.00
    20    10  2005        0.00
    21    10  2005        0.00
    22    10  2005        0.00
    23    10  2005        0.00
    24    10  2005        0.00
    25    10  2005        0.00
    26    10  2005        0.00
    27    10  2005        0.00
    28    10  2005        0.00
    29    10  2005        0.00
    30    10  2005        0.00
    31    10  2005        0.00
     1    11  2005        0.00
     2    11  2005        0.40
     3    11  2005        0.00
     4    11  2005        0.20
     5    11  2005        1.20
     6    11  2005        0.20
     7    11  2005        0.00
     8    11  2005        0.00
     9    11  2005        0.00
    10    11  2005        0.00
    11    11  2005        0.00
    12    11  2005        0.00
    13    11  2005        0.00
    14    11  2005        0.00
    15    11  2005        0.00
    16    11  2005        0.00
    17    11  2005        0.00
    18    11  2005        0.00
    19    11  2005        0.00
    20    11  2005        0.00
    21    11  2005        0.00
    22    11  2005        0.00
    23    11  2005        0.00
    24    11  2005        0.00
    25    11  2005        0.00
    26    11  2005        0.00
    27    11  2005        0.00
    28    11  2005        0.00
    29    11  2005        0.00
    30    11  2005        0.00
     1    12  2005        0.00
     2    12  2005        0.00
     3    12  2005        0.00
     4    12  2005        0.00
     5    12  2005        0.00
     6    12  2005        0.00
     7    12  2005        0.00
     8    12  2005        0.00
     9    12  2005        0.00
    10    12  2005        0.00
    11    12  2005        0.00
    12    12  2005        0.00
    13    12  2005        0.00
    14    12  2005        0.00
    15    12  2005        0.00
    16    12  2005        0.00
    17    12  2005        0.00
    18    12  2005        0.00
    19    12  2005        0.00
    20    12  2005        0.00
    21    12  2005        0.00
    22    12  2005        0.00
    23    12  2005        0.00
    24    12  2005        0.00
    25    12  2005        0.00
    26    12  2005        0.00
    27    12  2005        0.00
    28    12  2005        0.60
    29    12  2005        2.00
    30    12  2005        0.00
    31    12  2005        0.00
     1     1  2006        0.00
     2     1  2006        0.00
     3     1  2006        0.00
     4     1  2006        0.00
     5     1  2006        0.20
     6     1  2006        0.60
     7     1  2006        0.40
     8     1  2006        1.60
     9     1  2006        0.00
    10     1  2006        0.00
    11     1  2006        0.00
    12     1  2006        0.20
    13     1  2006        0.00
    14     1  2006        0.00
    15     1  2006        0.00
    16     1  2006        0.00
