     1     1  2001       -1.00
     2     1  2001       -1.00
     3     1  2001       -1.00
     4     1  2001       -1.00
     5     1  2001       -1.00
     6     1  2001       -1.00
     7     1  2001       -1.00
     8     1  2001       -1.00
     9     1  2001       -1.00
    10     1  2001       -1.00
    11     1  2001       -1.00
    12     1  2001       -1.00
    13     1  2001       -1.00
    14     1  2001       -1.00
    15     1  2001       -1.00
    16     1  2001       -1.00
    17     1  2001       -1.00
    18     1  2001       -1.00
    19     1  2001       -1.00
    20     1  2001       -1.00
    21     1  2001       -1.00
    22     1  2001       -1.00
    23     1  2001       -1.00
    24     1  2001       -1.00
    25     1  2001       -1.00
    26     1  2001       -1.00
    27     1  2001       -1.00
    28     1  2001       -1.00
    29     1  2001       -1.00
    30     1  2001       -1.00
    31     1  2001       -1.00
     1     2  2001       -1.00
     2     2  2001       -1.00
     3     2  2001       -1.00
     4     2  2001       -1.00
     5     2  2001       -1.00
     6     2  2001       -1.00
     7     2  2001       -1.00
     8     2  2001       -1.00
     9     2  2001       -1.00
    10     2  2001       -1.00
    11     2  2001       -1.00
    12     2  2001       -1.00
    13     2  2001       -1.00
    14     2  2001       -1.00
    15     2  2001       -1.00
    16     2  2001       -1.00
    17     2  2001       -1.00
    18     2  2001       -1.00
    19     2  2001       -1.00
    20     2  2001       -1.00
    21     2  2001       -1.00
    22     2  2001       -1.00
    23     2  2001       -1.00
    24     2  2001       -1.00
    25     2  2001       -1.00
    26     2  2001       -1.00
    27     2  2001       -1.00
    28     2  2001       -1.00
     1     3  2001       -1.00
     2     3  2001       -1.00
     3     3  2001       -1.00
     4     3  2001       -1.00
     5     3  2001       -1.00
     6     3  2001       -1.00
     7     3  2001       -1.00
     8     3  2001       -1.00
     9     3  2001       -1.00
    10     3  2001       -1.00
    11     3  2001       -1.00
    12     3  2001       -1.00
    13     3  2001       -1.00
    14     3  2001       -1.00
    15     3  2001       -1.00
    16     3  2001       -1.00
    17     3  2001       -1.00
    18     3  2001       -1.00
    19     3  2001       -1.00
    20     3  2001       -1.00
    21     3  2001       -1.00
    22     3  2001       -1.00
    23     3  2001       -1.00
    24     3  2001       -1.00
    25     3  2001       -1.00
    26     3  2001       -1.00
    27     3  2001       -1.00
    28     3  2001       -1.00
    29     3  2001       -1.00
    30     3  2001       -1.00
    31     3  2001       -1.00
     1     4  2001       -1.00
     2     4  2001       -1.00
     3     4  2001       -1.00
     4     4  2001       -1.00
     5     4  2001       -1.00
     6     4  2001       -1.00
     7     4  2001       -1.00
     8     4  2001       -1.00
     9     4  2001       -1.00
    10     4  2001       -1.00
    11     4  2001       -1.00
    12     4  2001       -1.00
    13     4  2001       -1.00
    14     4  2001       -1.00
    15     4  2001       -1.00
    16     4  2001       -1.00
    17     4  2001       -1.00
    18     4  2001       -1.00
    19     4  2001       -1.00
    20     4  2001       -1.00
    21     4  2001       -1.00
    22     4  2001       -1.00
    23     4  2001       -1.00
    24     4  2001       -1.00
    25     4  2001       -1.00
    26     4  2001       -1.00
    27     4  2001       -1.00
    28     4  2001       -1.00
    29     4  2001       -1.00
    30     4  2001       -1.00
     1     5  2001       -1.00
     2     5  2001       -1.00
     3     5  2001       -1.00
     4     5  2001       -1.00
     5     5  2001       -1.00
     6     5  2001       -1.00
     7     5  2001       -1.00
     8     5  2001       -1.00
     9     5  2001       -1.00
    10     5  2001       -1.00
    11     5  2001       -1.00
    12     5  2001       -1.00
    13     5  2001       -1.00
    14     5  2001       -1.00
    15     5  2001       -1.00
    16     5  2001       -1.00
    17     5  2001       -1.00
    18     5  2001       -1.00
    19     5  2001       -1.00
    20     5  2001       -1.00
    21     5  2001       -1.00
    22     5  2001       -1.00
    23     5  2001       -1.00
    24     5  2001       -1.00
    25     5  2001       -1.00
    26     5  2001       -1.00
    27     5  2001       -1.00
    28     5  2001       -1.00
    29     5  2001       -1.00
    30     5  2001       -1.00
    31     5  2001       -1.00
     1     6  2001       -1.00
     2     6  2001       -1.00
     3     6  2001       -1.00
     4     6  2001       -1.00
     5     6  2001       -1.00
     6     6  2001       -1.00
     7     6  2001       -1.00
     8     6  2001       -1.00
     9     6  2001       -1.00
    10     6  2001       -1.00
    11     6  2001       -1.00
    12     6  2001       -1.00
    13     6  2001       -1.00
    14     6  2001       -1.00
    15     6  2001       -1.00
    16     6  2001       -1.00
    17     6  2001       -1.00
    18     6  2001       -1.00
    19     6  2001       -1.00
    20     6  2001       -1.00
    21     6  2001       -1.00
    22     6  2001       -1.00
    23     6  2001       -1.00
    24     6  2001       -1.00
    25     6  2001       -1.00
    26     6  2001       -1.00
    27     6  2001       -1.00
    28     6  2001       -1.00
    29     6  2001       -1.00
    30     6  2001       -1.00
     1     7  2001       -1.00
     2     7  2001       -1.00
     3     7  2001       -1.00
     4     7  2001       -1.00
     5     7  2001       -1.00
     6     7  2001       -1.00
     7     7  2001       -1.00
     8     7  2001       -1.00
     9     7  2001       -1.00
    10     7  2001       -1.00
    11     7  2001       -1.00
    12     7  2001       -1.00
    13     7  2001       -1.00
    14     7  2001       -1.00
    15     7  2001       -1.00
    16     7  2001       -1.00
    17     7  2001       -1.00
    18     7  2001       -1.00
    19     7  2001       -1.00
    20     7  2001       -1.00
    21     7  2001       -1.00
    22     7  2001       -1.00
    23     7  2001       -1.00
    24     7  2001       -1.00
    25     7  2001       -1.00
    26     7  2001       -1.00
    27     7  2001       -1.00
    28     7  2001       -1.00
    29     7  2001       -1.00
    30     7  2001       -1.00
    31     7  2001       -1.00
     1     8  2001       -1.00
     2     8  2001       -1.00
     3     8  2001       -1.00
     4     8  2001       -1.00
     5     8  2001       -1.00
     6     8  2001       -1.00
     7     8  2001       -1.00
     8     8  2001       -1.00
     9     8  2001       -1.00
    10     8  2001       -1.00
    11     8  2001       -1.00
    12     8  2001       -1.00
    13     8  2001       -1.00
    14     8  2001       -1.00
    15     8  2001       -1.00
    16     8  2001       -1.00
    17     8  2001       -1.00
    18     8  2001       -1.00
    19     8  2001       -1.00
    20     8  2001       -1.00
    21     8  2001       -1.00
    22     8  2001       -1.00
    23     8  2001       -1.00
    24     8  2001       -1.00
    25     8  2001       -1.00
    26     8  2001       -1.00
    27     8  2001       -1.00
    28     8  2001       -1.00
    29     8  2001       -1.00
    30     8  2001       -1.00
    31     8  2001       -1.00
     1     9  2001       -1.00
     2     9  2001       -1.00
     3     9  2001       -1.00
     4     9  2001       -1.00
     5     9  2001       -1.00
     6     9  2001       -1.00
     7     9  2001       -1.00
     8     9  2001       -1.00
     9     9  2001       -1.00
    10     9  2001       -1.00
    11     9  2001       -1.00
    12     9  2001       -1.00
    13     9  2001       -1.00
    14     9  2001       -1.00
    15     9  2001       -1.00
    16     9  2001       -1.00
    17     9  2001       -1.00
    18     9  2001       -1.00
    19     9  2001       -1.00
    20     9  2001       -1.00
    21     9  2001       -1.00
    22     9  2001       -1.00
    23     9  2001       -1.00
    24     9  2001       -1.00
    25     9  2001       -1.00
    26     9  2001       -1.00
    27     9  2001       -1.00
    28     9  2001       -1.00
    29     9  2001       -1.00
    30     9  2001       -1.00
     1    10  2001       -1.00
     2    10  2001       -1.00
     3    10  2001       -1.00
     4    10  2001       -1.00
     5    10  2001       -1.00
     6    10  2001       -1.00
     7    10  2001       -1.00
     8    10  2001       -1.00
     9    10  2001       -1.00
    10    10  2001       -1.00
    11    10  2001       -1.00
    12    10  2001       -1.00
    13    10  2001       -1.00
    14    10  2001       -1.00
    15    10  2001       -1.00
    16    10  2001       -1.00
    17    10  2001       -1.00
    18    10  2001       -1.00
    19    10  2001       -1.00
    20    10  2001       -1.00
    21    10  2001       -1.00
    22    10  2001       -1.00
    23    10  2001       -1.00
    24    10  2001       -1.00
    25    10  2001       -1.00
    26    10  2001       -1.00
    27    10  2001       -1.00
    28    10  2001       -1.00
    29    10  2001       -1.00
    30    10  2001       -1.00
    31    10  2001       -1.00
     1    11  2001       -1.00
     2    11  2001       -1.00
     3    11  2001       -1.00
     4    11  2001       -1.00
     5    11  2001       -1.00
     6    11  2001       -1.00
     7    11  2001       -1.00
     8    11  2001       -1.00
     9    11  2001       -1.00
    10    11  2001       -1.00
    11    11  2001       -1.00
    12    11  2001       -1.00
    13    11  2001       -1.00
    14    11  2001       -1.00
    15    11  2001       -1.00
    16    11  2001       -1.00
    17    11  2001       -1.00
    18    11  2001       -1.00
    19    11  2001       -1.00
    20    11  2001       -1.00
    21    11  2001       -1.00
    22    11  2001       -1.00
    23    11  2001       -1.00
    24    11  2001       -1.00
    25    11  2001       -1.00
    26    11  2001       -1.00
    27    11  2001       -1.00
    28    11  2001       -1.00
    29    11  2001       -1.00
    30    11  2001       -1.00
     1    12  2001       -1.00
     2    12  2001       -1.00
     3    12  2001       -1.00
     4    12  2001       -1.00
     5    12  2001       -1.00
     6    12  2001       -1.00
     7    12  2001       -1.00
     8    12  2001       -1.00
     9    12  2001       -1.00
    10    12  2001       -1.00
    11    12  2001       -1.00
    12    12  2001       -1.00
    13    12  2001       -1.00
    14    12  2001       -1.00
    15    12  2001       -1.00
    16    12  2001       -1.00
    17    12  2001       -1.00
    18    12  2001       -1.00
    19    12  2001       -1.00
    20    12  2001       -1.00
    21    12  2001       -1.00
    22    12  2001       -1.00
    23    12  2001       -1.00
    24    12  2001       -1.00
    25    12  2001       -1.00
    26    12  2001       -1.00
    27    12  2001       -1.00
    28    12  2001       -1.00
    29    12  2001       -1.00
    30    12  2001       -1.00
    31    12  2001       -1.00
     1     1  2002       -1.00
     2     1  2002       -1.00
     3     1  2002       -1.00
     4     1  2002       -1.00
     5     1  2002       -1.00
     6     1  2002       -1.00
     7     1  2002       -1.00
     8     1  2002       -1.00
     9     1  2002       -1.00
    10     1  2002       -1.00
    11     1  2002       -1.00
    12     1  2002       -1.00
    13     1  2002       -1.00
    14     1  2002       -1.00
    15     1  2002       -1.00
    16     1  2002       -1.00
    17     1  2002       -1.00
    18     1  2002       -1.00
    19     1  2002       -1.00
    20     1  2002       -1.00
    21     1  2002       -1.00
    22     1  2002       -1.00
    23     1  2002       -1.00
    24     1  2002       -1.00
    25     1  2002       -1.00
    26     1  2002       -1.00
    27     1  2002       -1.00
    28     1  2002       -1.00
    29     1  2002       -1.00
    30     1  2002       -1.00
    31     1  2002       -1.00
     1     2  2002       -1.00
     2     2  2002       -1.00
     3     2  2002       -1.00
     4     2  2002       -1.00
     5     2  2002       -1.00
     6     2  2002       -1.00
     7     2  2002       -1.00
     8     2  2002       -1.00
     9     2  2002       -1.00
    10     2  2002       -1.00
    11     2  2002       -1.00
    12     2  2002       -1.00
    13     2  2002       -1.00
    14     2  2002       -1.00
    15     2  2002       -1.00
    16     2  2002       -1.00
    17     2  2002       -1.00
    18     2  2002       -1.00
    19     2  2002       -1.00
    20     2  2002       -1.00
    21     2  2002       -1.00
    22     2  2002       -1.00
    23     2  2002       -1.00
    24     2  2002       -1.00
    25     2  2002       -1.00
    26     2  2002       -1.00
    27     2  2002       -1.00
    28     2  2002       -1.00
     1     3  2002       -1.00
     2     3  2002       -1.00
     3     3  2002       -1.00
     4     3  2002       -1.00
     5     3  2002       -1.00
     6     3  2002       -1.00
     7     3  2002       -1.00
     8     3  2002       -1.00
     9     3  2002       -1.00
    10     3  2002       -1.00
    11     3  2002       -1.00
    12     3  2002       -1.00
    13     3  2002       -1.00
    14     3  2002       -1.00
    15     3  2002       -1.00
    16     3  2002       -1.00
    17     3  2002       -1.00
    18     3  2002       -1.00
    19     3  2002       -1.00
    20     3  2002       -1.00
    21     3  2002       -1.00
    22     3  2002       -1.00
    23     3  2002       -1.00
    24     3  2002       -1.00
    25     3  2002       -1.00
    26     3  2002       -1.00
    27     3  2002       -1.00
    28     3  2002       -1.00
    29     3  2002       -1.00
    30     3  2002       -1.00
    31     3  2002       -1.00
     1     4  2002       -1.00
     2     4  2002       -1.00
     3     4  2002       -1.00
     4     4  2002       -1.00
     5     4  2002       -1.00
     6     4  2002       -1.00
     7     4  2002       -1.00
     8     4  2002       -1.00
     9     4  2002       -1.00
    10     4  2002       -1.00
    11     4  2002       -1.00
    12     4  2002       -1.00
    13     4  2002       -1.00
    14     4  2002       -1.00
    15     4  2002       -1.00
    16     4  2002       -1.00
    17     4  2002       -1.00
    18     4  2002       -1.00
    19     4  2002       -1.00
    20     4  2002       -1.00
    21     4  2002       -1.00
    22     4  2002       -1.00
    23     4  2002       -1.00
    24     4  2002       -1.00
    25     4  2002       -1.00
    26     4  2002       -1.00
    27     4  2002       -1.00
    28     4  2002       -1.00
    29     4  2002       -1.00
    30     4  2002       -1.00
     1     5  2002       -1.00
     2     5  2002       -1.00
     3     5  2002       -1.00
     4     5  2002       -1.00
     5     5  2002       -1.00
     6     5  2002       -1.00
     7     5  2002       -1.00
     8     5  2002       -1.00
     9     5  2002       -1.00
    10     5  2002       -1.00
    11     5  2002       -1.00
    12     5  2002       -1.00
    13     5  2002        0.79
    14     5  2002        0.82
    15     5  2002        0.00
    16     5  2002        0.00
    17     5  2002        2.16
    18     5  2002        0.62
    19     5  2002        0.20
    20     5  2002        0.00
    21     5  2002        0.00
    22     5  2002        0.00
    23     5  2002        0.00
    24     5  2002        0.00
    25     5  2002        0.42
    26     5  2002        0.00
    27     5  2002        0.00
    28     5  2002        0.00
    29     5  2002        0.00
    30     5  2002        0.00
    31     5  2002        0.00
     1     6  2002        0.00
     2     6  2002        0.00
     3     6  2002        0.00
     4     6  2002        0.00
     5     6  2002        0.00
     6     6  2002        0.00
     7     6  2002        0.00
     8     6  2002        0.00
     9     6  2002        0.00
    10     6  2002        0.00
    11     6  2002        0.00
    12     6  2002        0.00
    13     6  2002        0.00
    14     6  2002        0.00
    15     6  2002        0.00
    16     6  2002        0.00
    17     6  2002        0.20
    18     6  2002        0.00
    19     6  2002        0.00
    20     6  2002        0.00
    21     6  2002        0.20
    22     6  2002        0.00
    23     6  2002        0.00
    24     6  2002        0.00
    25     6  2002        0.00
    26     6  2002        0.00
    27     6  2002        0.00
    28     6  2002        0.00
    29     6  2002        0.00
    30     6  2002        0.00
     1     7  2002        0.00
     2     7  2002        0.00
     3     7  2002        0.00
     4     7  2002        0.00
     5     7  2002        0.00
     6     7  2002        0.00
     7     7  2002        0.00
     8     7  2002        0.00
     9     7  2002        0.00
    10     7  2002        0.00
    11     7  2002        0.00
    12     7  2002        0.00
    13     7  2002        0.00
    14     7  2002        0.00
    15     7  2002        0.00
    16     7  2002        0.00
    17     7  2002        0.00
    18     7  2002        0.00
    19     7  2002        0.00
    20     7  2002        0.00
    21     7  2002        0.00
    22     7  2002        0.00
    23     7  2002        0.00
    24     7  2002        0.00
    25     7  2002        0.00
    26     7  2002        0.00
    27     7  2002        0.00
    28     7  2002        0.00
    29     7  2002        0.00
    30     7  2002        0.00
    31     7  2002        0.00
     1     8  2002        0.00
     2     8  2002        0.00
     3     8  2002        0.00
     4     8  2002        0.00
     5     8  2002        0.00
     6     8  2002        0.00
     7     8  2002        0.00
     8     8  2002        0.00
     9     8  2002        0.00
    10     8  2002        0.00
    11     8  2002        0.00
    12     8  2002        0.00
    13     8  2002        0.39
    14     8  2002        0.20
    15     8  2002        0.00
    16     8  2002        0.00
    17     8  2002        0.00
    18     8  2002        0.20
    19     8  2002        0.00
    20     8  2002        0.00
    21     8  2002        0.00
    22     8  2002        0.00
    23     8  2002        0.00
    24     8  2002        0.00
    25     8  2002        0.00
    26     8  2002        0.00
    27     8  2002        0.00
    28     8  2002        0.00
    29     8  2002        0.00
    30     8  2002        0.00
    31     8  2002        0.39
     1     9  2002        0.00
     2     9  2002        0.20
     3     9  2002        0.82
     4     9  2002        0.42
     5     9  2002        0.00
     6     9  2002        0.00
     7     9  2002        0.00
     8     9  2002        0.00
     9     9  2002        0.00
    10     9  2002        0.00
    11     9  2002        0.00
    12     9  2002        0.00
    13     9  2002        0.00
    14     9  2002        0.00
    15     9  2002        0.00
    16     9  2002        0.00
    17     9  2002        0.00
    18     9  2002        0.00
    19     9  2002        0.20
    20     9  2002        0.00
    21     9  2002        0.00
    22     9  2002        0.00
    23     9  2002        0.00
    24     9  2002        0.20
    25     9  2002        0.20
    26     9  2002        0.00
    27     9  2002        0.00
    28     9  2002        0.00
    29     9  2002        0.00
    30     9  2002        0.00
     1    10  2002        0.00
     2    10  2002        0.00
     3    10  2002        0.00
     4    10  2002        0.00
     5    10  2002        0.00
     6    10  2002        0.00
     7    10  2002        0.00
     8    10  2002        0.00
     9    10  2002        0.00
    10    10  2002        0.00
    11    10  2002        0.00
    12    10  2002        0.00
    13    10  2002        0.00
    14    10  2002        0.00
    15    10  2002        0.00
    16    10  2002        0.00
    17    10  2002        0.00
    18    10  2002        0.00
    19    10  2002        0.00
    20    10  2002        0.00
    21    10  2002        0.00
    22    10  2002        0.00
    23    10  2002        0.00
    24    10  2002        0.00
    25    10  2002        0.00
    26    10  2002        0.00
    27    10  2002        0.00
    28    10  2002        0.00
    29    10  2002        0.00
    30    10  2002        0.00
    31    10  2002        0.00
     1    11  2002        0.00
     2    11  2002        0.00
     3    11  2002        0.00
     4    11  2002        0.00
     5    11  2002        0.00
     6    11  2002        0.00
     7    11  2002        0.00
     8    11  2002        0.00
     9    11  2002        0.00
    10    11  2002        0.00
    11    11  2002        0.00
    12    11  2002        0.00
    13    11  2002        0.00
    14    11  2002        0.00
    15    11  2002        0.00
    16    11  2002        0.00
    17    11  2002        0.00
    18    11  2002        0.00
    19    11  2002        0.00
    20    11  2002        0.00
    21    11  2002        0.00
    22    11  2002        0.00
    23    11  2002        0.00
    24    11  2002        0.00
    25    11  2002        0.00
    26    11  2002        0.00
    27    11  2002        0.00
    28    11  2002        0.00
    29    11  2002        0.00
    30    11  2002        0.00
     1    12  2002        0.00
     2    12  2002        0.00
     3    12  2002        0.00
     4    12  2002        0.00
     5    12  2002        0.00
     6    12  2002        0.00
     7    12  2002        0.00
     8    12  2002        0.00
     9    12  2002        0.00
    10    12  2002        0.00
    11    12  2002        0.00
    12    12  2002        0.00
    13    12  2002        0.00
    14    12  2002        0.00
    15    12  2002        0.00
    16    12  2002        0.00
    17    12  2002        0.00
    18    12  2002        0.00
    19    12  2002        0.00
    20    12  2002        0.00
    21    12  2002        0.00
    22    12  2002        0.00
    23    12  2002        0.00
    24    12  2002        0.00
    25    12  2002        0.00
    26    12  2002        0.00
    27    12  2002        0.00
    28    12  2002        0.00
    29    12  2002        0.00
    30    12  2002        0.00
    31    12  2002        0.00
     1     1  2003        0.00
     2     1  2003        0.00
     3     1  2003        0.00
     4     1  2003        0.00
     5     1  2003        0.00
     6     1  2003        0.00
     7     1  2003        0.00
     8     1  2003        0.00
     9     1  2003        0.00
    10     1  2003        0.00
    11     1  2003        0.00
    12     1  2003        0.00
    13     1  2003        0.00
    14     1  2003        0.00
    15     1  2003        0.00
    16     1  2003        0.00
    17     1  2003        0.00
    18     1  2003        0.00
    19     1  2003        0.00
    20     1  2003        0.00
    21     1  2003        0.00
    22     1  2003        0.00
    23     1  2003        0.00
    24     1  2003        0.00
    25     1  2003        0.00
    26     1  2003        0.00
    27     1  2003        0.00
    28     1  2003        0.00
    29     1  2003        0.00
    30     1  2003        0.00
    31     1  2003        0.00
     1     2  2003        0.00
     2     2  2003        0.00
     3     2  2003        0.00
     4     2  2003        0.00
     5     2  2003        0.00
     6     2  2003        0.00
     7     2  2003        0.00
     8     2  2003        0.00
     9     2  2003        0.00
    10     2  2003        0.00
    11     2  2003        0.00
    12     2  2003        0.00
    13     2  2003        0.00
    14     2  2003        0.00
    15     2  2003        0.00
    16     2  2003        0.00
    17     2  2003        0.00
    18     2  2003        0.00
    19     2  2003        0.00
    20     2  2003        0.00
    21     2  2003        0.00
    22     2  2003        0.00
    23     2  2003        0.00
    24     2  2003        0.00
    25     2  2003        0.00
    26     2  2003        0.00
    27     2  2003        0.00
    28     2  2003        0.00
     1     3  2003        0.00
     2     3  2003        0.00
     3     3  2003        0.00
     4     3  2003        0.00
     5     3  2003        0.00
     6     3  2003        0.00
     7     3  2003        0.00
     8     3  2003        0.00
     9     3  2003        0.00
    10     3  2003        0.00
    11     3  2003        0.00
    12     3  2003        0.00
    13     3  2003        0.00
    14     3  2003        0.00
    15     3  2003        0.00
    16     3  2003        0.00
    17     3  2003        0.00
    18     3  2003        0.00
    19     3  2003        0.00
    20     3  2003        0.00
    21     3  2003        0.00
    22     3  2003        0.00
    23     3  2003        0.00
    24     3  2003        0.00
    25     3  2003        0.00
    26     3  2003        0.00
    27     3  2003        0.00
    28     3  2003        0.00
    29     3  2003        0.00
    30     3  2003        0.00
    31     3  2003        0.00
     1     4  2003        0.00
     2     4  2003        0.00
     3     4  2003        0.00
     4     4  2003        0.00
     5     4  2003        0.00
     6     4  2003        0.00
     7     4  2003        0.00
     8     4  2003        0.00
     9     4  2003        0.00
    10     4  2003        0.00
    11     4  2003        0.00
    12     4  2003        0.00
    13     4  2003        0.00
    14     4  2003        0.00
    15     4  2003        0.00
    16     4  2003        0.00
    17     4  2003        0.00
    18     4  2003        0.00
    19     4  2003        0.00
    20     4  2003        0.00
    21     4  2003        0.00
    22     4  2003        0.00
    23     4  2003        0.00
    24     4  2003        0.00
    25     4  2003        0.00
    26     4  2003        0.00
    27     4  2003        0.00
    28     4  2003        0.00
    29     4  2003        0.00
    30     4  2003        0.00
     1     5  2003        0.00
     2     5  2003        0.00
     3     5  2003        0.00
     4     5  2003        0.00
     5     5  2003        0.00
     6     5  2003        0.00
     7     5  2003        0.00
     8     5  2003        0.00
     9     5  2003        2.56
    10     5  2003        0.00
    11     5  2003        0.59
    12     5  2003        0.20
    13     5  2003        0.62
    14     5  2003        1.83
    15     5  2003        1.41
    16     5  2003        3.37
    17     5  2003        0.00
    18     5  2003        0.98
    19     5  2003        0.00
    20     5  2003        0.20
    21     5  2003        0.00
    22     5  2003        0.00
    23     5  2003        0.00
    24     5  2003        0.00
    25     5  2003        0.00
    26     5  2003        0.00
    27     5  2003        0.00
    28     5  2003        0.42
    29     5  2003        0.00
    30     5  2003        1.19
    31     5  2003        0.00
     1     6  2003        0.00
     2     6  2003        0.00
     3     6  2003        0.00
     4     6  2003        0.00
     5     6  2003        0.00
     6     6  2003        0.00
     7     6  2003        0.00
     8     6  2003        0.42
     9     6  2003        0.82
    10     6  2003        0.42
    11     6  2003        1.21
    12     6  2003        0.00
    13     6  2003        0.00
    14     6  2003        1.40
    15     6  2003        0.62
    16     6  2003        0.20
    17     6  2003        0.00
    18     6  2003        0.00
    19     6  2003        0.42
    20     6  2003        0.62
    21     6  2003        1.41
    22     6  2003        1.61
    23     6  2003        0.00
    24     6  2003        0.20
    25     6  2003        1.97
    26     6  2003        0.00
    27     6  2003        0.00
    28     6  2003        1.41
    29     6  2003        1.44
    30     6  2003        1.40
     1     7  2003        1.41
     2     7  2003        1.58
     3     7  2003        0.62
     4     7  2003        1.24
     5     7  2003        1.40
     6     7  2003        0.20
     7     7  2003        0.00
     8     7  2003        0.20
     9     7  2003        1.18
    10     7  2003        1.22
    11     7  2003        0.62
    12     7  2003        1.02
    13     7  2003        0.00
    14     7  2003        1.43
    15     7  2003        0.00
    16     7  2003        0.00
    17     7  2003        2.36
    18     7  2003        0.00
    19     7  2003        0.40
    20     7  2003        0.00
    21     7  2003        0.00
    22     7  2003        0.62
    23     7  2003        0.20
    24     7  2003        0.99
    25     7  2003        0.42
    26     7  2003        0.20
    27     7  2003        0.00
    28     7  2003        0.20
    29     7  2003        0.82
    30     7  2003        0.42
    31     7  2003        0.79
     1     8  2003        0.20
     2     8  2003        0.62
     3     8  2003        0.00
     4     8  2003        0.62
     5     8  2003        0.20
     6     8  2003        0.00
     7     8  2003        0.00
     8     8  2003        0.00
     9     8  2003        0.00
    10     8  2003        0.00
    11     8  2003        0.00
    12     8  2003        0.40
    13     8  2003        0.00
    14     8  2003        0.00
    15     8  2003        0.00
    16     8  2003        0.00
    17     8  2003        0.00
    18     8  2003        0.00
    19     8  2003        0.00
    20     8  2003        0.00
    21     8  2003        0.00
    22     8  2003        0.00
    23     8  2003        0.00
    24     8  2003        0.00
    25     8  2003        0.00
    26     8  2003        0.00
    27     8  2003        0.20
    28     8  2003        0.00
    29     8  2003        0.00
    30     8  2003        0.00
    31     8  2003        0.00
     1     9  2003        0.00
     2     9  2003        0.00
     3     9  2003        0.00
     4     9  2003        0.00
     5     9  2003        0.00
     6     9  2003        0.00
     7     9  2003        0.00
     8     9  2003        0.00
     9     9  2003        1.18
    10     9  2003        0.42
    11     9  2003        0.00
    12     9  2003        0.82
    13     9  2003        0.62
    14     9  2003        0.00
    15     9  2003        1.80
    16     9  2003        1.43
    17     9  2003        0.62
    18     9  2003        1.38
    19     9  2003        0.00
    20     9  2003        0.20
    21     9  2003        0.00
    22     9  2003        0.00
    23     9  2003        0.00
    24     9  2003        0.59
    25     9  2003        1.01
    26     9  2003        0.20
    27     9  2003        0.00
    28     9  2003        0.00
    29     9  2003        0.59
    30     9  2003        1.38
     1    10  2003        2.00
     2    10  2003        0.62
     3    10  2003        0.82
     4    10  2003        1.97
     5    10  2003        0.00
     6    10  2003        0.00
     7    10  2003        0.00
     8    10  2003        0.00
     9    10  2003        0.62
    10    10  2003        0.40
    11    10  2003        0.00
    12    10  2003        0.00
    13    10  2003        0.00
    14    10  2003        0.00
    15    10  2003        0.00
    16    10  2003        0.00
    17    10  2003        0.00
    18    10  2003        0.20
    19    10  2003        0.00
    20    10  2003        0.00
    21    10  2003        0.00
    22    10  2003        0.00
    23    10  2003        0.00
    24    10  2003        0.00
    25    10  2003        0.00
    26    10  2003        0.00
    27    10  2003        0.00
    28    10  2003        0.00
    29    10  2003        0.00
    30    10  2003        0.00
    31    10  2003        0.00
     1    11  2003        0.00
     2    11  2003        0.00
     3    11  2003        0.00
     4    11  2003        0.00
     5    11  2003        0.00
     6    11  2003        0.00
     7    11  2003        0.00
     8    11  2003        0.00
     9    11  2003        0.00
    10    11  2003        0.00
    11    11  2003        0.00
    12    11  2003        0.00
    13    11  2003        0.00
    14    11  2003        0.00
    15    11  2003        0.00
    16    11  2003        0.00
    17    11  2003        0.00
    18    11  2003        0.00
    19    11  2003        0.00
    20    11  2003        0.00
    21    11  2003        0.00
    22    11  2003        0.20
    23    11  2003        1.97
    24    11  2003        2.16
    25    11  2003        0.00
    26    11  2003        0.00
    27    11  2003        0.42
    28    11  2003        0.00
    29    11  2003        0.00
    30    11  2003        0.00
     1    12  2003        0.20
     2    12  2003        0.00
     3    12  2003        0.00
     4    12  2003        0.00
     5    12  2003        0.00
     6    12  2003        0.00
     7    12  2003        0.00
     8    12  2003        0.00
     9    12  2003        0.00
    10    12  2003        0.00
    11    12  2003        0.00
    12    12  2003        0.00
    13    12  2003        0.00
    14    12  2003        0.00
    15    12  2003        0.00
    16    12  2003        0.00
    17    12  2003        0.00
    18    12  2003        0.00
    19    12  2003        0.00
    20    12  2003        0.00
    21    12  2003        0.00
    22    12  2003        0.00
    23    12  2003        0.00
    24    12  2003        0.20
    25    12  2003        0.00
    26    12  2003        0.00
    27    12  2003        0.00
    28    12  2003        0.00
    29    12  2003        0.00
    30    12  2003        0.00
    31    12  2003        0.00
     1     1  2004        1.77
     2     1  2004        1.01
     3     1  2004        0.00
     4     1  2004        0.00
     5     1  2004        0.00
     6     1  2004        0.00
     7     1  2004        0.00
     8     1  2004        0.00
     9     1  2004        0.00
    10     1  2004        0.00
    11     1  2004        0.00
    12     1  2004        0.00
    13     1  2004        0.00
    14     1  2004        0.00
    15     1  2004        0.00
    16     1  2004        0.00
    17     1  2004        0.00
    18     1  2004        0.00
    19     1  2004        0.00
    20     1  2004        0.00
    21     1  2004        0.00
    22     1  2004        0.00
    23     1  2004        0.00
    24     1  2004        0.00
    25     1  2004        0.00
    26     1  2004        0.00
    27     1  2004        0.00
    28     1  2004        0.00
    29     1  2004        0.00
    30     1  2004        0.00
    31     1  2004        0.00
     1     2  2004        0.00
     2     2  2004        0.00
     3     2  2004        0.00
     4     2  2004        0.00
     5     2  2004        0.00
     6     2  2004        0.00
     7     2  2004        0.00
     8     2  2004        0.00
     9     2  2004        0.00
    10     2  2004        0.00
    11     2  2004        0.00
    12     2  2004        0.00
    13     2  2004        0.00
    14     2  2004        0.00
    15     2  2004        0.00
    16     2  2004        0.00
    17     2  2004        0.00
    18     2  2004        0.00
    19     2  2004        0.00
    20     2  2004        0.00
    21     2  2004        0.00
    22     2  2004        0.00
    23     2  2004        0.00
    24     2  2004        0.00
    25     2  2004        0.00
    26     2  2004        0.00
    27     2  2004        0.00
    28     2  2004        0.00
    29     2  2004        0.00
     1     3  2004        0.00
     2     3  2004        0.00
     3     3  2004        0.00
     4     3  2004        0.00
     5     3  2004        0.00
     6     3  2004        0.00
     7     3  2004        0.00
     8     3  2004        0.00
     9     3  2004        0.00
    10     3  2004        0.00
    11     3  2004        0.00
    12     3  2004        0.00
    13     3  2004        0.00
    14     3  2004        0.00
    15     3  2004        0.00
    16     3  2004        0.00
    17     3  2004        0.00
    18     3  2004        0.40
    19     3  2004        0.00
    20     3  2004        0.00
    21     3  2004        0.82
    22     3  2004        1.60
    23     3  2004        0.00
    24     3  2004        0.00
    25     3  2004        0.00
    26     3  2004        0.20
    27     3  2004        0.00
    28     3  2004        0.00
    29     3  2004        0.00
    30     3  2004        0.00
    31     3  2004        0.00
     1     4  2004        3.35
     2     4  2004        0.00
     3     4  2004        0.00
     4     4  2004        0.59
     5     4  2004        0.42
     6     4  2004        0.00
     7     4  2004        0.00
     8     4  2004        2.96
     9     4  2004        0.20
    10     4  2004        0.79
    11     4  2004        0.00
    12     4  2004        0.00
    13     4  2004        0.00
    14     4  2004        0.00
    15     4  2004        0.00
    16     4  2004        0.00
    17     4  2004        0.00
    18     4  2004        0.00
    19     4  2004        0.00
    20     4  2004        0.00
    21     4  2004        0.00
    22     4  2004        0.20
    23     4  2004        0.00
    24     4  2004        0.00
    25     4  2004        0.00
    26     4  2004        0.00
    27     4  2004        0.00
    28     4  2004        0.00
    29     4  2004        0.00
    30     4  2004        0.00
     1     5  2004        0.00
     2     5  2004        0.00
     3     5  2004        0.00
     4     5  2004        0.00
     5     5  2004        0.00
     6     5  2004        0.00
     7     5  2004        0.00
     8     5  2004        0.00
     9     5  2004        0.00
    10     5  2004        0.00
    11     5  2004        0.00
    12     5  2004        0.00
    13     5  2004        0.00
    14     5  2004        0.00
    15     5  2004        0.00
    16     5  2004        0.00
    17     5  2004        0.00
    18     5  2004        0.00
    19     5  2004        0.00
    20     5  2004        0.00
    21     5  2004        0.00
    22     5  2004        0.00
    23     5  2004        0.00
    24     5  2004        0.00
    25     5  2004        0.00
    26     5  2004        0.00
    27     5  2004        0.00
    28     5  2004        0.00
    29     5  2004        0.00
    30     5  2004        0.00
    31     5  2004        0.00
     1     6  2004        0.00
     2     6  2004        0.00
     3     6  2004        0.00
     4     6  2004        0.00
     5     6  2004        0.00
     6     6  2004        0.00
     7     6  2004        0.00
     8     6  2004        0.00
     9     6  2004        0.00
    10     6  2004        0.00
    11     6  2004        0.00
    12     6  2004        0.00
    13     6  2004        0.00
    14     6  2004        0.00
    15     6  2004        0.00
    16     6  2004        0.00
    17     6  2004        0.00
    18     6  2004        0.00
    19     6  2004        0.00
    20     6  2004        0.00
    21     6  2004        0.00
    22     6  2004        0.00
    23     6  2004        0.00
    24     6  2004        0.00
    25     6  2004        0.00
    26     6  2004        0.00
    27     6  2004        0.00
    28     6  2004        0.00
    29     6  2004        0.00
    30     6  2004        0.00
     1     7  2004        0.00
     2     7  2004        0.00
     3     7  2004        0.00
     4     7  2004        0.00
     5     7  2004        0.00
     6     7  2004        0.00
     7     7  2004        0.00
     8     7  2004        0.00
     9     7  2004        0.00
    10     7  2004        0.00
    11     7  2004        0.00
    12     7  2004        0.00
    13     7  2004        0.00
    14     7  2004        0.00
    15     7  2004        0.00
    16     7  2004        0.00
    17     7  2004        0.00
    18     7  2004        0.00
    19     7  2004        0.00
    20     7  2004        0.00
    21     7  2004        0.00
    22     7  2004        0.00
    23     7  2004        0.00
    24     7  2004        0.00
    25     7  2004        0.00
    26     7  2004        0.00
    27     7  2004        0.00
    28     7  2004        0.00
    29     7  2004        0.00
    30     7  2004        0.00
    31     7  2004        0.00
     1     8  2004        0.00
     2     8  2004        0.00
     3     8  2004        0.00
     4     8  2004        0.00
     5     8  2004        0.00
     6     8  2004        0.00
     7     8  2004        0.00
     8     8  2004        0.00
     9     8  2004        0.00
    10     8  2004        0.00
    11     8  2004        0.00
    12     8  2004        0.00
    13     8  2004        0.00
    14     8  2004        0.00
    15     8  2004        0.00
    16     8  2004        0.00
    17     8  2004        0.00
    18     8  2004        0.00
    19     8  2004        0.00
    20     8  2004        0.00
    21     8  2004        0.00
    22     8  2004        0.00
    23     8  2004        0.00
    24     8  2004        0.00
    25     8  2004        0.00
    26     8  2004        0.00
    27     8  2004        0.00
    28     8  2004        0.00
    29     8  2004        0.00
    30     8  2004        0.00
    31     8  2004        0.00
     1     9  2004        0.00
     2     9  2004        0.00
     3     9  2004        0.00
     4     9  2004        0.00
     5     9  2004        0.00
     6     9  2004        0.00
     7     9  2004        0.00
     8     9  2004        0.00
     9     9  2004        0.00
    10     9  2004        0.00
    11     9  2004        0.00
    12     9  2004        0.00
    13     9  2004        0.00
    14     9  2004        0.00
    15     9  2004        0.00
    16     9  2004        0.00
    17     9  2004        0.00
    18     9  2004        0.00
    19     9  2004        0.00
    20     9  2004        0.00
    21     9  2004        0.00
    22     9  2004        0.00
    23     9  2004        0.00
    24     9  2004        0.00
    25     9  2004        0.00
    26     9  2004        0.00
    27     9  2004        0.00
    28     9  2004        0.00
    29     9  2004        0.00
    30     9  2004        0.00
     1    10  2004        0.00
     2    10  2004        0.00
     3    10  2004        0.00
     4    10  2004        0.00
     5    10  2004        0.00
     6    10  2004        0.00
     7    10  2004        0.00
     8    10  2004        0.00
     9    10  2004        0.00
    10    10  2004        0.00
    11    10  2004        0.00
    12    10  2004        0.00
    13    10  2004        0.00
    14    10  2004        0.00
    15    10  2004        0.00
    16    10  2004        0.00
    17    10  2004        0.00
    18    10  2004        0.00
    19    10  2004        0.00
    20    10  2004        0.00
    21    10  2004        0.00
    22    10  2004        0.00
    23    10  2004        0.00
    24    10  2004        0.00
    25    10  2004        0.00
    26    10  2004        0.00
    27    10  2004        0.00
    28    10  2004        0.00
    29    10  2004        0.00
    30    10  2004        0.00
    31    10  2004        0.00
     1    11  2004        0.00
     2    11  2004        0.00
     3    11  2004        0.00
     4    11  2004        0.00
     5    11  2004        0.00
     6    11  2004        0.00
     7    11  2004        0.00
     8    11  2004        0.00
     9    11  2004        0.00
    10    11  2004        0.00
    11    11  2004        0.00
    12    11  2004        0.00
    13    11  2004        0.00
    14    11  2004        0.00
    15    11  2004        0.00
    16    11  2004        0.00
    17    11  2004        0.00
    18    11  2004        0.00
    19    11  2004        0.00
    20    11  2004        0.00
    21    11  2004        0.00
    22    11  2004        0.00
    23    11  2004        0.00
    24    11  2004        0.00
    25    11  2004        0.00
    26    11  2004        0.00
    27    11  2004        0.00
    28    11  2004        0.00
    29    11  2004        0.00
    30    11  2004        0.00
     1    12  2004        0.00
     2    12  2004        0.00
     3    12  2004        0.00
     4    12  2004        0.00
     5    12  2004        0.00
     6    12  2004        0.00
     7    12  2004        0.00
     8    12  2004        0.00
     9    12  2004        0.00
    10    12  2004        0.00
    11    12  2004        0.00
    12    12  2004        0.00
    13    12  2004        0.00
    14    12  2004        0.00
    15    12  2004        0.00
    16    12  2004        0.00
    17    12  2004        0.00
    18    12  2004        0.00
    19    12  2004        0.00
    20    12  2004        0.00
    21    12  2004        0.00
    22    12  2004        0.00
    23    12  2004        0.00
    24    12  2004        0.00
    25    12  2004        0.00
    26    12  2004        0.00
    27    12  2004        0.00
    28    12  2004        0.00
    29    12  2004        0.00
    30    12  2004        0.00
    31    12  2004        0.00
     1     1  2005        0.00
     2     1  2005        0.00
     3     1  2005        0.00
     4     1  2005        0.00
     5     1  2005        0.00
     6     1  2005        0.00
     7     1  2005        0.00
     8     1  2005        0.00
     9     1  2005        0.00
    10     1  2005        0.00
    11     1  2005        0.00
    12     1  2005        0.00
    13     1  2005        0.00
    14     1  2005        0.00
    15     1  2005        0.00
    16     1  2005        0.00
    17     1  2005        0.00
    18     1  2005        0.00
    19     1  2005        0.00
    20     1  2005        0.00
    21     1  2005        0.00
    22     1  2005        0.00
    23     1  2005        0.00
    24     1  2005        0.00
    25     1  2005        0.00
    26     1  2005        0.00
    27     1  2005        0.00
    28     1  2005        0.00
    29     1  2005        0.00
    30     1  2005        0.00
    31     1  2005        0.00
     1     2  2005        0.00
     2     2  2005        0.00
     3     2  2005        0.00
     4     2  2005        0.00
     5     2  2005        0.00
     6     2  2005        0.00
     7     2  2005        0.00
     8     2  2005        0.00
     9     2  2005        0.00
    10     2  2005        0.00
    11     2  2005        0.00
    12     2  2005        0.00
    13     2  2005        0.00
    14     2  2005        0.00
    15     2  2005        0.00
    16     2  2005        0.00
    17     2  2005        0.00
    18     2  2005        0.00
    19     2  2005        0.00
    20     2  2005        0.00
    21     2  2005        0.00
    22     2  2005        0.00
    23     2  2005        0.00
    24     2  2005        0.00
    25     2  2005        0.00
    26     2  2005        0.00
    27     2  2005        0.00
    28     2  2005        0.00
     1     3  2005        0.00
     2     3  2005        0.00
     3     3  2005        0.00
     4     3  2005        0.00
     5     3  2005        0.79
     6     3  2005        0.00
     7     3  2005        0.00
     8     3  2005        0.00
     9     3  2005        0.00
    10     3  2005        0.62
    11     3  2005        0.20
    12     3  2005        0.00
    13     3  2005        0.00
    14     3  2005        0.00
    15     3  2005        0.00
    16     3  2005        0.00
    17     3  2005        0.00
    18     3  2005        0.00
    19     3  2005        0.98
    20     3  2005        0.20
    21     3  2005        0.00
    22     3  2005        0.00
    23     3  2005        0.00
    24     3  2005        0.00
    25     3  2005        0.00
    26     3  2005        1.01
    27     3  2005        0.00
    28     3  2005        0.20
    29     3  2005        0.00
    30     3  2005        0.00
    31     3  2005        0.42
     1     4  2005        0.00
     2     4  2005        0.00
     3     4  2005        0.00
     4     4  2005        0.00
     5     4  2005        0.00
     6     4  2005        0.00
     7     4  2005        0.00
     8     4  2005        0.00
     9     4  2005        0.00
    10     4  2005        0.79
    11     4  2005        1.77
    12     4  2005        0.40
    13     4  2005        2.75
    14     4  2005        0.79
    15     4  2005        2.39
    16     4  2005        6.69
    17     4  2005        0.59
    18     4  2005        0.20
    19     4  2005        1.97
    20     4  2005        3.93
    21     4  2005        0.40
    22     4  2005        6.30
    23     4  2005        2.95
    24     4  2005        5.12
    25     4  2005        0.20
    26     4  2005        1.18
    27     4  2005        0.20
    28     4  2005        1.41
    29     4  2005        2.56
    30     4  2005        4.18
     1     5  2005        1.99
     2     5  2005        0.20
     3     5  2005        5.14
     4     5  2005        4.16
     5     5  2005        0.98
     6     5  2005        0.62
     7     5  2005        2.39
     8     5  2005        4.15
     9     5  2005        5.90
    10     5  2005        3.76
    11     5  2005        4.72
    12     5  2005        3.77
    13     5  2005        0.20
    14     5  2005        0.99
    15     5  2005        7.67
    16     5  2005        0.39
    17     5  2005        3.57
    18     5  2005        2.76
    19     5  2005        3.96
    20     5  2005        3.18
    21     5  2005        5.92
    22     5  2005        0.39
    23     5  2005        4.55
    24     5  2005        1.19
    25     5  2005        2.36
    26     5  2005        1.60
    27     5  2005        2.40
    28     5  2005        0.82
    29     5  2005        0.42
    30     5  2005        1.61
    31     5  2005        0.99
     1     6  2005        1.60
     2     6  2005        1.38
     3     6  2005        0.59
     4     6  2005        1.64
     5     6  2005        1.39
     6     6  2005        0.00
     7     6  2005        0.42
     8     6  2005        2.19
     9     6  2005        1.97
    10     6  2005        0.00
    11     6  2005        6.29
    12     6  2005        1.01
    13     6  2005        6.69
    14     6  2005        0.00
    15     6  2005        0.00
    16     6  2005        2.96
    17     6  2005        0.62
    18     6  2005        2.78
    19     6  2005        2.17
    20     6  2005        0.00
    21     6  2005        0.39
    22     6  2005        0.00
    23     6  2005        0.00
    24     6  2005        0.00
    25     6  2005        0.59
    26     6  2005        0.20
    27     6  2005        1.19
    28     6  2005        0.59
    29     6  2005        2.36
    30     6  2005        0.00
     1     7  2005        0.00
     2     7  2005        0.00
     3     7  2005        1.38
     4     7  2005        0.00
     5     7  2005        0.00
     6     7  2005        0.00
     7     7  2005        2.17
     8     7  2005        0.00
     9     7  2005        0.00
    10     7  2005        0.00
    11     7  2005        0.00
    12     7  2005        0.00
    13     7  2005        0.00
    14     7  2005        0.59
    15     7  2005        0.39
    16     7  2005        0.00
    17     7  2005        0.20
    18     7  2005        0.00
    19     7  2005        0.00
    20     7  2005        0.00
    21     7  2005        0.00
    22     7  2005        0.00
    23     7  2005        0.00
    24     7  2005        0.00
    25     7  2005        0.00
    26     7  2005        0.00
    27     7  2005        0.00
    28     7  2005        0.00
    29     7  2005        0.00
    30     7  2005        0.00
    31     7  2005        0.00
     1     8  2005        0.00
     2     8  2005        0.00
     3     8  2005        0.00
     4     8  2005        0.00
     5     8  2005        0.00
     6     8  2005        0.00
     7     8  2005        0.00
     8     8  2005        0.00
     9     8  2005        0.00
    10     8  2005        0.00
    11     8  2005        0.00
    12     8  2005        0.00
    13     8  2005        0.00
    14     8  2005        0.00
    15     8  2005        0.00
    16     8  2005        0.00
    17     8  2005        0.79
    18     8  2005        0.00
    19     8  2005        0.42
    20     8  2005        0.59
    21     8  2005        0.00
    22     8  2005        0.00
    23     8  2005        0.00
    24     8  2005        0.00
    25     8  2005        0.00
    26     8  2005        0.00
    27     8  2005        0.00
    28     8  2005        0.00
    29     8  2005        0.00
    30     8  2005        0.00
    31     8  2005        0.00
     1     9  2005        0.00
     2     9  2005        0.00
     3     9  2005        0.00
     4     9  2005        0.20
     5     9  2005        0.79
     6     9  2005        0.00
     7     9  2005        0.00
     8     9  2005        0.00
     9     9  2005        0.00
    10     9  2005        0.62
    11     9  2005        0.00
    12     9  2005        0.00
    13     9  2005        0.00
    14     9  2005        0.20
    15     9  2005        0.00
    16     9  2005        0.00
    17     9  2005        0.00
    18     9  2005        0.00
    19     9  2005        0.00
    20     9  2005        0.00
    21     9  2005        0.00
    22     9  2005        0.00
    23     9  2005        0.00
    24     9  2005        0.00
    25     9  2005        0.00
    26     9  2005        0.40
    27     9  2005        1.01
    28     9  2005        0.20
    29     9  2005        0.00
    30     9  2005        0.00
     1    10  2005        0.00
     2    10  2005        0.00
     3    10  2005        0.00
     4    10  2005        0.00
     5    10  2005        0.20
     6    10  2005        0.20
     7    10  2005        0.00
     8    10  2005        0.00
     9    10  2005        0.00
    10    10  2005        0.00
    11    10  2005        0.00
    12    10  2005        0.00
    13    10  2005        0.00
    14    10  2005        0.00
    15    10  2005        0.00
    16    10  2005        0.00
    17    10  2005        0.00
    18    10  2005        0.00
    19    10  2005        0.00
    20    10  2005        0.00
    21    10  2005        0.00
    22    10  2005        0.00
    23    10  2005        0.00
    24    10  2005        0.00
    25    10  2005        0.00
    26    10  2005        5.32
    27    10  2005        0.00
    28    10  2005        0.00
    29    10  2005        0.00
    30    10  2005        0.00
    31    10  2005        0.00
     1    11  2005        0.00
     2    11  2005        0.00
     3    11  2005        0.00
     4    11  2005        0.00
     5    11  2005        0.00
     6    11  2005        0.00
     7    11  2005        0.00
     8    11  2005        0.00
     9    11  2005        0.00
    10    11  2005        0.00
    11    11  2005        0.00
    12    11  2005        0.00
    13    11  2005        0.00
    14    11  2005        0.00
    15    11  2005        0.00
    16    11  2005        0.00
    17    11  2005        0.00
    18    11  2005        0.00
    19    11  2005        0.00
    20    11  2005        0.00
    21    11  2005        0.00
    22    11  2005        0.00
    23    11  2005        0.00
    24    11  2005        0.00
    25    11  2005        0.00
    26    11  2005        2.17
    27    11  2005        9.05
    28    11  2005        0.00
    29    11  2005        0.00
    30    11  2005        0.20
     1    12  2005        0.00
     2    12  2005        0.00
     3    12  2005        0.00
     4    12  2005        0.00
     5    12  2005        0.00
     6    12  2005        0.00
     7    12  2005        0.00
     8    12  2005        0.00
     9    12  2005        0.00
    10    12  2005        0.00
    11    12  2005        0.00
    12    12  2005        0.00
    13    12  2005        0.00
    14    12  2005        0.00
    15    12  2005        0.00
    16    12  2005        0.00
    17    12  2005        0.00
    18    12  2005        0.00
    19    12  2005        0.00
    20    12  2005        0.00
    21    12  2005        0.00
    22    12  2005        0.00
    23    12  2005        0.00
    24    12  2005        0.00
    25    12  2005        0.00
    26    12  2005        0.00
    27    12  2005        0.00
    28    12  2005        0.00
    29    12  2005        0.00
    30    12  2005        0.00
    31    12  2005        0.00
     1     1  2006        0.00
     2     1  2006        0.00
     3     1  2006        0.00
     4     1  2006        0.00
     5     1  2006        0.00
     6     1  2006        0.00
     7     1  2006        0.00
     8     1  2006        0.00
     9     1  2006        0.00
    10     1  2006        0.00
    11     1  2006        0.00
    12     1  2006        0.00
    13     1  2006        0.00
    14     1  2006        0.00
    15     1  2006        0.00
    16     1  2006        0.00
    17     1  2006        0.40
    18     1  2006        0.00
    19     1  2006        0.00
    20     1  2006        0.00
    21     1  2006        0.00
    22     1  2006        0.00
    23     1  2006        0.59
    24     1  2006        1.96
    25     1  2006        0.20
    26     1  2006        0.00
    27     1  2006        0.00
    28     1  2006        0.00
    29     1  2006        0.00
    30     1  2006        1.77
    31     1  2006        0.20
     1     2  2006        0.00
     2     2  2006        0.00
     3     2  2006        0.00
     4     2  2006        0.00
     5     2  2006        0.00
     6     2  2006        0.20
     7     2  2006        0.00
     8     2  2006        0.00
     9     2  2006        0.00
    10     2  2006        0.00
    11     2  2006        0.00
    12     2  2006        0.00
    13     2  2006        0.00
    14     2  2006        0.00
    15     2  2006        0.00
    16     2  2006        0.00
    17     2  2006        0.00
    18     2  2006        0.00
    19     2  2006        0.00
    20     2  2006        0.00
    21     2  2006        0.00
    22     2  2006        0.00
    23     2  2006        0.00
    24     2  2006        0.00
    25     2  2006        0.00
    26     2  2006        0.00
    27     2  2006        0.00
    28     2  2006        0.00
     1     3  2006        0.00
     2     3  2006        0.00
     3     3  2006        0.00
     4     3  2006        0.00
     5     3  2006        0.00
     6     3  2006        0.00
     7     3  2006        0.00
     8     3  2006        0.00
     9     3  2006        0.00
    10     3  2006        0.00
    11     3  2006        0.00
    12     3  2006       -1.00
    13     3  2006        0.00
    14     3  2006        0.00
    15     3  2006        0.00
    16     3  2006        0.00
    17     3  2006        0.00
    18     3  2006        0.00
    19     3  2006        0.00
    20     3  2006        0.00
    21     3  2006        0.00
    22     3  2006        0.00
    23     3  2006        0.00
    24     3  2006        0.00
    25     3  2006        0.00
    26     3  2006        0.00
    27     3  2006        0.00
    28     3  2006        0.00
    29     3  2006        0.00
    30     3  2006        0.00
    31     3  2006        0.00
     1     4  2006        0.00
     2     4  2006        0.00
     3     4  2006        0.00
     4     4  2006        0.00
     5     4  2006        0.00
     6     4  2006        0.00
     7     4  2006        0.00
     8     4  2006        0.00
     9     4  2006        0.00
    10     4  2006        0.00
    11     4  2006        0.00
    12     4  2006        0.00
    13     4  2006        0.00
    14     4  2006        0.00
    15     4  2006        0.00
    16     4  2006        0.00
    17     4  2006        0.00
    18     4  2006        0.00
    19     4  2006        0.00
    20     4  2006        0.00
    21     4  2006        0.00
    22     4  2006        0.00
    23     4  2006        0.00
    24     4  2006        0.00
    25     4  2006        0.00
    26     4  2006        0.00
    27     4  2006        0.00
    28     4  2006        0.00
    29     4  2006        0.00
    30     4  2006        0.00
     1     5  2006        0.00
     2     5  2006        0.00
     3     5  2006        0.00
     4     5  2006        0.00
     5     5  2006        0.00
     6     5  2006        0.00
     7     5  2006        0.00
     8     5  2006        0.00
     9     5  2006        0.00
    10     5  2006        0.00
    11     5  2006        0.00
    12     5  2006        0.00
    13     5  2006        0.00
    14     5  2006        0.00
    15     5  2006        0.00
    16     5  2006        0.00
    17     5  2006        0.00
    18     5  2006        0.00
    19     5  2006        0.00
    20     5  2006        0.00
    21     5  2006        0.00
    22     5  2006        0.00
    23     5  2006        0.00
    24     5  2006        0.00
    25     5  2006        0.00
    26     5  2006        0.00
    27     5  2006        0.00
    28     5  2006        0.00
    29     5  2006        0.00
    30     5  2006        0.00
    31     5  2006        0.00
     1     6  2006        0.00
     2     6  2006        0.00
     3     6  2006        0.00
     4     6  2006        0.00
     5     6  2006        0.00
     6     6  2006        0.00
     7     6  2006        0.00
     8     6  2006        0.00
     9     6  2006        0.00
    10     6  2006        0.00
    11     6  2006        0.00
    12     6  2006        0.00
    13     6  2006        0.00
    14     6  2006        0.00
    15     6  2006        0.00
    16     6  2006        0.00
    17     6  2006        0.00
    18     6  2006        0.00
    19     6  2006        0.00
    20     6  2006        0.00
    21     6  2006        0.00
    22     6  2006        2.78
    23     6  2006        0.60
    24     6  2006        0.00
    25     6  2006        0.42
    26     6  2006        0.00
    27     6  2006        0.20
    28     6  2006        0.40
    29     6  2006        0.00
    30     6  2006        0.00
     1     7  2006        0.00
     2     7  2006        0.00
     3     7  2006        0.00
     4     7  2006        0.00
     5     7  2006        0.00
     6     7  2006        0.00
     7     7  2006        0.00
     8     7  2006        0.00
     9     7  2006        0.00
    10     7  2006        0.00
    11     7  2006        0.00
    12     7  2006        0.00
    13     7  2006        0.20
    14     7  2006        0.00
    15     7  2006        0.00
    16     7  2006        0.98
    17     7  2006        0.00
    18     7  2006        0.00
    19     7  2006        0.20
    20     7  2006        0.00
    21     7  2006        0.00
    22     7  2006        0.59
    23     7  2006        0.59
    24     7  2006        0.79
    25     7  2006        1.77
    26     7  2006        0.00
    27     7  2006        0.00
    28     7  2006        0.00
    29     7  2006        0.00
    30     7  2006        0.00
    31     7  2006        0.00
     1     8  2006        0.00
     2     8  2006        0.98
     3     8  2006        0.00
     4     8  2006        0.00
     5     8  2006        0.00
     6     8  2006        0.00
     7     8  2006        0.00
     8     8  2006        0.00
     9     8  2006        0.00
    10     8  2006        0.00
    11     8  2006        0.00
    12     8  2006        0.00
    13     8  2006        0.00
    14     8  2006        0.20
    15     8  2006        0.00
    16     8  2006        0.00
    17     8  2006        0.00
    18     8  2006        0.00
    19     8  2006        0.00
    20     8  2006        0.00
    21     8  2006        0.00
    22     8  2006        0.00
    23     8  2006        0.00
    24     8  2006        0.00
    25     8  2006        0.00
    26     8  2006        0.00
    27     8  2006        0.00
    28     8  2006        0.00
    29     8  2006        0.00
    30     8  2006        0.00
    31     8  2006        0.00
     1     9  2006        0.00
     2     9  2006        0.00
     3     9  2006        0.00
     4     9  2006        0.00
     5     9  2006        0.00
     6     9  2006        0.00
     7     9  2006        0.00
     8     9  2006        0.00
     9     9  2006        0.00
    10     9  2006        0.00
    11     9  2006        0.00
    12     9  2006        0.00
    13     9  2006        0.00
    14     9  2006        0.00
    15     9  2006        0.00
    16     9  2006        0.00
    17     9  2006        0.00
    18     9  2006        0.00
    19     9  2006        0.00
    20     9  2006        0.00
    21     9  2006        0.00
    22     9  2006        0.00
    23     9  2006        0.00
    24     9  2006        0.00
    25     9  2006        0.00
    26     9  2006        0.20
    27     9  2006        0.00
    28     9  2006        0.00
    29     9  2006        0.00
    30     9  2006        0.00
     1    10  2006        0.00
     2    10  2006        0.00
     3    10  2006        0.00
     4    10  2006        0.00
     5    10  2006        0.00
     6    10  2006        0.00
     7    10  2006        0.00
     8    10  2006        0.00
     9    10  2006        0.00
    10    10  2006        0.00
    11    10  2006        0.00
    12    10  2006        0.00
    13    10  2006        0.00
    14    10  2006        0.00
    15    10  2006        0.00
    16    10  2006        0.00
    17    10  2006        0.00
    18    10  2006        0.00
    19    10  2006        0.00
    20    10  2006        0.00
    21    10  2006        0.00
    22    10  2006        0.00
    23    10  2006        0.00
    24    10  2006        0.00
    25    10  2006        0.00
    26    10  2006        0.00
    27    10  2006        0.00
    28    10  2006        0.00
    29    10  2006        0.00
    30    10  2006        0.00
    31    10  2006        0.00
     1    11  2006        0.00
     2    11  2006        0.00
     3    11  2006        0.00
     4    11  2006        0.00
     5    11  2006        0.00
     6    11  2006        0.00
     7    11  2006        0.00
     8    11  2006        0.00
     9    11  2006        0.00
    10    11  2006        0.00
    11    11  2006        0.00
    12    11  2006        0.00
    13    11  2006        0.00
    14    11  2006        0.00
    15    11  2006        0.00
    16    11  2006        0.00
    17    11  2006        0.00
    18    11  2006        0.00
    19    11  2006        0.00
    20    11  2006        0.00
    21    11  2006        0.00
    22    11  2006        0.00
    23    11  2006        0.00
    24    11  2006        0.00
    25    11  2006        0.00
    26    11  2006        0.00
    27    11  2006        0.00
    28    11  2006        0.00
    29    11  2006        0.00
    30    11  2006        0.00
     1    12  2006        0.00
     2    12  2006        0.00
     3    12  2006        0.00
     4    12  2006        0.00
     5    12  2006        0.00
     6    12  2006        0.00
     7    12  2006        0.00
     8    12  2006        0.00
     9    12  2006        0.00
    10    12  2006        0.00
    11    12  2006        0.00
    12    12  2006        0.00
    13    12  2006        0.00
    14    12  2006        0.00
    15    12  2006        0.00
    16    12  2006        0.00
    17    12  2006        0.00
    18    12  2006        0.00
    19    12  2006        0.00
    20    12  2006        0.00
    21    12  2006        0.00
    22    12  2006        0.00
    23    12  2006        0.00
    24    12  2006        0.00
    25    12  2006        0.00
    26    12  2006        0.00
    27    12  2006        0.00
    28    12  2006        0.00
    29    12  2006        0.00
    30    12  2006        0.00
    31    12  2006        0.00
     1     1  2007        0.00
     2     1  2007        0.00
     3     1  2007        0.00
     4     1  2007        0.00
     5     1  2007        0.00
     6     1  2007        0.00
     7     1  2007        0.00
     8     1  2007        0.00
     9     1  2007        0.00
    10     1  2007        0.00
    11     1  2007        0.00
    12     1  2007        0.00
    13     1  2007        0.00
    14     1  2007        0.00
    15     1  2007        0.00
    16     1  2007        0.39
    17     1  2007        0.00
