     1     1  2001        0.00
     2     1  2001        1.38
     3     1  2001        0.00
     4     1  2001        0.20
     5     1  2001        0.00
     6     1  2001        0.00
     7     1  2001        0.00
     8     1  2001        0.00
     9     1  2001        0.00
    10     1  2001        0.00
    11     1  2001        0.00
    12     1  2001        0.00
    13     1  2001        0.00
    14     1  2001        0.20
    15     1  2001        0.00
    16     1  2001        0.00
    17     1  2001        0.00
    18     1  2001        0.00
    19     1  2001        0.00
    20     1  2001        0.00
    21     1  2001        0.00
    22     1  2001        0.00
    23     1  2001        0.00
    24     1  2001        0.00
    25     1  2001        0.00
    26     1  2001        0.00
    27     1  2001        0.00
    28     1  2001        0.00
    29     1  2001        0.00
    30     1  2001        0.00
    31     1  2001        0.00
     1     2  2001        0.00
     2     2  2001        0.00
     3     2  2001        0.00
     4     2  2001        0.00
     5     2  2001        0.00
     6     2  2001        0.00
     7     2  2001        0.00
     8     2  2001        0.00
     9     2  2001        0.00
    10     2  2001        0.00
    11     2  2001        0.00
    12     2  2001        0.00
    13     2  2001        0.00
    14     2  2001        0.00
    15     2  2001        0.00
    16     2  2001        0.00
    17     2  2001        0.00
    18     2  2001        0.00
    19     2  2001        0.00
    20     2  2001        0.00
    21     2  2001        0.98
    22     2  2001        0.20
    23     2  2001        0.00
    24     2  2001        0.79
    25     2  2001        0.40
    26     2  2001        0.40
    27     2  2001        0.20
    28     2  2001        0.00
     1     3  2001        0.00
     2     3  2001        0.00
     3     3  2001        0.00
     4     3  2001        0.00
     5     3  2001        0.00
     6     3  2001        0.00
     7     3  2001        0.00
     8     3  2001        0.00
     9     3  2001        0.00
    10     3  2001        0.00
    11     3  2001        0.00
    12     3  2001        0.00
    13     3  2001        0.00
    14     3  2001        0.00
    15     3  2001        0.00
    16     3  2001        0.00
    17     3  2001        0.00
    18     3  2001        0.00
    19     3  2001        0.00
    20     3  2001        0.00
    21     3  2001        0.00
    22     3  2001        0.00
    23     3  2001        0.00
    24     3  2001        0.00
    25     3  2001        0.00
    26     3  2001        0.00
    27     3  2001        0.00
    28     3  2001        0.00
    29     3  2001        0.00
    30     3  2001        0.00
    31     3  2001        0.00
     1     4  2001        0.00
     2     4  2001        0.00
     3     4  2001        0.00
     4     4  2001        0.00
     5     4  2001        0.00
     6     4  2001        0.00
     7     4  2001        0.00
     8     4  2001        0.00
     9     4  2001        0.00
    10     4  2001        0.00
    11     4  2001        0.00
    12     4  2001        0.40
    13     4  2001        0.00
    14     4  2001        0.00
    15     4  2001        0.00
    16     4  2001        0.00
    17     4  2001        0.00
    18     4  2001        0.00
    19     4  2001        0.00
    20     4  2001        0.00
    21     4  2001        0.00
    22     4  2001        0.20
    23     4  2001        0.00
    24     4  2001        0.00
    25     4  2001        0.00
    26     4  2001        0.00
    27     4  2001        0.00
    28     4  2001        0.00
    29     4  2001        0.00
    30     4  2001        0.00
     1     5  2001        0.00
     2     5  2001        0.00
     3     5  2001        0.00
     4     5  2001        0.00
     5     5  2001        0.00
     6     5  2001        0.00
     7     5  2001        0.00
     8     5  2001        0.00
     9     5  2001        0.00
    10     5  2001        0.00
    11     5  2001        0.00
    12     5  2001        0.00
    13     5  2001        0.00
    14     5  2001        0.00
    15     5  2001        0.00
    16     5  2001        0.00
    17     5  2001        0.00
    18     5  2001        0.00
    19     5  2001        2.37
    20     5  2001        2.96
    21     5  2001        3.35
    22     5  2001        0.20
    23     5  2001        1.77
    24     5  2001        1.77
    25     5  2001        0.20
    26     5  2001        0.00
    27     5  2001        0.00
    28     5  2001        0.00
    29     5  2001        0.00
    30     5  2001        0.00
    31     5  2001        0.00
     1     6  2001        0.00
     2     6  2001        0.20
     3     6  2001        0.20
     4     6  2001        0.20
     5     6  2001        0.20
     6     6  2001        0.20
     7     6  2001        0.00
     8     6  2001        0.00
     9     6  2001        0.00
    10     6  2001        0.00
    11     6  2001        0.00
    12     6  2001        0.00
    13     6  2001        0.00
    14     6  2001        0.00
    15     6  2001        0.00
    16     6  2001        0.00
    17     6  2001        0.59
    18     6  2001        1.77
    19     6  2001        1.77
    20     6  2001        4.71
    21     6  2001        3.54
    22     6  2001        1.57
    23     6  2001        2.96
    24     6  2001        2.75
    25     6  2001        2.16
    26     6  2001        1.97
    27     6  2001        1.59
    28     6  2001        0.00
    29     6  2001        1.00
    30     6  2001        0.59
     1     7  2001        2.36
     2     7  2001       21.67
     3     7  2001       19.56
     4     7  2001        0.00
     5     7  2001        0.00
     6     7  2001        0.00
     7     7  2001        0.00
     8     7  2001        0.00
     9     7  2001        0.00
    10     7  2001        0.00
    11     7  2001        0.00
    12     7  2001        0.00
    13     7  2001        0.00
    14     7  2001        0.00
    15     7  2001        0.00
    16     7  2001        0.00
    17     7  2001        0.00
    18     7  2001        0.00
    19     7  2001        0.00
    20     7  2001        0.00
    21     7  2001        0.00
    22     7  2001        0.00
    23     7  2001        0.00
    24     7  2001        0.00
    25     7  2001        0.00
    26     7  2001        0.00
    27     7  2001        0.00
    28     7  2001        2.18
    29     7  2001        0.40
    30     7  2001        1.78
    31     7  2001        1.58
     1     8  2001        0.00
     2     8  2001        3.14
     3     8  2001        0.79
     4     8  2001        0.59
     5     8  2001        0.40
     6     8  2001        0.20
     7     8  2001        0.99
     8     8  2001        0.99
     9     8  2001        1.38
    10     8  2001        0.20
    11     8  2001        0.20
    12     8  2001        2.96
    13     8  2001        0.99
    14     8  2001        0.20
    15     8  2001        0.20
    16     8  2001        0.60
    17     8  2001        0.20
    18     8  2001        0.99
    19     8  2001        0.00
    20     8  2001        0.79
    21     8  2001        0.20
    22     8  2001        0.00
    23     8  2001        0.00
    24     8  2001        0.00
    25     8  2001        0.00
    26     8  2001        0.20
    27     8  2001        0.00
    28     8  2001        1.58
    29     8  2001        0.39
    30     8  2001        0.40
    31     8  2001        1.58
     1     9  2001        0.99
     2     9  2001        0.00
     3     9  2001        0.00
     4     9  2001        0.40
     5     9  2001        0.00
     6     9  2001        0.99
     7     9  2001        0.20
     8     9  2001        0.00
     9     9  2001        0.00
    10     9  2001        0.00
    11     9  2001        0.00
    12     9  2001        0.00
    13     9  2001        0.00
    14     9  2001        0.00
    15     9  2001        0.00
    16     9  2001        0.00
    17     9  2001        0.00
    18     9  2001        0.00
    19     9  2001        0.00
    20     9  2001        0.00
    21     9  2001        0.00
    22     9  2001        0.00
    23     9  2001        0.00
    24     9  2001        0.00
    25     9  2001        0.00
    26     9  2001        0.00
    27     9  2001        0.00
    28     9  2001        0.00
    29     9  2001        0.20
    30     9  2001        0.00
     1    10  2001        0.00
     2    10  2001        0.00
     3    10  2001        0.00
     4    10  2001        0.39
     5    10  2001        0.00
     6    10  2001        0.00
     7    10  2001        0.59
     8    10  2001        0.40
     9    10  2001        4.92
    10    10  2001        0.00
    11    10  2001        0.00
    12    10  2001        0.00
    13    10  2001        0.00
    14    10  2001        0.00
    15    10  2001        0.00
    16    10  2001        0.00
    17    10  2001        0.00
    18    10  2001        0.00
    19    10  2001        0.00
    20    10  2001        0.20
    21    10  2001        0.00
    22    10  2001        0.00
    23    10  2001        0.00
    24    10  2001        0.79
    25    10  2001        0.20
    26    10  2001        0.00
    27    10  2001        0.40
    28    10  2001        0.00
    29    10  2001        0.00
    30    10  2001        0.59
    31    10  2001        0.40
     1    11  2001        0.20
     2    11  2001        0.00
     3    11  2001        0.00
     4    11  2001        0.00
     5    11  2001        0.00
     6    11  2001        0.00
     7    11  2001        0.00
     8    11  2001        0.00
     9    11  2001        0.00
    10    11  2001        0.00
    11    11  2001        0.00
    12    11  2001        0.00
    13    11  2001        0.00
    14    11  2001        0.00
    15    11  2001        0.00
    16    11  2001        0.00
    17    11  2001        0.00
    18    11  2001        0.00
    19    11  2001        0.00
    20    11  2001        0.00
    21    11  2001        0.00
    22    11  2001        0.00
    23    11  2001        0.00
    24    11  2001        0.00
    25    11  2001        0.00
    26    11  2001        0.00
    27    11  2001        0.00
    28    11  2001        0.00
    29    11  2001        0.00
    30    11  2001        0.00
     1    12  2001        0.00
     2    12  2001        0.00
     3    12  2001        0.00
     4    12  2001        0.00
     5    12  2001        0.20
     6    12  2001        0.20
     7    12  2001        0.99
     8    12  2001        0.20
     9    12  2001        0.20
    10    12  2001        0.40
    11    12  2001        0.00
    12    12  2001        0.00
    13    12  2001        0.00
    14    12  2001        0.20
    15    12  2001        0.00
    16    12  2001        0.00
    17    12  2001        0.00
    18    12  2001        0.00
    19    12  2001        0.00
    20    12  2001        0.00
    21    12  2001        0.00
    22    12  2001        0.00
    23    12  2001        0.00
    24    12  2001        0.00
    25    12  2001        0.00
    26    12  2001        0.00
    27    12  2001        0.40
    28    12  2001        1.97
    29    12  2001        0.20
    30    12  2001        0.20
    31    12  2001        0.59
     1     1  2002        1.39
     2     1  2002        0.40
     3     1  2002        0.00
     4     1  2002        1.77
     5     1  2002        0.00
     6     1  2002        0.00
     7     1  2002        0.60
     8     1  2002        0.00
     9     1  2002        0.00
    10     1  2002        0.00
    11     1  2002        0.00
    12     1  2002        0.00
    13     1  2002        0.00
    14     1  2002        0.00
    15     1  2002        0.00
    16     1  2002        0.00
    17     1  2002        0.00
    18     1  2002        0.00
    19     1  2002        0.00
    20     1  2002        0.59
    21     1  2002        0.20
    22     1  2002        0.00
    23     1  2002        0.00
    24     1  2002        0.59
    25     1  2002        0.00
    26     1  2002        0.00
    27     1  2002        0.00
    28     1  2002        0.60
    29     1  2002        0.59
    30     1  2002        0.20
    31     1  2002        0.00
     1     2  2002        0.20
     2     2  2002        0.79
     3     2  2002        0.00
     4     2  2002        0.00
     5     2  2002        0.00
     6     2  2002        0.00
     7     2  2002        0.00
     8     2  2002        0.00
     9     2  2002        0.00
    10     2  2002        0.00
    11     2  2002        0.00
    12     2  2002        0.00
    13     2  2002        0.00
    14     2  2002        0.00
    15     2  2002        0.00
    16     2  2002        0.00
    17     2  2002        0.79
    18     2  2002        1.19
    19     2  2002        0.79
    20     2  2002        1.19
    21     2  2002        0.39
    22     2  2002        2.17
    23     2  2002        0.00
    24     2  2002        0.00
    25     2  2002        0.00
    26     2  2002        0.00
    27     2  2002        0.00
    28     2  2002        0.00
     1     3  2002        0.00
     2     3  2002        0.00
     3     3  2002        0.00
     4     3  2002        0.00
     5     3  2002        0.00
     6     3  2002        0.00
     7     3  2002        0.00
     8     3  2002        0.00
     9     3  2002        0.00
    10     3  2002        0.20
    11     3  2002        0.00
    12     3  2002        0.00
    13     3  2002        0.00
    14     3  2002        0.00
    15     3  2002        0.00
    16     3  2002        0.00
    17     3  2002        0.00
    18     3  2002        0.99
    19     3  2002        0.00
    20     3  2002        0.00
    21     3  2002        0.00
    22     3  2002        0.00
    23     3  2002        1.98
    24     3  2002        0.00
    25     3  2002        0.00
    26     3  2002        0.00
    27     3  2002        0.00
    28     3  2002        0.00
    29     3  2002        0.00
    30     3  2002        0.00
    31     3  2002        0.00
     1     4  2002        0.00
     2     4  2002        0.00
     3     4  2002        0.00
     4     4  2002        0.00
     5     4  2002        0.00
     6     4  2002        0.00
     7     4  2002        0.00
     8     4  2002        0.00
     9     4  2002        0.00
    10     4  2002        0.00
    11     4  2002        0.00
    12     4  2002        0.00
    13     4  2002        0.00
    14     4  2002        0.00
    15     4  2002        0.00
    16     4  2002        0.00
    17     4  2002        0.00
    18     4  2002        0.00
    19     4  2002        0.00
    20     4  2002        0.00
    21     4  2002        0.00
    22     4  2002        0.00
    23     4  2002        0.00
    24     4  2002        0.00
    25     4  2002        0.00
    26     4  2002        0.00
    27     4  2002        0.00
    28     4  2002        0.00
    29     4  2002        0.00
    30     4  2002        0.40
     1     5  2002        0.20
     2     5  2002        0.59
     3     5  2002        1.39
     4     5  2002        0.20
     5     5  2002        0.00
     6     5  2002        0.00
     7     5  2002        1.19
     8     5  2002        0.99
     9     5  2002        0.00
    10     5  2002        0.00
    11     5  2002        0.99
    12     5  2002        0.20
    13     5  2002        0.00
    14     5  2002        0.80
    15     5  2002        0.00
    16     5  2002        0.00
    17     5  2002        1.77
    18     5  2002        1.19
    19     5  2002        0.20
    20     5  2002        0.00
    21     5  2002        0.00
    22     5  2002        0.00
    23     5  2002        0.00
    24     5  2002        0.00
    25     5  2002        0.20
    26     5  2002        0.00
    27     5  2002        0.00
    28     5  2002        0.00
    29     5  2002        0.00
    30     5  2002        0.00
    31     5  2002        0.00
     1     6  2002        0.00
     2     6  2002        0.00
     3     6  2002        0.00
     4     6  2002        0.00
     5     6  2002        0.00
     6     6  2002        0.00
     7     6  2002        0.00
     8     6  2002        0.00
     9     6  2002        0.00
    10     6  2002        0.00
    11     6  2002        0.00
    12     6  2002        0.00
    13     6  2002        0.00
    14     6  2002        0.00
    15     6  2002        0.00
    16     6  2002        0.20
    17     6  2002        0.20
    18     6  2002        0.00
    19     6  2002        0.40
    20     6  2002        0.00
    21     6  2002        0.20
    22     6  2002        0.20
    23     6  2002        0.00
    24     6  2002        0.20
    25     6  2002        0.00
    26     6  2002        0.00
    27     6  2002        0.00
    28     6  2002        0.00
    29     6  2002        0.00
    30     6  2002        0.00
     1     7  2002        0.00
     2     7  2002        0.00
     3     7  2002        0.00
     4     7  2002        0.00
     5     7  2002        0.00
     6     7  2002        0.00
     7     7  2002        0.00
     8     7  2002        0.00
     9     7  2002        0.00
    10     7  2002        0.00
    11     7  2002        0.00
    12     7  2002        0.00
    13     7  2002        0.00
    14     7  2002        0.00
    15     7  2002        0.00
    16     7  2002        0.00
    17     7  2002        0.00
    18     7  2002        0.00
    19     7  2002        0.00
    20     7  2002        0.00
    21     7  2002        0.00
    22     7  2002        0.00
    23     7  2002        0.00
    24     7  2002        0.00
    25     7  2002        0.00
    26     7  2002        0.00
    27     7  2002        0.00
    28     7  2002        0.00
    29     7  2002        0.00
    30     7  2002        0.00
    31     7  2002        0.00
     1     8  2002        0.00
     2     8  2002        0.00
     3     8  2002        0.00
     4     8  2002        0.00
     5     8  2002        0.00
     6     8  2002        0.00
     7     8  2002        0.00
     8     8  2002        0.00
     9     8  2002        0.00
    10     8  2002        0.00
    11     8  2002        0.20
    12     8  2002        0.00
    13     8  2002        0.39
    14     8  2002        0.00
    15     8  2002        0.00
    16     8  2002        0.00
    17     8  2002        0.00
    18     8  2002        0.00
    19     8  2002        0.00
    20     8  2002        0.00
    21     8  2002        0.00
    22     8  2002        0.00
    23     8  2002        0.00
    24     8  2002        0.00
    25     8  2002        0.00
    26     8  2002        0.00
    27     8  2002        0.00
    28     8  2002        0.00
    29     8  2002        0.00
    30     8  2002        0.00
    31     8  2002        0.20
     1     9  2002        0.20
     2     9  2002        0.00
     3     9  2002        0.79
     4     9  2002        0.00
     5     9  2002        0.00
     6     9  2002        0.00
     7     9  2002        0.00
     8     9  2002        0.00
     9     9  2002        0.00
    10     9  2002        0.00
    11     9  2002        0.00
    12     9  2002        0.00
    13     9  2002        0.00
    14     9  2002        0.00
    15     9  2002        0.00
    16     9  2002        0.00
    17     9  2002        0.00
    18     9  2002        0.00
    19     9  2002        0.40
    20     9  2002        0.00
    21     9  2002        0.20
    22     9  2002        0.00
    23     9  2002        0.00
    24     9  2002        0.59
    25     9  2002        0.00
    26     9  2002        0.00
    27     9  2002        0.00
    28     9  2002        0.40
    29     9  2002        0.00
    30     9  2002        0.00
     1    10  2002        0.00
     2    10  2002        0.00
     3    10  2002        0.00
     4    10  2002        0.00
     5    10  2002        0.00
     6    10  2002        0.00
     7    10  2002        0.00
     8    10  2002        0.00
     9    10  2002        0.00
    10    10  2002        0.00
    11    10  2002        0.00
    12    10  2002        0.00
    13    10  2002        0.00
    14    10  2002        0.00
    15    10  2002        0.00
    16    10  2002        0.00
    17    10  2002        0.00
    18    10  2002        0.00
    19    10  2002        0.00
    20    10  2002        0.00
    21    10  2002        0.00
    22    10  2002        0.20
    23    10  2002        0.00
    24    10  2002        0.00
    25    10  2002        0.00
    26    10  2002        0.00
    27    10  2002        0.00
    28    10  2002        0.20
    29    10  2002        0.00
    30    10  2002        0.00
    31    10  2002        0.00
     1    11  2002        0.00
     2    11  2002        0.00
     3    11  2002        0.00
     4    11  2002        0.00
     5    11  2002        0.00
     6    11  2002        0.00
     7    11  2002        0.00
     8    11  2002        0.00
     9    11  2002        0.00
    10    11  2002        0.00
    11    11  2002        0.00
    12    11  2002        0.00
    13    11  2002        0.00
    14    11  2002        0.00
    15    11  2002        0.00
    16    11  2002        0.00
    17    11  2002        0.00
    18    11  2002        0.00
    19    11  2002        0.00
    20    11  2002        0.00
    21    11  2002        0.00
    22    11  2002        0.00
    23    11  2002        0.00
    24    11  2002        0.00
    25    11  2002        0.00
    26    11  2002        0.00
    27    11  2002        0.00
    28    11  2002        0.00
    29    11  2002        0.00
    30    11  2002        0.00
     1    12  2002        0.00
     2    12  2002        0.00
     3    12  2002        0.00
     4    12  2002        0.20
     5    12  2002        0.00
     6    12  2002        0.00
     7    12  2002        0.00
     8    12  2002        0.00
     9    12  2002        0.00
    10    12  2002        0.00
    11    12  2002        0.00
    12    12  2002        0.00
    13    12  2002        0.00
    14    12  2002        0.00
    15    12  2002        0.00
    16    12  2002        0.00
    17    12  2002        0.00
    18    12  2002        0.00
    19    12  2002        0.00
    20    12  2002        0.00
    21    12  2002        0.00
    22    12  2002        0.00
    23    12  2002        0.00
    24    12  2002        0.00
    25    12  2002        0.00
    26    12  2002        0.00
    27    12  2002        0.00
    28    12  2002        0.00
    29    12  2002        0.00
    30    12  2002        0.00
    31    12  2002        0.00
     1     1  2003        0.00
     2     1  2003        0.00
     3     1  2003        0.00
     4     1  2003        0.00
     5     1  2003        0.00
     6     1  2003        0.00
     7     1  2003        0.00
     8     1  2003        0.00
     9     1  2003        0.00
    10     1  2003        0.00
    11     1  2003        0.00
    12     1  2003        0.00
    13     1  2003        0.00
    14     1  2003        0.00
    15     1  2003        0.00
    16     1  2003        0.00
    17     1  2003        0.00
    18     1  2003        0.00
    19     1  2003        0.00
    20     1  2003        0.00
    21     1  2003        0.00
    22     1  2003        0.00
    23     1  2003        0.00
    24     1  2003        0.00
    25     1  2003        0.00
    26     1  2003        0.00
    27     1  2003        0.00
    28     1  2003        0.00
    29     1  2003        0.00
    30     1  2003        0.00
    31     1  2003        0.00
     1     2  2003        0.00
     2     2  2003        0.00
     3     2  2003        0.00
     4     2  2003        0.00
     5     2  2003        0.00
     6     2  2003        0.00
     7     2  2003        0.00
     8     2  2003        0.00
     9     2  2003        0.00
    10     2  2003        0.00
    11     2  2003        0.00
    12     2  2003        0.00
    13     2  2003        0.00
    14     2  2003        0.00
    15     2  2003        0.00
    16     2  2003        0.00
    17     2  2003        0.00
    18     2  2003        0.00
    19     2  2003        0.00
    20     2  2003        0.00
    21     2  2003        0.00
    22     2  2003        0.00
    23     2  2003        0.00
    24     2  2003        0.00
    25     2  2003        0.00
    26     2  2003        0.00
    27     2  2003        0.00
    28     2  2003        0.00
     1     3  2003        0.00
     2     3  2003        0.00
     3     3  2003        0.00
     4     3  2003        0.00
     5     3  2003        0.00
     6     3  2003        0.00
     7     3  2003        0.00
     8     3  2003        0.00
     9     3  2003        0.00
    10     3  2003        0.00
    11     3  2003        0.00
    12     3  2003        0.00
    13     3  2003        0.00
    14     3  2003        0.00
    15     3  2003        0.00
    16     3  2003        0.00
    17     3  2003        0.00
    18     3  2003        0.00
    19     3  2003        0.00
    20     3  2003        0.00
    21     3  2003        0.00
    22     3  2003        0.00
    23     3  2003        0.00
    24     3  2003        0.00
    25     3  2003        0.00
    26     3  2003        0.00
    27     3  2003        0.00
    28     3  2003        0.00
    29     3  2003        0.00
    30     3  2003        0.00
    31     3  2003        0.00
     1     4  2003        0.00
     2     4  2003        0.00
     3     4  2003        0.00
     4     4  2003        0.00
     5     4  2003        0.00
     6     4  2003        0.00
     7     4  2003        0.00
     8     4  2003        0.00
     9     4  2003        0.00
    10     4  2003        0.00
    11     4  2003        0.00
    12     4  2003        0.00
    13     4  2003        0.00
    14     4  2003        0.00
    15     4  2003        0.00
    16     4  2003        0.00
    17     4  2003        0.00
    18     4  2003        0.00
    19     4  2003        0.00
    20     4  2003        0.00
    21     4  2003        0.00
    22     4  2003        0.00
    23     4  2003        0.00
    24     4  2003        0.00
    25     4  2003        0.00
    26     4  2003        0.00
    27     4  2003        0.00
    28     4  2003        0.00
    29     4  2003        0.00
    30     4  2003        0.00
     1     5  2003        0.00
     2     5  2003        0.00
     3     5  2003        0.00
     4     5  2003        0.00
     5     5  2003        0.00
     6     5  2003        0.00
     7     5  2003        0.00
     8     5  2003        0.00
     9     5  2003        3.15
    10     5  2003        0.00
    11     5  2003        0.00
    12     5  2003        1.19
    13     5  2003        0.79
    14     5  2003        1.78
    15     5  2003        1.18
    16     5  2003        6.69
    17     5  2003        0.59
    18     5  2003        0.79
    19     5  2003        0.00
    20     5  2003        0.00
    21     5  2003        0.00
    22     5  2003        0.00
    23     5  2003        0.20
    24     5  2003        0.00
    25     5  2003        0.00
    26     5  2003        0.00
    27     5  2003        0.79
    28     5  2003        0.00
    29     5  2003        0.20
    30     5  2003        0.20
    31     5  2003        0.00
     1     6  2003        0.00
     2     6  2003        0.00
     3     6  2003        0.00
     4     6  2003        0.00
     5     6  2003        0.00
     6     6  2003        0.00
     7     6  2003        0.00
     8     6  2003        0.40
     9     6  2003        1.58
    10     6  2003        0.59
    11     6  2003        1.58
    12     6  2003        0.40
    13     6  2003        0.00
    14     6  2003        2.55
    15     6  2003        0.60
    16     6  2003        0.20
    17     6  2003        0.40
    18     6  2003        0.20
    19     6  2003        0.40
    20     6  2003        1.39
    21     6  2003        1.39
    22     6  2003        2.76
    23     6  2003        0.00
    24     6  2003        0.59
    25     6  2003        1.38
    26     6  2003        0.20
    27     6  2003        0.20
    28     6  2003        2.17
    29     6  2003        1.58
    30     6  2003        1.58
     1     7  2003        1.57
     2     7  2003        2.36
     3     7  2003        0.79
     4     7  2003        2.56
     5     7  2003        1.38
     6     7  2003        0.60
     7     7  2003        0.20
     8     7  2003        0.60
     9     7  2003        1.58
    10     7  2003        1.97
    11     7  2003        1.00
    12     7  2003        1.38
    13     7  2003        0.20
    14     7  2003        0.59
    15     7  2003        0.20
    16     7  2003        0.00
    17     7  2003        3.35
    18     7  2003        0.80
    19     7  2003        0.00
    20     7  2003        0.20
    21     7  2003        0.00
    22     7  2003        0.79
    23     7  2003        0.00
    24     7  2003        1.77
    25     7  2003        0.40
    26     7  2003        0.40
    27     7  2003        0.20
    28     7  2003        0.39
    29     7  2003        1.00
    30     7  2003        0.60
    31     7  2003        1.00
     1     8  2003        0.59
     2     8  2003        0.60
     3     8  2003        0.20
     4     8  2003        0.60
     5     8  2003        0.40
     6     8  2003        0.60
     7     8  2003        0.00
     8     8  2003        0.00
     9     8  2003        0.00
    10     8  2003        0.00
    11     8  2003        0.00
    12     8  2003        0.00
    13     8  2003        0.00
    14     8  2003        0.00
    15     8  2003        0.00
    16     8  2003        0.00
    17     8  2003        0.00
    18     8  2003        0.00
    19     8  2003        0.00
    20     8  2003        0.00
    21     8  2003        0.00
    22     8  2003        0.00
    23     8  2003        0.00
    24     8  2003        0.20
    25     8  2003        0.00
    26     8  2003        0.00
    27     8  2003        0.59
    28     8  2003        0.00
    29     8  2003        0.00
    30     8  2003        0.00
    31     8  2003        0.00
     1     9  2003        0.00
     2     9  2003        0.00
     3     9  2003        0.00
     4     9  2003        0.40
     5     9  2003        0.00
     6     9  2003        0.00
     7     9  2003        0.00
     8     9  2003        0.00
     9     9  2003        0.20
    10     9  2003        0.00
    11     9  2003        0.40
    12     9  2003        0.20
    13     9  2003        0.60
    14     9  2003        0.20
    15     9  2003        2.36
    16     9  2003        1.58
    17     9  2003        0.99
    18     9  2003        2.36
    19     9  2003        0.20
    20     9  2003        0.00
    21     9  2003        0.00
    22     9  2003        0.20
    23     9  2003        1.18
    24     9  2003        0.20
    25     9  2003        0.39
    26     9  2003        0.00
    27     9  2003        0.20
    28     9  2003        0.00
    29     9  2003        0.20
    30     9  2003        0.40
     1    10  2003        0.79
     2    10  2003        0.79
     3    10  2003        1.58
     4    10  2003        6.49
     5    10  2003        0.40
     6    10  2003        0.00
     7    10  2003        0.00
     8    10  2003        0.20
     9    10  2003        0.79
    10    10  2003        0.59
    11    10  2003        0.00
    12    10  2003        0.00
    13    10  2003        0.00
    14    10  2003        0.00
    15    10  2003        0.00
    16    10  2003        0.00
    17    10  2003        0.00
    18    10  2003        0.00
    19    10  2003        0.00
    20    10  2003        0.00
    21    10  2003        0.00
    22    10  2003        0.00
    23    10  2003        0.00
    24    10  2003        0.00
    25    10  2003        0.00
    26    10  2003        0.00
    27    10  2003        0.00
    28    10  2003        0.00
    29    10  2003        0.00
    30    10  2003        0.00
    31    10  2003        0.00
     1    11  2003        0.00
     2    11  2003        0.00
     3    11  2003        0.00
     4    11  2003        0.20
     5    11  2003        0.00
     6    11  2003        0.00
     7    11  2003        0.00
     8    11  2003        0.00
     9    11  2003        0.00
    10    11  2003        0.00
    11    11  2003        0.00
    12    11  2003        0.00
    13    11  2003        0.00
    14    11  2003        0.00
    15    11  2003        0.00
    16    11  2003        0.00
    17    11  2003        0.00
    18    11  2003        0.00
    19    11  2003        0.00
    20    11  2003        0.00
    21    11  2003        0.40
    22    11  2003        0.20
    23    11  2003        2.16
    24    11  2003        0.79
    25    11  2003        0.00
    26    11  2003        0.20
    27    11  2003        0.00
    28    11  2003        0.00
    29    11  2003        0.00
    30    11  2003        0.00
     1    12  2003        0.20
     2    12  2003        0.20
     3    12  2003        0.00
     4    12  2003        0.00
     5    12  2003        0.00
     6    12  2003        0.00
     7    12  2003        0.00
     8    12  2003        0.00
     9    12  2003        0.00
    10    12  2003        0.00
    11    12  2003        0.00
    12    12  2003        0.00
    13    12  2003        0.00
    14    12  2003        0.00
    15    12  2003        0.00
    16    12  2003        0.00
    17    12  2003        0.00
    18    12  2003        0.00
    19    12  2003        0.00
    20    12  2003        0.00
    21    12  2003        0.00
    22    12  2003        0.00
    23    12  2003        0.40
    24    12  2003        0.20
    25    12  2003        0.00
    26    12  2003        0.00
    27    12  2003        0.00
    28    12  2003        0.00
    29    12  2003        0.00
    30    12  2003        0.40
    31    12  2003        0.00
     1     1  2004        0.00
     2     1  2004        0.99
     3     1  2004        0.20
     4     1  2004        0.40
     5     1  2004        0.00
     6     1  2004        0.00
     7     1  2004        0.00
     8     1  2004        0.00
     9     1  2004        0.00
    10     1  2004        0.00
    11     1  2004        0.00
    12     1  2004        0.00
    13     1  2004        0.00
    14     1  2004        0.00
    15     1  2004        0.00
    16     1  2004        0.00
    17     1  2004        0.00
    18     1  2004        0.00
    19     1  2004        0.00
    20     1  2004        0.00
    21     1  2004        0.00
    22     1  2004        0.00
    23     1  2004        0.00
    24     1  2004        0.00
    25     1  2004        0.00
    26     1  2004        0.00
    27     1  2004        0.00
    28     1  2004        0.00
    29     1  2004        0.00
    30     1  2004        0.00
    31     1  2004        0.00
     1     2  2004        0.00
     2     2  2004        0.00
     3     2  2004        0.00
     4     2  2004        0.00
     5     2  2004        0.00
     6     2  2004        0.00
     7     2  2004        0.00
     8     2  2004        0.00
     9     2  2004        0.00
    10     2  2004        0.00
    11     2  2004        0.00
    12     2  2004        0.00
    13     2  2004        0.00
    14     2  2004        0.00
    15     2  2004        0.00
    16     2  2004        0.00
    17     2  2004        0.00
    18     2  2004        0.00
    19     2  2004        0.00
    20     2  2004        0.00
    21     2  2004        0.00
    22     2  2004        0.00
    23     2  2004        0.00
    24     2  2004        0.00
    25     2  2004        0.00
    26     2  2004        0.00
    27     2  2004        0.00
    28     2  2004        0.00
    29     2  2004        0.00
     1     3  2004        0.00
     2     3  2004        0.00
     3     3  2004        0.00
     4     3  2004        0.00
     5     3  2004        0.00
     6     3  2004        0.00
     7     3  2004        0.00
     8     3  2004        0.00
     9     3  2004        0.00
    10     3  2004        0.00
    11     3  2004        0.00
    12     3  2004        0.00
    13     3  2004        0.00
    14     3  2004        0.00
    15     3  2004        0.00
    16     3  2004        0.00
    17     3  2004        0.00
    18     3  2004        1.57
    19     3  2004        0.20
    20     3  2004        0.00
    21     3  2004        0.20
    22     3  2004        0.59
    23     3  2004        0.00
    24     3  2004        0.00
    25     3  2004        0.00
    26     3  2004        0.00
    27     3  2004        0.00
    28     3  2004        0.00
    29     3  2004        0.00
    30     3  2004        0.00
    31     3  2004        0.20
     1     4  2004        3.54
     2     4  2004        0.00
     3     4  2004        0.00
     4     4  2004        0.00
     5     4  2004        0.98
     6     4  2004        1.97
     7     4  2004        0.20
     8     4  2004        3.35
     9     4  2004        0.39
    10     4  2004        0.00
    11     4  2004        0.00
    12     4  2004        0.00
    13     4  2004        0.00
    14     4  2004        0.00
    15     4  2004        0.00
    16     4  2004        0.00
    17     4  2004        0.00
    18     4  2004        0.00
    19     4  2004        0.00
    20     4  2004        0.00
    21     4  2004        0.00
    22     4  2004        0.00
    23     4  2004        0.20
    24     4  2004        0.00
    25     4  2004        0.00
    26     4  2004        0.00
    27     4  2004        0.00
    28     4  2004        0.00
    29     4  2004        0.00
    30     4  2004        0.00
     1     5  2004        0.00
     2     5  2004        0.00
     3     5  2004        0.00
     4     5  2004        0.00
     5     5  2004        0.00
     6     5  2004        0.00
     7     5  2004        0.00
     8     5  2004        0.00
     9     5  2004        0.00
    10     5  2004        0.00
    11     5  2004        0.00
    12     5  2004        0.00
    13     5  2004        0.00
    14     5  2004        0.00
    15     5  2004        0.00
    16     5  2004        0.00
    17     5  2004        0.00
    18     5  2004        0.00
    19     5  2004        0.00
    20     5  2004        0.00
    21     5  2004        0.00
    22     5  2004        0.00
    23     5  2004        0.00
    24     5  2004        0.00
    25     5  2004        0.00
    26     5  2004        0.00
    27     5  2004        0.00
    28     5  2004        0.00
    29     5  2004        0.00
    30     5  2004        0.00
    31     5  2004        0.00
     1     6  2004        0.00
     2     6  2004        0.00
     3     6  2004        0.00
     4     6  2004        0.00
     5     6  2004        0.00
     6     6  2004        0.00
     7     6  2004        0.00
     8     6  2004        0.00
     9     6  2004        0.00
    10     6  2004        0.00
    11     6  2004        0.00
    12     6  2004        0.00
    13     6  2004        0.00
    14     6  2004        0.00
    15     6  2004        0.00
    16     6  2004        0.00
    17     6  2004        0.00
    18     6  2004        0.00
    19     6  2004        0.00
    20     6  2004        0.00
    21     6  2004        0.00
    22     6  2004        0.00
    23     6  2004        0.00
    24     6  2004        0.00
    25     6  2004        0.00
    26     6  2004        0.00
    27     6  2004        0.00
    28     6  2004        0.00
    29     6  2004        0.00
    30     6  2004        0.00
     1     7  2004        0.00
     2     7  2004        0.00
     3     7  2004        0.00
     4     7  2004        0.00
     5     7  2004        0.00
     6     7  2004        0.00
     7     7  2004        0.00
     8     7  2004        0.00
     9     7  2004        0.00
    10     7  2004        0.00
    11     7  2004        0.00
    12     7  2004        0.00
    13     7  2004        0.00
    14     7  2004        0.00
    15     7  2004        0.00
    16     7  2004        0.00
    17     7  2004        0.00
    18     7  2004        0.00
    19     7  2004        0.00
    20     7  2004        0.00
    21     7  2004        0.00
    22     7  2004        0.00
    23     7  2004        0.00
    24     7  2004        0.00
    25     7  2004        0.00
    26     7  2004        0.00
    27     7  2004        0.00
    28     7  2004        0.00
    29     7  2004        0.00
    30     7  2004        0.00
    31     7  2004        0.00
     1     8  2004        0.00
     2     8  2004        0.00
     3     8  2004        0.00
     4     8  2004        0.00
     5     8  2004        0.00
     6     8  2004        0.00
     7     8  2004        0.00
     8     8  2004        0.00
     9     8  2004        0.00
    10     8  2004        0.00
    11     8  2004        0.00
    12     8  2004        0.00
    13     8  2004        0.00
    14     8  2004        0.00
    15     8  2004        0.00
    16     8  2004        0.00
    17     8  2004        0.00
    18     8  2004        0.00
    19     8  2004        0.00
    20     8  2004        0.00
    21     8  2004        0.00
    22     8  2004        0.00
    23     8  2004        0.00
    24     8  2004        0.00
    25     8  2004        0.00
    26     8  2004        0.00
    27     8  2004        0.00
    28     8  2004        0.00
    29     8  2004        0.00
    30     8  2004        0.00
    31     8  2004        0.00
     1     9  2004        0.00
     2     9  2004        0.00
     3     9  2004        0.00
     4     9  2004        0.00
     5     9  2004        0.00
     6     9  2004        0.00
     7     9  2004        0.00
     8     9  2004        0.00
     9     9  2004        0.00
    10     9  2004        0.00
    11     9  2004        0.00
    12     9  2004        0.00
    13     9  2004        0.00
    14     9  2004        0.00
    15     9  2004        0.00
    16     9  2004        0.00
    17     9  2004        0.00
    18     9  2004        0.00
    19     9  2004        0.00
    20     9  2004        0.00
    21     9  2004        0.00
    22     9  2004        0.00
    23     9  2004        0.00
    24     9  2004        0.00
    25     9  2004        0.00
    26     9  2004        0.00
    27     9  2004        0.00
    28     9  2004        0.00
    29     9  2004        0.00
    30     9  2004        0.00
     1    10  2004        0.00
     2    10  2004        0.00
     3    10  2004        0.00
     4    10  2004        0.00
     5    10  2004        0.00
     6    10  2004        0.00
     7    10  2004        0.00
     8    10  2004        0.00
     9    10  2004        0.00
    10    10  2004        0.00
    11    10  2004        0.00
    12    10  2004        0.00
    13    10  2004        0.00
    14    10  2004        0.00
    15    10  2004        0.00
    16    10  2004        0.00
    17    10  2004        0.00
    18    10  2004        0.00
    19    10  2004        0.00
    20    10  2004        0.00
    21    10  2004        0.00
    22    10  2004        0.00
    23    10  2004        0.00
    24    10  2004        0.00
    25    10  2004        0.00
    26    10  2004        0.00
    27    10  2004        0.00
    28    10  2004        0.00
    29    10  2004        0.00
    30    10  2004        0.00
    31    10  2004        0.00
     1    11  2004        0.00
     2    11  2004        0.00
     3    11  2004        0.00
     4    11  2004        0.00
     5    11  2004        0.00
     6    11  2004        0.00
     7    11  2004        0.00
     8    11  2004        0.00
     9    11  2004        0.00
    10    11  2004        0.00
    11    11  2004        0.00
    12    11  2004        0.00
    13    11  2004        0.00
    14    11  2004        0.00
    15    11  2004        0.00
    16    11  2004        0.00
    17    11  2004        0.00
    18    11  2004        0.00
    19    11  2004        0.00
    20    11  2004        0.00
    21    11  2004        0.00
    22    11  2004        0.00
    23    11  2004        0.00
    24    11  2004        0.00
    25    11  2004        0.00
    26    11  2004        0.00
    27    11  2004        0.00
    28    11  2004        0.00
    29    11  2004        0.00
    30    11  2004        0.00
     1    12  2004        0.00
     2    12  2004        0.00
     3    12  2004        0.00
     4    12  2004        0.00
     5    12  2004        0.00
     6    12  2004        0.00
     7    12  2004        0.00
     8    12  2004        0.00
     9    12  2004        0.00
    10    12  2004        0.00
    11    12  2004        0.00
    12    12  2004        0.00
    13    12  2004        0.00
    14    12  2004        0.00
    15    12  2004        0.00
    16    12  2004        0.00
    17    12  2004        0.00
    18    12  2004        0.00
    19    12  2004        0.00
    20    12  2004        0.00
    21    12  2004        0.00
    22    12  2004        0.00
    23    12  2004        0.00
    24    12  2004        0.00
    25    12  2004        0.00
    26    12  2004        0.00
    27    12  2004        0.00
    28    12  2004        0.00
    29    12  2004        0.00
    30    12  2004        0.00
    31    12  2004        0.00
     1     1  2005        0.00
     2     1  2005        0.00
     3     1  2005        0.00
     4     1  2005        0.00
     5     1  2005        0.00
     6     1  2005        0.00
     7     1  2005        0.00
     8     1  2005        0.00
     9     1  2005        0.00
    10     1  2005        0.00
    11     1  2005        0.00
    12     1  2005        0.00
    13     1  2005        0.00
    14     1  2005        0.00
    15     1  2005        0.00
    16     1  2005        0.00
    17     1  2005        0.00
    18     1  2005        0.00
    19     1  2005        0.00
    20     1  2005        0.00
    21     1  2005        0.00
    22     1  2005        0.00
    23     1  2005        0.00
    24     1  2005        0.00
    25     1  2005        0.00
    26     1  2005        0.00
    27     1  2005        0.00
    28     1  2005        0.00
    29     1  2005        0.00
    30     1  2005        0.00
    31     1  2005        0.00
     1     2  2005        0.00
     2     2  2005        0.00
     3     2  2005        0.00
     4     2  2005        0.00
     5     2  2005        0.00
     6     2  2005        0.00
     7     2  2005        0.00
     8     2  2005        0.00
     9     2  2005        0.00
    10     2  2005        0.00
    11     2  2005        0.00
    12     2  2005        0.00
    13     2  2005        0.00
    14     2  2005        0.00
    15     2  2005        0.00
    16     2  2005        0.00
    17     2  2005        0.00
    18     2  2005        0.00
    19     2  2005        0.00
    20     2  2005        0.00
    21     2  2005        0.00
    22     2  2005        0.00
    23     2  2005        0.00
    24     2  2005        0.00
    25     2  2005        0.00
    26     2  2005        0.00
    27     2  2005        0.00
    28     2  2005        0.00
     1     3  2005        0.00
     2     3  2005        0.00
     3     3  2005        0.00
     4     3  2005        0.00
     5     3  2005        0.00
     6     3  2005        0.00
     7     3  2005        0.00
     8     3  2005        0.00
     9     3  2005        0.00
    10     3  2005        0.60
    11     3  2005        1.97
    12     3  2005        0.00
    13     3  2005        0.00
    14     3  2005        0.00
    15     3  2005        0.60
    16     3  2005        0.00
    17     3  2005        0.00
    18     3  2005        0.00
    19     3  2005        0.60
    20     3  2005        0.20
    21     3  2005        0.00
    22     3  2005        0.00
    23     3  2005        0.00
    24     3  2005        0.00
    25     3  2005        0.20
    26     3  2005        0.60
    27     3  2005        0.20
    28     3  2005        0.60
    29     3  2005        0.00
    30     3  2005        0.00
    31     3  2005        0.00
     1     4  2005        0.00
     2     4  2005        0.00
     3     4  2005        0.00
     4     4  2005        0.00
     5     4  2005        0.00
     6     4  2005        0.00
     7     4  2005        0.00
     8     4  2005        0.00
     9     4  2005        0.20
    10     4  2005        0.60
    11     4  2005        0.59
    12     4  2005        0.99
    13     4  2005        4.14
    14     4  2005        0.80
    15     4  2005        0.20
    16     4  2005        2.95
    17     4  2005        0.79
    18     4  2005        0.00
    19     4  2005        1.78
    20     4  2005        3.74
    21     4  2005        0.60
    22     4  2005        7.67
    23     4  2005        6.30
    24     4  2005        1.77
    25     4  2005        0.60
    26     4  2005        0.99
    27     4  2005        0.59
    28     4  2005        1.00
    29     4  2005        4.91
    30     4  2005        5.11
     1     5  2005        2.76
     2     5  2005        0.59
     3     5  2005        8.85
     4     5  2005        4.91
     5     5  2005        2.17
     6     5  2005        0.80
     7     5  2005        2.75
     8     5  2005        4.13
     9     5  2005        6.68
    10     5  2005        3.74
    11     5  2005        6.30
    12     5  2005        4.91
    13     5  2005        0.60
    14     5  2005        1.39
    15     5  2005        8.46
    16     5  2005        2.17
    17     5  2005        3.35
    18     5  2005        4.91
    19     5  2005        5.70
    20     5  2005        4.33
    21     5  2005        6.68
    22     5  2005        0.79
    23     5  2005        5.50
    24     5  2005        1.98
    25     5  2005        3.15
    26     5  2005        2.37
    27     5  2005        2.56
    28     5  2005        1.00
    29     5  2005        0.60
    30     5  2005        2.16
    31     5  2005        1.38
     1     6  2005        1.78
     2     6  2005        1.59
     3     6  2005        0.79
     4     6  2005        2.95
     5     6  2005        1.59
     6     6  2005        0.40
     7     6  2005        0.40
     8     6  2005        2.56
     9     6  2005        1.58
    10     6  2005        0.00
    11     6  2005        1.77
    12     6  2005        0.40
    13     6  2005        5.90
    14     6  2005        0.20
    15     6  2005        0.59
    16     6  2005        1.97
    17     6  2005        0.60
    18     6  2005        2.75
    19     6  2005        4.52
    20     6  2005        1.19
    21     6  2005        0.59
    22     6  2005        0.00
    23     6  2005        0.60
    24     6  2005        0.40
    25     6  2005        0.40
    26     6  2005        0.40
    27     6  2005        2.17
    28     6  2005        0.40
    29     6  2005        1.19
    30     6  2005        0.00
     1     7  2005        0.00
     2     7  2005        0.39
     3     7  2005        0.40
     4     7  2005        0.00
     5     7  2005        0.20
     6     7  2005        0.40
     7     7  2005        1.18
     8     7  2005        0.00
     9     7  2005        0.00
    10     7  2005        0.00
    11     7  2005        0.00
    12     7  2005        0.00
    13     7  2005        0.00
    14     7  2005        1.97
    15     7  2005        0.39
    16     7  2005        0.00
    17     7  2005        0.20
    18     7  2005        0.00
    19     7  2005        0.00
    20     7  2005        0.00
    21     7  2005        0.00
    22     7  2005        0.00
    23     7  2005        0.00
    24     7  2005        0.00
    25     7  2005        0.00
    26     7  2005        0.00
    27     7  2005        0.00
    28     7  2005        0.00
    29     7  2005        0.00
    30     7  2005        0.00
    31     7  2005        0.00
     1     8  2005        0.00
     2     8  2005        0.00
     3     8  2005        0.00
     4     8  2005        0.00
     5     8  2005        0.00
     6     8  2005        0.00
     7     8  2005        0.00
     8     8  2005        0.00
     9     8  2005        0.00
    10     8  2005        0.00
    11     8  2005        0.00
    12     8  2005        0.20
    13     8  2005        0.00
    14     8  2005        0.00
    15     8  2005        0.00
    16     8  2005        0.00
    17     8  2005        0.40
    18     8  2005        0.00
    19     8  2005        0.59
    20     8  2005        0.40
    21     8  2005        0.20
    22     8  2005        0.00
    23     8  2005        0.00
    24     8  2005        0.00
    25     8  2005        0.00
    26     8  2005        0.00
    27     8  2005        0.00
    28     8  2005        0.00
    29     8  2005        0.00
    30     8  2005        0.00
    31     8  2005        0.00
     1     9  2005        0.00
     2     9  2005        0.00
     3     9  2005        0.00
     4     9  2005        1.18
     5     9  2005        0.60
     6     9  2005        0.00
     7     9  2005        0.00
     8     9  2005        0.00
     9     9  2005        0.00
    10     9  2005        0.20
    11     9  2005        0.00
    12     9  2005        0.00
    13     9  2005        0.00
    14     9  2005        0.00
    15     9  2005        0.00
    16     9  2005        0.00
    17     9  2005        0.00
    18     9  2005        0.00
    19     9  2005        0.00
    20     9  2005        0.00
    21     9  2005        0.00
    22     9  2005        0.00
    23     9  2005        0.00
    24     9  2005        0.00
    25     9  2005        0.00
    26     9  2005        1.00
    27     9  2005        0.60
    28     9  2005        0.40
    29     9  2005        0.00
    30     9  2005        0.00
     1    10  2005        0.00
     2    10  2005        0.20
     3    10  2005        0.00
     4    10  2005        0.00
     5    10  2005        0.00
     6    10  2005        0.00
     7    10  2005        0.00
     8    10  2005        0.00
     9    10  2005        0.00
    10    10  2005        0.00
    11    10  2005        0.00
    12    10  2005        0.00
    13    10  2005        0.00
    14    10  2005        0.00
    15    10  2005        0.00
    16    10  2005        0.00
    17    10  2005        0.00
    18    10  2005        0.00
    19    10  2005        0.00
    20    10  2005        0.00
    21    10  2005        0.00
    22    10  2005        0.00
    23    10  2005        0.00
    24    10  2005        0.00
    25    10  2005        0.00
    26    10  2005        3.14
    27    10  2005        0.20
    28    10  2005        0.00
    29    10  2005        0.00
    30    10  2005        0.00
    31    10  2005        0.00
     1    11  2005        0.00
     2    11  2005        0.00
     3    11  2005        0.00
     4    11  2005        0.00
     5    11  2005        0.00
     6    11  2005        0.00
     7    11  2005        0.00
     8    11  2005        0.00
     9    11  2005        0.00
    10    11  2005        0.00
    11    11  2005        0.00
    12    11  2005        0.00
    13    11  2005        0.00
    14    11  2005        0.00
    15    11  2005        0.00
    16    11  2005        0.20
    17    11  2005        0.00
    18    11  2005        0.00
    19    11  2005        0.00
    20    11  2005        0.00
    21    11  2005        0.00
    22    11  2005        0.00
    23    11  2005        0.00
    24    11  2005        0.00
    25    11  2005        0.00
    26    11  2005        5.15
    27    11  2005        1.18
    28    11  2005        0.00
    29    11  2005        0.00
    30    11  2005        0.00
     1    12  2005        0.00
     2    12  2005        0.00
     3    12  2005        0.00
     4    12  2005        0.00
     5    12  2005        0.00
     6    12  2005        0.00
     7    12  2005        0.00
     8    12  2005        0.20
     9    12  2005        0.00
    10    12  2005        0.00
    11    12  2005        0.00
    12    12  2005        0.00
    13    12  2005        0.00
    14    12  2005        0.00
    15    12  2005        0.00
    16    12  2005        0.00
    17    12  2005        0.00
    18    12  2005        0.00
    19    12  2005        0.00
    20    12  2005        0.00
    21    12  2005        0.00
    22    12  2005        0.00
    23    12  2005        0.00
    24    12  2005        0.00
    25    12  2005        0.00
    26    12  2005        0.00
    27    12  2005        0.00
    28    12  2005        0.00
    29    12  2005        0.00
    30    12  2005        0.00
    31    12  2005        0.00
     1     1  2006        0.00
     2     1  2006        0.00
     3     1  2006        0.00
     4     1  2006        0.00
     5     1  2006        0.00
     6     1  2006        0.00
     7     1  2006        0.00
     8     1  2006        0.00
     9     1  2006        0.00
    10     1  2006        0.00
    11     1  2006        0.00
    12     1  2006        0.00
    13     1  2006        0.00
    14     1  2006        0.00
    15     1  2006        0.00
    16     1  2006        0.00
    17     1  2006        0.00
    18     1  2006        0.00
    19     1  2006        0.00
    20     1  2006        0.00
    21     1  2006        0.00
    22     1  2006        0.00
    23     1  2006        1.58
    24     1  2006        3.54
    25     1  2006        0.79
    26     1  2006        0.00
    27     1  2006        0.20
    28     1  2006        0.00
    29     1  2006        0.00
    30     1  2006        0.40
    31     1  2006        0.20
     1     2  2006        0.20
     2     2  2006        0.00
     3     2  2006        0.00
     4     2  2006        0.00
     5     2  2006        0.00
     6     2  2006        0.00
     7     2  2006        0.00
     8     2  2006        0.00
     9     2  2006        0.00
    10     2  2006        0.00
    11     2  2006        0.00
    12     2  2006        0.00
    13     2  2006        0.00
    14     2  2006        0.00
    15     2  2006        0.00
    16     2  2006        0.00
    17     2  2006        0.00
    18     2  2006        0.00
    19     2  2006        0.00
    20     2  2006        0.00
    21     2  2006        0.00
    22     2  2006        0.00
    23     2  2006        0.00
    24     2  2006        0.00
    25     2  2006        0.00
    26     2  2006        0.00
    27     2  2006        0.00
    28     2  2006        0.00
     1     3  2006        0.00
     2     3  2006        0.00
     3     3  2006        0.00
     4     3  2006        0.00
     5     3  2006        0.00
     6     3  2006        0.00
     7     3  2006        0.00
     8     3  2006        0.00
     9     3  2006        0.00
    10     3  2006        0.00
    11     3  2006        0.00
    12     3  2006       -1.00
    13     3  2006        0.00
    14     3  2006        0.00
    15     3  2006        0.00
    16     3  2006        0.00
    17     3  2006        0.00
    18     3  2006        0.00
    19     3  2006        0.00
    20     3  2006        0.00
    21     3  2006        0.00
    22     3  2006        0.00
    23     3  2006        0.00
    24     3  2006        0.00
    25     3  2006        0.00
    26     3  2006        0.00
    27     3  2006        0.00
    28     3  2006        0.00
    29     3  2006        0.00
    30     3  2006        0.00
    31     3  2006        0.00
     1     4  2006        0.00
     2     4  2006        0.00
     3     4  2006        0.00
     4     4  2006        0.00
     5     4  2006        0.00
     6     4  2006        0.00
     7     4  2006        0.00
     8     4  2006        0.00
     9     4  2006        0.00
    10     4  2006        0.00
    11     4  2006        0.00
    12     4  2006        0.00
    13     4  2006        0.00
    14     4  2006        0.00
    15     4  2006        0.00
    16     4  2006        0.00
    17     4  2006        0.00
    18     4  2006        0.00
    19     4  2006        0.00
    20     4  2006        0.00
    21     4  2006        0.00
    22     4  2006        0.00
    23     4  2006        0.00
    24     4  2006        0.00
    25     4  2006        0.00
    26     4  2006        0.00
    27     4  2006        0.00
    28     4  2006        0.00
    29     4  2006        0.00
    30     4  2006        0.00
     1     5  2006        0.00
     2     5  2006        0.00
     3     5  2006        0.00
     4     5  2006        0.00
     5     5  2006        0.00
     6     5  2006        0.00
     7     5  2006        0.00
     8     5  2006        0.00
     9     5  2006        0.00
    10     5  2006        0.00
    11     5  2006        0.00
    12     5  2006        0.00
    13     5  2006        0.00
    14     5  2006        0.00
    15     5  2006        0.00
    16     5  2006        0.00
    17     5  2006        0.00
    18     5  2006        0.00
    19     5  2006        0.00
    20     5  2006        0.00
    21     5  2006        0.00
    22     5  2006        0.00
    23     5  2006        0.00
    24     5  2006        0.00
    25     5  2006        0.00
    26     5  2006        0.00
    27     5  2006        0.00
    28     5  2006        0.00
    29     5  2006        0.00
    30     5  2006        0.00
    31     5  2006        0.00
     1     6  2006        0.00
     2     6  2006        0.00
     3     6  2006        0.00
     4     6  2006        0.00
     5     6  2006        0.00
     6     6  2006        0.00
     7     6  2006        0.00
     8     6  2006        0.00
     9     6  2006        0.00
    10     6  2006        0.00
    11     6  2006        0.00
    12     6  2006        0.00
    13     6  2006        0.00
    14     6  2006        0.00
    15     6  2006        0.00
    16     6  2006        0.00
    17     6  2006        0.00
    18     6  2006        0.00
    19     6  2006        0.00
    20     6  2006        0.00
    21     6  2006        0.00
    22     6  2006        1.39
    23     6  2006        0.40
    24     6  2006        0.20
    25     6  2006        0.20
    26     6  2006        0.00
    27     6  2006        0.59
    28     6  2006        0.40
    29     6  2006        0.00
    30     6  2006        0.00
     1     7  2006        0.00
     2     7  2006        0.00
     3     7  2006        0.00
     4     7  2006        0.00
     5     7  2006        0.00
     6     7  2006        0.00
     7     7  2006        0.00
     8     7  2006        0.00
     9     7  2006        0.00
    10     7  2006        0.00
    11     7  2006        0.00
    12     7  2006        0.00
    13     7  2006        0.00
    14     7  2006        0.00
    15     7  2006        0.00
    16     7  2006        0.80
    17     7  2006        0.00
    18     7  2006        0.00
    19     7  2006        0.60
    20     7  2006        0.20
    21     7  2006        0.00
    22     7  2006        0.59
    23     7  2006        0.20
    24     7  2006        0.20
    25     7  2006        0.00
    26     7  2006        0.00
    27     7  2006        0.00
    28     7  2006        0.00
    29     7  2006        0.00
    30     7  2006        0.00
    31     7  2006        0.00
     1     8  2006        0.00
     2     8  2006        0.20
     3     8  2006        0.00
     4     8  2006        0.00
     5     8  2006        0.00
     6     8  2006        0.00
     7     8  2006        0.00
     8     8  2006        0.00
     9     8  2006        0.00
    10     8  2006        0.00
    11     8  2006        0.00
    12     8  2006        0.00
    13     8  2006        0.00
    14     8  2006        0.00
    15     8  2006        0.00
    16     8  2006        0.00
    17     8  2006        0.00
    18     8  2006        0.00
    19     8  2006        0.00
    20     8  2006        0.00
    21     8  2006        0.00
    22     8  2006        0.00
    23     8  2006        0.00
    24     8  2006        0.00
    25     8  2006        0.00
    26     8  2006        0.00
    27     8  2006        0.00
    28     8  2006        0.00
    29     8  2006        0.00
    30     8  2006        0.00
    31     8  2006        0.00
     1     9  2006        0.00
     2     9  2006        0.00
     3     9  2006        0.00
     4     9  2006        0.00
     5     9  2006        0.00
     6     9  2006        0.00
     7     9  2006        0.00
     8     9  2006        0.00
     9     9  2006        0.00
    10     9  2006        0.00
    11     9  2006        0.00
    12     9  2006        0.00
    13     9  2006        0.00
    14     9  2006        0.00
    15     9  2006        0.00
    16     9  2006        0.00
    17     9  2006        0.00
    18     9  2006        0.00
    19     9  2006        0.00
    20     9  2006        0.00
    21     9  2006        0.00
    22     9  2006        0.00
    23     9  2006        0.00
    24     9  2006        0.00
    25     9  2006        0.20
    26     9  2006        1.18
    27     9  2006        0.00
    28     9  2006        0.20
    29     9  2006        0.00
    30     9  2006        0.00
     1    10  2006        0.00
     2    10  2006        0.00
     3    10  2006        0.00
     4    10  2006        0.00
     5    10  2006        0.00
     6    10  2006        0.00
     7    10  2006        0.00
     8    10  2006        0.00
     9    10  2006        0.00
    10    10  2006        0.00
    11    10  2006        0.00
    12    10  2006        0.00
    13    10  2006        0.00
    14    10  2006        0.00
    15    10  2006        0.00
    16    10  2006        0.00
    17    10  2006        0.00
    18    10  2006        0.00
    19    10  2006        0.00
    20    10  2006        0.00
    21    10  2006        0.00
    22    10  2006        0.00
    23    10  2006        0.00
    24    10  2006        0.00
    25    10  2006        0.00
    26    10  2006        0.00
    27    10  2006        0.00
    28    10  2006        0.00
    29    10  2006        0.00
    30    10  2006        0.00
    31    10  2006        0.00
     1    11  2006        0.00
     2    11  2006        0.00
     3    11  2006        0.00
     4    11  2006        0.00
     5    11  2006        0.00
     6    11  2006        0.00
     7    11  2006        0.00
     8    11  2006        0.00
     9    11  2006        0.00
    10    11  2006        0.00
    11    11  2006        0.00
    12    11  2006        0.00
    13    11  2006        0.00
    14    11  2006        0.00
    15    11  2006        0.00
    16    11  2006        0.00
    17    11  2006        0.00
    18    11  2006        0.00
    19    11  2006        0.00
    20    11  2006        0.00
    21    11  2006        0.00
    22    11  2006        0.00
    23    11  2006        0.00
    24    11  2006        0.00
    25    11  2006        0.00
    26    11  2006        0.00
    27    11  2006        0.00
    28    11  2006        0.00
    29    11  2006        0.00
    30    11  2006        0.00
     1    12  2006        0.00
     2    12  2006        0.00
     3    12  2006        0.00
     4    12  2006        0.00
     5    12  2006        0.00
     6    12  2006        0.00
     7    12  2006        0.00
     8    12  2006        0.00
     9    12  2006        0.00
    10    12  2006        0.00
    11    12  2006        0.00
    12    12  2006        0.00
    13    12  2006        0.00
    14    12  2006        0.00
    15    12  2006        0.00
    16    12  2006        0.00
    17    12  2006        0.00
    18    12  2006        0.00
    19    12  2006        0.00
    20    12  2006        0.00
    21    12  2006        0.00
    22    12  2006        0.00
    23    12  2006        0.00
    24    12  2006        0.00
    25    12  2006        0.00
    26    12  2006        0.00
    27    12  2006        0.00
    28    12  2006        0.00
    29    12  2006        0.00
    30    12  2006        0.00
    31    12  2006        0.00
     1     1  2007        0.00
     2     1  2007        0.00
     3     1  2007        0.00
     4     1  2007        0.00
     5     1  2007        0.00
     6     1  2007        0.00
     7     1  2007        0.00
     8     1  2007        0.00
     9     1  2007        0.00
    10     1  2007        0.00
    11     1  2007        0.00
    12     1  2007        0.00
    13     1  2007        0.00
    14     1  2007        0.00
    15     1  2007        0.00
    16     1  2007        0.00
    17     1  2007        0.00
