     1     1  2001        0.00
     2     1  2001        0.00
     3     1  2001        0.00
     4     1  2001        0.00
     5     1  2001        0.00
     6     1  2001        0.00
     7     1  2001        0.00
     8     1  2001        0.00
     9     1  2001        0.00
    10     1  2001        0.00
    11     1  2001        0.00
    12     1  2001        0.00
    13     1  2001        0.00
    14     1  2001        0.00
    15     1  2001        0.00
    16     1  2001        0.00
    17     1  2001       14.92
    18     1  2001        4.34
    19     1  2001        0.40
    20     1  2001        0.00
    21     1  2001        0.00
    22     1  2001        0.00
    23     1  2001        0.00
    24     1  2001        0.00
    25     1  2001        0.00
    26     1  2001        0.00
    27     1  2001        0.00
    28     1  2001        0.00
    29     1  2001        0.00
    30     1  2001        0.00
    31     1  2001        0.00
     1     2  2001        0.00
     2     2  2001        0.00
     3     2  2001        0.00
     4     2  2001        0.00
     5     2  2001        0.00
     6     2  2001        0.00
     7     2  2001        0.00
     8     2  2001        0.00
     9     2  2001        0.00
    10     2  2001        0.00
    11     2  2001        0.00
    12     2  2001        0.00
    13     2  2001        0.00
    14     2  2001        0.00
    15     2  2001        0.00
    16     2  2001        0.00
    17     2  2001        0.00
    18     2  2001        0.00
    19     2  2001        0.00
    20     2  2001        0.00
    21     2  2001        0.00
    22     2  2001        0.00
    23     2  2001        0.00
    24     2  2001        0.00
    25     2  2001        0.00
    26     2  2001        1.77
    27     2  2001        2.16
    28     2  2001        0.00
     1     3  2001        0.00
     2     3  2001        0.00
     3     3  2001        0.00
     4     3  2001        0.00
     5     3  2001        0.00
     6     3  2001        0.00
     7     3  2001        0.00
     8     3  2001        0.00
     9     3  2001        0.00
    10     3  2001        0.00
    11     3  2001        0.00
    12     3  2001        0.00
    13     3  2001        0.00
    14     3  2001        0.00
    15     3  2001        0.00
    16     3  2001        0.00
    17     3  2001        0.00
    18     3  2001        0.00
    19     3  2001        0.00
    20     3  2001        0.00
    21     3  2001        0.00
    22     3  2001        0.00
    23     3  2001        0.00
    24     3  2001        0.00
    25     3  2001        0.00
    26     3  2001        0.00
    27     3  2001        0.20
    28     3  2001        0.00
    29     3  2001        0.00
    30     3  2001        0.00
    31     3  2001        0.00
     1     4  2001        0.00
     2     4  2001        0.00
     3     4  2001        0.00
     4     4  2001        0.00
     5     4  2001        0.00
     6     4  2001        0.00
     7     4  2001        0.00
     8     4  2001        0.00
     9     4  2001        0.00
    10     4  2001        0.00
    11     4  2001        0.00
    12     4  2001        0.00
    13     4  2001        0.00
    14     4  2001        0.00
    15     4  2001        0.00
    16     4  2001        0.00
    17     4  2001        0.00
    18     4  2001        0.00
    19     4  2001        0.00
    20     4  2001        0.00
    21     4  2001        0.00
    22     4  2001        0.00
    23     4  2001        0.00
    24     4  2001        0.00
    25     4  2001        0.00
    26     4  2001        0.00
    27     4  2001        0.00
    28     4  2001        0.00
    29     4  2001        0.00
    30     4  2001        0.00
     1     5  2001        0.00
     2     5  2001        0.00
     3     5  2001        0.00
     4     5  2001        0.00
     5     5  2001        0.00
     6     5  2001        0.00
     7     5  2001        0.00
     8     5  2001        0.00
     9     5  2001        0.00
    10     5  2001        0.00
    11     5  2001        0.00
    12     5  2001        0.00
    13     5  2001        0.00
    14     5  2001        0.00
    15     5  2001        0.00
    16     5  2001        0.00
    17     5  2001        0.00
    18     5  2001        0.00
    19     5  2001        0.00
    20     5  2001        0.00
    21     5  2001        0.00
    22     5  2001        0.00
    23     5  2001        0.00
    24     5  2001        0.00
    25     5  2001        0.00
    26     5  2001        0.00
    27     5  2001        0.00
    28     5  2001        0.00
    29     5  2001        0.00
    30     5  2001        0.00
    31     5  2001        0.00
     1     6  2001        0.00
     2     6  2001        0.00
     3     6  2001        0.00
     4     6  2001        0.00
     5     6  2001        0.00
     6     6  2001        0.00
     7     6  2001        0.00
     8     6  2001        0.00
     9     6  2001        0.00
    10     6  2001        0.00
    11     6  2001        0.00
    12     6  2001        0.00
    13     6  2001        0.00
    14     6  2001        0.00
    15     6  2001        0.00
    16     6  2001        0.00
    17     6  2001        0.00
    18     6  2001        0.00
    19     6  2001        0.00
    20     6  2001        0.00
    21     6  2001        0.00
    22     6  2001        0.00
    23     6  2001        0.00
    24     6  2001        0.00
    25     6  2001        0.00
    26     6  2001        0.00
    27     6  2001        0.00
    28     6  2001        0.00
    29     6  2001        0.00
    30     6  2001        0.00
     1     7  2001        0.00
     2     7  2001        0.00
     3     7  2001        0.00
     4     7  2001        0.00
     5     7  2001        0.83
     6     7  2001        0.00
     7     7  2001        0.00
     8     7  2001        0.00
     9     7  2001        0.00
    10     7  2001        0.00
    11     7  2001        0.00
    12     7  2001        0.00
    13     7  2001        0.00
    14     7  2001        0.00
    15     7  2001        0.00
    16     7  2001        0.00
    17     7  2001        0.00
    18     7  2001        0.00
    19     7  2001        0.00
    20     7  2001        0.00
    21     7  2001        0.00
    22     7  2001        0.00
    23     7  2001        0.00
    24     7  2001        0.20
    25     7  2001        0.00
    26     7  2001        0.00
    27     7  2001        0.00
    28     7  2001        0.00
    29     7  2001        0.00
    30     7  2001        0.00
    31     7  2001        0.00
     1     8  2001        0.00
     2     8  2001        0.00
     3     8  2001        0.00
     4     8  2001        0.00
     5     8  2001        0.00
     6     8  2001        0.00
     7     8  2001        0.00
     8     8  2001        0.00
     9     8  2001        0.00
    10     8  2001        0.00
    11     8  2001        0.00
    12     8  2001        0.00
    13     8  2001        0.00
    14     8  2001        0.00
    15     8  2001        0.00
    16     8  2001        0.00
    17     8  2001        0.00
    18     8  2001        0.00
    19     8  2001        0.00
    20     8  2001        0.00
    21     8  2001        0.00
    22     8  2001        0.00
    23     8  2001        0.00
    24     8  2001        0.00
    25     8  2001        0.00
    26     8  2001        0.00
    27     8  2001        0.00
    28     8  2001        0.00
    29     8  2001        0.00
    30     8  2001        0.00
    31     8  2001        0.00
     1     9  2001        0.00
     2     9  2001        0.00
     3     9  2001        0.00
     4     9  2001        0.00
     5     9  2001        0.00
     6     9  2001        1.38
     7     9  2001        0.00
     8     9  2001        0.00
     9     9  2001        0.00
    10     9  2001        0.00
    11     9  2001        0.00
    12     9  2001        0.00
    13     9  2001        0.00
    14     9  2001        0.00
    15     9  2001        0.00
    16     9  2001        0.00
    17     9  2001        0.00
    18     9  2001        0.00
    19     9  2001        0.00
    20     9  2001        0.00
    21     9  2001        0.00
    22     9  2001        0.00
    23     9  2001        0.00
    24     9  2001        0.00
    25     9  2001        0.00
    26     9  2001        0.00
    27     9  2001        0.00
    28     9  2001        0.00
    29     9  2001        0.00
    30     9  2001        0.00
     1    10  2001        0.00
     2    10  2001        0.00
     3    10  2001        0.00
     4    10  2001        0.00
     5    10  2001        0.00
     6    10  2001        0.00
     7    10  2001        0.00
     8    10  2001        0.00
     9    10  2001        0.00
    10    10  2001        0.00
    11    10  2001        0.00
    12    10  2001        0.00
    13    10  2001        0.00
    14    10  2001        0.00
    15    10  2001        0.00
    16    10  2001        0.00
    17    10  2001        0.00
    18    10  2001        0.00
    19    10  2001        0.00
    20    10  2001        0.00
    21    10  2001        0.00
    22    10  2001        0.00
    23    10  2001        0.00
    24    10  2001        0.00
    25    10  2001        0.00
    26    10  2001        0.00
    27    10  2001        0.00
    28    10  2001        0.00
    29    10  2001        0.00
    30    10  2001        0.00
    31    10  2001        0.00
     1    11  2001        0.00
     2    11  2001        0.00
     3    11  2001        0.00
     4    11  2001        0.00
     5    11  2001        0.00
     6    11  2001        0.00
     7    11  2001        0.00
     8    11  2001        0.00
     9    11  2001        0.00
    10    11  2001        0.00
    11    11  2001        0.00
    12    11  2001        0.00
    13    11  2001        0.00
    14    11  2001        0.00
    15    11  2001        0.00
    16    11  2001        0.00
    17    11  2001        0.00
    18    11  2001        0.20
    19    11  2001        0.20
    20    11  2001        0.00
    21    11  2001        0.20
    22    11  2001        0.00
    23    11  2001        0.00
    24    11  2001        0.00
    25    11  2001        0.00
    26    11  2001        0.00
    27    11  2001        0.00
    28    11  2001        0.00
    29    11  2001        0.00
    30    11  2001        0.00
     1    12  2001        0.00
     2    12  2001        0.00
     3    12  2001        0.00
     4    12  2001        0.00
     5    12  2001        0.20
     6    12  2001        0.98
     7    12  2001        0.00
     8    12  2001        0.00
     9    12  2001        0.00
    10    12  2001        0.00
    11    12  2001        2.56
    12    12  2001        0.00
    13    12  2001        0.00
    14    12  2001        0.00
    15    12  2001        0.00
    16    12  2001        0.20
    17    12  2001        0.00
    18    12  2001        0.00
    19    12  2001        0.00
    20    12  2001        0.00
    21    12  2001        0.00
    22    12  2001        0.00
    23    12  2001        0.00
    24    12  2001        0.00
    25    12  2001        0.00
    26    12  2001        0.00
    27    12  2001        0.00
    28    12  2001        0.00
    29    12  2001        0.00
    30    12  2001        0.00
    31    12  2001        0.00
     1     1  2002        0.00
     2     1  2002        0.00
     3     1  2002        0.00
     4     1  2002        0.00
     5     1  2002        0.00
     6     1  2002        0.00
     7     1  2002        0.00
     8     1  2002        0.00
     9     1  2002        0.00
    10     1  2002        0.00
    11     1  2002        0.00
    12     1  2002        0.00
    13     1  2002        0.00
    14     1  2002        0.00
    15     1  2002        0.00
    16     1  2002        0.00
    17     1  2002        0.00
    18     1  2002        0.00
    19     1  2002        0.00
    20     1  2002        0.00
    21     1  2002        0.00
    22     1  2002        0.00
    23     1  2002        0.00
    24     1  2002        0.00
    25     1  2002        0.00
    26     1  2002        0.00
    27     1  2002        0.00
    28     1  2002        0.00
    29     1  2002        0.00
    30     1  2002        0.00
    31     1  2002        0.00
     1     2  2002        0.00
     2     2  2002        0.00
     3     2  2002        0.00
     4     2  2002        0.00
     5     2  2002        0.00
     6     2  2002        0.00
     7     2  2002        0.00
     8     2  2002        0.00
     9     2  2002        0.00
    10     2  2002        0.00
    11     2  2002        0.00
    12     2  2002        0.00
    13     2  2002        0.00
    14     2  2002        0.00
    15     2  2002        0.00
    16     2  2002        0.00
    17     2  2002        3.15
    18     2  2002        0.20
    19     2  2002        0.20
    20     2  2002        0.42
    21     2  2002        0.00
    22     2  2002        0.00
    23     2  2002        0.00
    24     2  2002        0.00
    25     2  2002        0.20
    26     2  2002        0.00
    27     2  2002        0.00
    28     2  2002        0.00
     1     3  2002        0.00
     2     3  2002        0.00
     3     3  2002        0.00
     4     3  2002        0.00
     5     3  2002        0.00
     6     3  2002        0.00
     7     3  2002        0.00
     8     3  2002        0.00
     9     3  2002        0.00
    10     3  2002        0.00
    11     3  2002        0.00
    12     3  2002        0.00
    13     3  2002        3.94
    14     3  2002        0.39
    15     3  2002        0.00
    16     3  2002        0.00
    17     3  2002        0.00
    18     3  2002        0.00
    19     3  2002        0.00
    20     3  2002        0.20
    21     3  2002        0.00
    22     3  2002        3.74
    23     3  2002        0.00
    24     3  2002        0.00
    25     3  2002       12.04
    26     3  2002        0.20
    27     3  2002        0.40
    28     3  2002        0.00
    29     3  2002        0.00
    30     3  2002        0.00
    31     3  2002        0.00
     1     4  2002        0.00
     2     4  2002        0.00
     3     4  2002        0.00
     4     4  2002        0.00
     5     4  2002        0.00
     6     4  2002        0.00
     7     4  2002        0.00
     8     4  2002        0.00
     9     4  2002        0.00
    10     4  2002        0.00
    11     4  2002        0.00
    12     4  2002        0.00
    13     4  2002        0.00
    14     4  2002        0.00
    15     4  2002        0.00
    16     4  2002        0.00
    17     4  2002        0.20
    18     4  2002        0.00
    19     4  2002        0.00
    20     4  2002        0.00
    21     4  2002        0.00
    22     4  2002        0.00
    23     4  2002        0.00
    24     4  2002        0.00
    25     4  2002        0.00
    26     4  2002        0.00
    27     4  2002        0.00
    28     4  2002        0.00
    29     4  2002        0.00
    30     4  2002        0.00
     1     5  2002        0.00
     2     5  2002        0.00
     3     5  2002        0.00
     4     5  2002        0.00
     5     5  2002        0.00
     6     5  2002        0.99
     7     5  2002        0.00
     8     5  2002        0.00
     9     5  2002        0.00
    10     5  2002        0.59
    11     5  2002        0.00
    12     5  2002        0.00
    13     5  2002        0.00
    14     5  2002        0.00
    15     5  2002        0.00
    16     5  2002        0.00
    17     5  2002        0.00
    18     5  2002        0.00
    19     5  2002        0.00
    20     5  2002        0.00
    21     5  2002        0.00
    22     5  2002        0.00
    23     5  2002        0.00
    24     5  2002        0.00
    25     5  2002        0.00
    26     5  2002        0.20
    27     5  2002        0.40
    28     5  2002        0.00
    29     5  2002        0.00
    30     5  2002        0.00
    31     5  2002        0.20
     1     6  2002        0.00
     2     6  2002        0.00
     3     6  2002        0.39
     4     6  2002        0.00
     5     6  2002        0.00
     6     6  2002        4.33
     7     6  2002        1.38
     8     6  2002        0.00
     9     6  2002        0.20
    10     6  2002        0.00
    11     6  2002        0.00
    12     6  2002        0.00
    13     6  2002        1.18
    14     6  2002        0.00
    15     6  2002        0.20
    16     6  2002        0.40
    17     6  2002        0.00
    18     6  2002        0.20
    19     6  2002        0.00
    20     6  2002        0.00
    21     6  2002        1.57
    22     6  2002        0.00
    23     6  2002        0.79
    24     6  2002        0.00
    25     6  2002        0.00
    26     6  2002        0.00
    27     6  2002        0.00
    28     6  2002        0.00
    29     6  2002        0.00
    30     6  2002        0.00
     1     7  2002        0.00
     2     7  2002        0.00
     3     7  2002        0.00
     4     7  2002        0.00
     5     7  2002        0.00
     6     7  2002        0.00
     7     7  2002        0.00
     8     7  2002        0.00
     9     7  2002        0.20
    10     7  2002        0.00
    11     7  2002        0.40
    12     7  2002        0.20
    13     7  2002        0.00
    14     7  2002        0.20
    15     7  2002        0.20
    16     7  2002        1.18
    17     7  2002        0.20
    18     7  2002        0.00
    19     7  2002        0.00
    20     7  2002        0.00
    21     7  2002        3.94
    22     7  2002        1.38
    23     7  2002        0.20
    24     7  2002        0.00
    25     7  2002        1.38
    26     7  2002        0.79
    27     7  2002        0.39
    28     7  2002        0.00
    29     7  2002        0.00
    30     7  2002        0.00
    31     7  2002        0.00
     1     8  2002        0.00
     2     8  2002        0.00
     3     8  2002        0.20
     4     8  2002        0.00
     5     8  2002        0.00
     6     8  2002        0.00
     7     8  2002        0.00
     8     8  2002        0.00
     9     8  2002        0.00
    10     8  2002        0.00
    11     8  2002        0.00
    12     8  2002        0.20
    13     8  2002        0.00
    14     8  2002        0.00
    15     8  2002        0.00
    16     8  2002        0.00
    17     8  2002        1.18
    18     8  2002        0.00
    19     8  2002        0.00
    20     8  2002        0.00
    21     8  2002        0.00
    22     8  2002        0.00
    23     8  2002        0.00
    24     8  2002        0.00
    25     8  2002        0.00
    26     8  2002        0.00
    27     8  2002        0.00
    28     8  2002        0.00
    29     8  2002        0.00
    30     8  2002        0.00
    31     8  2002        0.00
     1     9  2002        0.00
     2     9  2002        0.00
     3     9  2002        0.00
     4     9  2002        0.00
     5     9  2002        0.20
     6     9  2002        0.00
     7     9  2002        0.00
     8     9  2002        0.00
     9     9  2002        0.00
    10     9  2002        0.00
    11     9  2002        0.00
    12     9  2002        0.00
    13     9  2002        0.00
    14     9  2002        0.00
    15     9  2002        0.39
    16     9  2002        0.00
    17     9  2002        0.00
    18     9  2002        0.00
    19     9  2002        0.00
    20     9  2002        2.17
    21     9  2002        0.00
    22     9  2002        2.36
    23     9  2002        0.00
    24     9  2002        0.81
    25     9  2002        0.40
    26     9  2002        0.00
    27     9  2002        0.00
    28     9  2002        0.00
    29     9  2002        0.00
    30     9  2002        0.00
     1    10  2002        0.00
     2    10  2002        0.00
     3    10  2002        0.00
     4    10  2002        0.00
     5    10  2002        0.00
     6    10  2002        0.00
     7    10  2002        0.00
     8    10  2002        0.00
     9    10  2002        0.00
    10    10  2002        0.00
    11    10  2002        0.00
    12    10  2002        0.59
    13    10  2002        0.00
    14    10  2002        0.00
    15    10  2002        0.99
    16    10  2002        0.00
    17    10  2002        0.00
    18    10  2002        0.00
    19    10  2002        1.38
    20    10  2002        0.20
    21    10  2002        0.00
    22    10  2002        1.38
    23    10  2002        0.40
    24    10  2002        0.00
    25    10  2002        0.00
    26    10  2002        0.00
    27    10  2002        2.55
    28    10  2002        0.00
    29    10  2002        0.00
    30    10  2002        0.00
    31    10  2002        0.00
     1    11  2002        0.00
     2    11  2002        0.00
     3    11  2002        0.00
     4    11  2002        0.00
     5    11  2002        0.00
     6    11  2002        0.00
     7    11  2002        0.00
     8    11  2002        0.00
     9    11  2002        0.00
    10    11  2002        0.00
    11    11  2002        0.00
    12    11  2002        0.00
    13    11  2002        0.00
    14    11  2002        0.00
    15    11  2002        0.00
    16    11  2002        0.20
    17    11  2002        0.00
    18    11  2002        0.00
    19    11  2002        0.00
    20    11  2002        0.00
    21    11  2002        0.00
    22    11  2002        0.00
    23    11  2002        0.00
    24    11  2002        0.00
    25    11  2002        0.00
    26    11  2002        0.00
    27    11  2002        0.00
    28    11  2002        0.00
    29    11  2002        0.00
    30    11  2002        1.21
     1    12  2002        0.00
     2    12  2002        0.00
     3    12  2002        0.00
     4    12  2002        0.00
     5    12  2002        0.00
     6    12  2002        0.00
     7    12  2002        0.00
     8    12  2002        0.00
     9    12  2002        0.00
    10    12  2002        0.00
    11    12  2002        0.00
    12    12  2002        0.00
    13    12  2002        0.00
    14    12  2002        0.00
    15    12  2002        0.00
    16    12  2002        0.00
    17    12  2002        0.00
    18    12  2002        0.00
    19    12  2002        0.00
    20    12  2002        0.00
    21    12  2002        0.00
    22    12  2002        0.00
    23    12  2002        0.00
    24    12  2002        0.00
    25    12  2002        0.00
    26    12  2002        0.00
    27    12  2002        0.00
    28    12  2002        0.39
    29    12  2002        0.59
    30    12  2002        0.20
    31    12  2002        0.40
     1     1  2003        0.00
     2     1  2003        0.00
     3     1  2003        0.00
     4     1  2003        0.00
     5     1  2003        0.00
     6     1  2003        0.00
     7     1  2003        0.00
     8     1  2003        0.00
     9     1  2003        0.00
    10     1  2003        0.00
    11     1  2003        0.00
    12     1  2003        0.00
    13     1  2003        0.00
    14     1  2003        0.00
    15     1  2003        0.00
    16     1  2003        0.00
    17     1  2003        0.00
    18     1  2003        0.20
    19     1  2003        0.39
    20     1  2003        0.00
    21     1  2003        0.00
    22     1  2003        0.00
    23     1  2003        0.00
    24     1  2003        0.00
    25     1  2003        0.00
    26     1  2003        0.00
    27     1  2003        0.00
    28     1  2003        0.00
    29     1  2003        0.00
    30     1  2003        0.00
    31     1  2003        0.00
     1     2  2003        0.00
     2     2  2003        0.00
     3     2  2003        0.00
     4     2  2003        0.00
     5     2  2003        0.00
     6     2  2003        0.00
     7     2  2003        0.00
     8     2  2003        0.00
     9     2  2003        0.00
    10     2  2003        0.40
    11     2  2003        0.62
    12     2  2003        1.97
    13     2  2003        0.00
    14     2  2003        0.00
    15     2  2003        2.95
    16     2  2003        0.00
    17     2  2003        0.00
    18     2  2003        0.00
    19     2  2003        0.00
    20     2  2003        0.00
    21     2  2003        3.93
    22     2  2003        0.00
    23     2  2003        0.00
    24     2  2003        0.00
    25     2  2003        0.00
    26     2  2003        0.00
    27     2  2003        0.00
    28     2  2003        0.00
     1     3  2003        0.00
     2     3  2003        0.00
     3     3  2003        0.00
     4     3  2003        0.00
     5     3  2003        0.00
     6     3  2003        0.00
     7     3  2003        0.00
     8     3  2003        0.39
     9     3  2003        0.00
    10     3  2003        0.00
    11     3  2003        0.00
    12     3  2003        0.00
    13     3  2003        0.00
    14     3  2003        0.00
    15     3  2003        0.00
    16     3  2003        0.00
    17     3  2003        0.59
    18     3  2003        1.77
    19     3  2003        1.97
    20     3  2003        0.00
    21     3  2003        0.00
    22     3  2003        0.00
    23     3  2003        0.00
    24     3  2003        0.00
    25     3  2003        0.00
    26     3  2003        0.00
    27     3  2003        0.00
    28     3  2003        0.00
    29     3  2003        0.79
    30     3  2003        2.95
    31     3  2003        0.39
     1     4  2003        2.36
     2     4  2003        6.69
     3     4  2003        3.34
     4     4  2003        0.40
     5     4  2003        0.00
     6     4  2003        0.00
     7     4  2003        0.00
     8     4  2003        0.00
     9     4  2003        0.00
    10     4  2003        0.00
    11     4  2003        0.00
    12     4  2003        0.00
    13     4  2003        0.00
    14     4  2003        0.00
    15     4  2003        0.00
    16     4  2003        0.00
    17     4  2003        0.00
    18     4  2003        0.00
    19     4  2003        0.00
    20     4  2003        0.00
    21     4  2003        2.56
    22     4  2003        0.00
    23     4  2003        0.62
    24     4  2003        0.00
    25     4  2003        0.79
    26     4  2003        0.42
    27     4  2003        0.00
    28     4  2003        0.00
    29     4  2003        0.00
    30     4  2003        0.00
     1     5  2003        0.00
     2     5  2003        3.54
     3     5  2003        0.00
     4     5  2003        0.40
     5     5  2003        0.00
     6     5  2003        0.00
     7     5  2003        0.20
     8     5  2003        0.00
     9     5  2003        0.00
    10     5  2003        0.00
    11     5  2003        0.00
    12     5  2003        0.00
    13     5  2003        0.00
    14     5  2003        0.00
    15     5  2003        0.00
    16     5  2003        0.00
    17     5  2003        0.00
    18     5  2003        0.59
    19     5  2003        0.00
    20     5  2003        0.00
    21     5  2003        2.75
    22     5  2003        0.20
    23     5  2003        0.00
    24     5  2003        0.00
    25     5  2003        0.00
    26     5  2003        0.79
    27     5  2003        0.00
    28     5  2003        0.20
    29     5  2003        0.00
    30     5  2003        0.00
    31     5  2003        0.40
     1     6  2003        0.00
     2     6  2003        0.99
     3     6  2003        0.00
     4     6  2003        0.00
     5     6  2003        0.00
     6     6  2003        0.00
     7     6  2003        0.00
     8     6  2003        0.00
     9     6  2003        0.20
    10     6  2003        0.00
    11     6  2003        0.20
    12     6  2003        0.00
    13     6  2003        0.00
    14     6  2003        0.20
    15     6  2003        0.00
    16     6  2003        0.00
    17     6  2003        0.39
    18     6  2003        0.40
    19     6  2003        0.82
    20     6  2003        2.76
    21     6  2003        0.40
    22     6  2003        0.00
    23     6  2003        0.00
    24     6  2003        0.00
    25     6  2003        0.00
    26     6  2003        0.00
    27     6  2003        0.00
    28     6  2003        0.00
    29     6  2003        0.00
    30     6  2003        0.00
     1     7  2003        0.20
     2     7  2003        1.18
     3     7  2003        3.93
     4     7  2003        0.00
     5     7  2003        3.93
     6     7  2003        0.00
     7     7  2003        0.00
     8     7  2003        0.00
     9     7  2003        0.20
    10     7  2003        0.00
    11     7  2003        0.00
    12     7  2003        0.00
    13     7  2003        0.00
    14     7  2003        0.00
    15     7  2003        0.00
    16     7  2003        0.00
    17     7  2003        0.00
    18     7  2003        0.00
    19     7  2003        0.00
    20     7  2003        0.00
    21     7  2003        0.00
    22     7  2003        0.00
    23     7  2003        0.00
    24     7  2003        0.00
    25     7  2003        0.00
    26     7  2003        0.00
    27     7  2003        1.37
    28     7  2003        1.19
    29     7  2003        0.99
    30     7  2003        0.00
    31     7  2003        0.59
     1     8  2003        0.00
     2     8  2003        0.00
     3     8  2003        0.00
     4     8  2003        0.20
     5     8  2003        0.00
     6     8  2003        0.00
     7     8  2003        0.00
     8     8  2003        0.00
     9     8  2003        0.00
    10     8  2003        0.98
    11     8  2003        0.00
    12     8  2003        0.79
    13     8  2003        0.00
    14     8  2003        0.00
    15     8  2003        0.00
    16     8  2003        0.00
    17     8  2003        0.00
    18     8  2003        0.00
    19     8  2003        0.00
    20     8  2003        0.00
    21     8  2003        0.00
    22     8  2003        0.00
    23     8  2003        0.00
    24     8  2003        0.00
    25     8  2003        0.00
    26     8  2003        0.39
    27     8  2003        0.20
    28     8  2003        0.00
    29     8  2003        0.00
    30     8  2003        0.00
    31     8  2003        0.00
     1     9  2003        0.00
     2     9  2003        0.00
     3     9  2003        0.00
     4     9  2003        0.00
     5     9  2003        0.00
     6     9  2003        0.00
     7     9  2003        0.00
     8     9  2003        0.00
     9     9  2003        0.00
    10     9  2003        0.00
    11     9  2003        0.00
    12     9  2003        0.00
    13     9  2003        0.00
    14     9  2003        0.00
    15     9  2003        0.00
    16     9  2003        0.00
    17     9  2003        0.00
    18     9  2003        0.00
    19     9  2003        0.00
    20     9  2003        0.00
    21     9  2003        0.00
    22     9  2003        0.00
    23     9  2003        0.00
    24     9  2003        0.00
    25     9  2003        0.00
    26     9  2003        0.00
    27     9  2003        0.00
    28     9  2003        0.00
    29     9  2003        0.20
    30     9  2003        1.58
     1    10  2003        0.98
     2    10  2003        0.40
     3    10  2003        0.00
     4    10  2003        0.00
     5    10  2003        0.00
     6    10  2003        0.00
     7    10  2003        0.00
     8    10  2003        0.20
     9    10  2003        0.40
    10    10  2003        0.20
    11    10  2003        0.82
    12    10  2003        0.99
    13    10  2003        1.80
    14    10  2003        1.19
    15    10  2003        0.20
    16    10  2003        3.34
    17    10  2003        0.20
    18    10  2003        0.00
    19    10  2003        0.00
    20    10  2003        0.00
    21    10  2003        0.20
    22    10  2003        0.99
    23    10  2003        0.00
    24    10  2003        0.00
    25    10  2003        0.00
    26    10  2003        0.00
    27    10  2003        0.00
    28    10  2003        0.00
    29    10  2003        0.00
    30    10  2003        0.00
    31    10  2003        0.00
     1    11  2003        0.00
     2    11  2003        0.00
     3    11  2003        0.00
     4    11  2003        0.00
     5    11  2003        0.00
     6    11  2003        0.00
     7    11  2003        0.00
     8    11  2003        0.20
     9    11  2003        0.00
    10    11  2003        0.00
    11    11  2003        0.00
    12    11  2003        0.00
    13    11  2003        0.00
    14    11  2003        0.20
    15    11  2003        0.00
    16    11  2003        0.00
    17    11  2003        0.00
    18    11  2003        0.00
    19    11  2003        0.00
    20    11  2003        0.00
    21    11  2003        0.00
    22    11  2003        0.00
    23    11  2003        0.00
    24    11  2003        0.00
    25    11  2003        0.00
    26    11  2003        0.00
    27    11  2003        0.00
    28    11  2003        0.00
    29    11  2003        0.00
    30    11  2003        0.00
     1    12  2003        0.00
     2    12  2003        0.00
     3    12  2003        0.00
     4    12  2003        0.00
     5    12  2003        0.00
     6    12  2003        0.00
     7    12  2003        0.00
     8    12  2003        0.00
     9    12  2003        0.00
    10    12  2003        0.00
    11    12  2003        0.00
    12    12  2003        0.00
    13    12  2003        0.00
    14    12  2003        0.00
    15    12  2003        0.00
    16    12  2003        0.00
    17    12  2003        0.00
    18    12  2003        0.00
    19    12  2003        0.00
    20    12  2003        0.00
    21    12  2003        0.00
    22    12  2003        7.49
    23    12  2003        0.20
    24    12  2003        1.77
    25    12  2003        0.20
    26    12  2003        0.00
    27    12  2003        0.00
    28    12  2003        0.00
    29    12  2003        0.00
    30    12  2003        0.00
    31    12  2003        0.00
     1     1  2004        0.00
     2     1  2004        0.00
     3     1  2004        0.00
     4     1  2004        0.20
     5     1  2004        0.00
     6     1  2004        0.00
     7     1  2004        0.00
     8     1  2004        0.00
     9     1  2004        0.00
    10     1  2004        0.00
    11     1  2004        0.00
    12     1  2004        0.00
    13     1  2004        0.00
    14     1  2004        0.00
    15     1  2004        0.00
    16     1  2004        0.00
    17     1  2004        0.20
    18     1  2004        0.00
    19     1  2004        0.00
    20     1  2004        0.00
    21     1  2004        0.00
    22     1  2004        0.00
    23     1  2004        0.00
    24     1  2004        0.00
    25     1  2004        0.00
    26     1  2004        0.00
    27     1  2004        0.00
    28     1  2004        0.00
    29     1  2004        0.00
    30     1  2004        0.00
    31     1  2004        0.00
     1     2  2004        0.00
     2     2  2004        0.00
     3     2  2004        0.00
     4     2  2004        0.00
     5     2  2004        0.00
     6     2  2004        0.00
     7     2  2004        0.00
     8     2  2004        0.20
     9     2  2004        0.00
    10     2  2004        0.00
    11     2  2004        0.00
    12     2  2004        0.00
    13     2  2004        0.42
    14     2  2004        0.00
    15     2  2004        0.20
    16     2  2004        0.00
    17     2  2004        0.00
    18     2  2004        0.00
    19     2  2004        0.00
    20     2  2004        0.00
    21     2  2004        0.00
    22     2  2004        0.00
    23     2  2004        0.00
    24     2  2004        0.00
    25     2  2004        0.00
    26     2  2004        0.00
    27     2  2004        0.00
    28     2  2004        0.00
    29     2  2004        0.00
     1     3  2004        0.00
     2     3  2004        0.00
     3     3  2004        0.00
     4     3  2004        0.00
     5     3  2004        0.40
     6     3  2004        1.18
     7     3  2004        0.00
     8     3  2004        0.20
     9     3  2004        0.00
    10     3  2004        0.00
    11     3  2004        0.00
    12     3  2004        0.00
    13     3  2004        0.00
    14     3  2004        0.00
    15     3  2004        0.20
    16     3  2004        0.00
    17     3  2004        0.00
    18     3  2004        0.00
    19     3  2004        0.00
    20     3  2004        0.00
    21     3  2004        0.00
    22     3  2004        0.00
    23     3  2004        0.00
    24     3  2004        0.00
    25     3  2004        0.00
    26     3  2004        0.20
    27     3  2004        0.20
    28     3  2004        0.00
    29     3  2004        0.00
    30     3  2004        0.20
    31     3  2004        0.00
     1     4  2004        0.00
     2     4  2004        0.00
     3     4  2004        0.20
     4     4  2004        0.00
     5     4  2004        0.00
     6     4  2004        0.20
     7     4  2004        0.00
     8     4  2004        0.00
     9     4  2004        0.00
    10     4  2004        0.00
    11     4  2004        0.00
    12     4  2004        0.00
    13     4  2004        0.00
    14     4  2004        0.00
    15     4  2004        0.59
    16     4  2004        0.00
    17     4  2004        0.00
    18     4  2004        0.40
    19     4  2004        0.00
    20     4  2004        0.20
    21     4  2004        0.20
    22     4  2004        0.00
    23     4  2004        0.20
    24     4  2004        0.00
    25     4  2004        0.39
    26     4  2004        0.00
    27     4  2004        0.20
    28     4  2004        0.59
    29     4  2004        0.20
    30     4  2004        0.20
     1     5  2004        0.00
     2     5  2004        0.00
     3     5  2004        0.00
     4     5  2004        0.00
     5     5  2004        0.00
     6     5  2004        0.39
     7     5  2004        5.51
     8     5  2004        0.00
     9     5  2004        0.20
    10     5  2004        0.00
    11     5  2004        0.00
    12     5  2004        0.20
    13     5  2004        0.20
    14     5  2004        0.42
    15     5  2004        0.20
    16     5  2004        0.00
    17     5  2004        0.00
    18     5  2004        0.20
    19     5  2004        0.00
    20     5  2004        0.00
    21     5  2004        0.00
    22     5  2004        0.00
    23     5  2004        0.00
    24     5  2004        0.00
    25     5  2004        0.00
    26     5  2004        0.00
    27     5  2004        0.00
    28     5  2004        0.00
    29     5  2004        0.00
    30     5  2004        0.00
    31     5  2004        0.00
     1     6  2004        0.00
     2     6  2004        0.00
     3     6  2004        0.00
     4     6  2004        0.20
     5     6  2004        6.48
     6     6  2004        0.99
     7     6  2004        0.00
     8     6  2004        0.20
     9     6  2004        1.21
    10     6  2004        0.40
    11     6  2004        1.59
    12     6  2004        0.59
    13     6  2004        0.20
    14     6  2004        0.00
    15     6  2004        0.00
    16     6  2004        0.00
    17     6  2004        0.00
    18     6  2004        0.00
    19     6  2004        0.20
    20     6  2004        0.00
    21     6  2004        0.00
    22     6  2004        0.00
    23     6  2004        0.20
    24     6  2004        0.00
    25     6  2004        1.38
    26     6  2004        0.00
    27     6  2004        0.20
    28     6  2004        0.98
    29     6  2004        0.00
    30     6  2004        0.00
     1     7  2004        0.20
     2     7  2004        0.00
     3     7  2004        0.00
     4     7  2004        0.00
     5     7  2004        0.00
     6     7  2004        0.40
     7     7  2004        0.00
     8     7  2004        0.00
     9     7  2004        0.00
    10     7  2004        0.00
    11     7  2004        0.00
    12     7  2004        0.00
    13     7  2004        0.39
    14     7  2004        0.00
    15     7  2004        0.00
    16     7  2004        0.98
    17     7  2004        0.00
    18     7  2004        0.00
    19     7  2004        0.00
    20     7  2004        0.00
    21     7  2004        0.00
    22     7  2004        0.00
    23     7  2004        0.00
    24     7  2004        0.00
    25     7  2004        0.00
    26     7  2004        0.00
    27     7  2004        0.00
    28     7  2004        0.00
    29     7  2004        0.00
    30     7  2004        0.00
    31     7  2004        0.00
     1     8  2004        0.00
     2     8  2004        0.20
     3     8  2004        0.00
     4     8  2004        1.57
     5     8  2004        0.20
     6     8  2004        8.50
     7     8  2004       14.95
     8     8  2004        8.24
     9     8  2004        5.50
    10     8  2004        6.29
    11     8  2004        1.02
    12     8  2004        0.20
    13     8  2004        0.00
    14     8  2004        0.00
    15     8  2004        0.00
    16     8  2004        0.00
    17     8  2004        0.39
    18     8  2004        0.42
    19     8  2004        0.00
    20     8  2004        0.00
    21     8  2004        1.80
    22     8  2004        2.58
    23     8  2004        0.40
    24     8  2004        0.00
    25     8  2004        0.00
    26     8  2004        0.00
    27     8  2004        0.20
    28     8  2004        0.00
    29     8  2004        0.79
    30     8  2004        0.00
    31     8  2004        0.00
     1     9  2004        0.00
     2     9  2004        0.00
     3     9  2004        0.42
     4     9  2004        4.33
     5     9  2004        0.00
     6     9  2004        0.00
     7     9  2004        0.42
     8     9  2004        0.00
     9     9  2004        0.00
    10     9  2004        1.58
    11     9  2004        0.00
    12     9  2004        0.40
    13     9  2004        0.00
    14     9  2004        0.00
    15     9  2004        0.20
    16     9  2004        0.00
    17     9  2004        0.00
    18     9  2004        0.00
    19     9  2004        0.00
    20     9  2004        0.40
    21     9  2004        0.00
    22     9  2004        0.00
    23     9  2004        0.00
    24     9  2004        0.00
    25     9  2004        0.00
    26     9  2004        0.00
    27     9  2004        0.00
    28     9  2004        0.00
    29     9  2004        0.00
    30     9  2004        0.00
     1    10  2004        0.00
     2    10  2004        0.00
     3    10  2004        0.00
     4    10  2004        0.40
     5    10  2004        0.00
     6    10  2004        0.20
     7    10  2004        0.00
     8    10  2004        0.59
     9    10  2004        0.20
    10    10  2004        0.79
    11    10  2004        0.99
    12    10  2004        0.00
    13    10  2004        0.39
    14    10  2004        0.20
    15    10  2004        0.00
    16    10  2004        0.00
    17    10  2004        0.00
    18    10  2004        0.39
    19    10  2004        0.00
    20    10  2004        0.00
    21    10  2004        0.00
    22    10  2004        0.00
    23    10  2004        0.00
    24    10  2004        0.00
    25    10  2004        0.20
    26    10  2004        0.00
    27    10  2004        0.00
    28    10  2004        0.79
    29    10  2004        0.00
    30    10  2004        0.39
    31    10  2004        1.18
     1    11  2004        0.40
     2    11  2004        0.00
     3    11  2004        0.59
     4    11  2004        0.59
     5    11  2004        0.20
     6    11  2004        0.00
     7    11  2004        0.00
     8    11  2004        0.00
     9    11  2004        0.40
    10    11  2004        0.60
    11    11  2004        0.20
    12    11  2004        0.00
    13    11  2004        0.00
    14    11  2004        0.20
    15    11  2004        3.14
    16    11  2004        6.09
    17    11  2004        2.98
    18    11  2004        0.60
    19    11  2004        4.36
    20    11  2004        7.49
    21    11  2004        4.33
    22    11  2004        6.29
    23    11  2004        2.36
    24    11  2004        0.20
    25    11  2004        0.20
    26    11  2004        0.20
    27    11  2004        1.97
    28    11  2004        1.02
    29    11  2004        0.60
    30    11  2004        0.59
     1    12  2004        4.72
     2    12  2004        0.39
     3    12  2004        0.00
     4    12  2004        0.81
     5    12  2004        0.00
     6    12  2004        0.00
     7    12  2004        0.40
     8    12  2004        0.00
     9    12  2004        0.00
    10    12  2004        0.00
    11    12  2004        0.20
    12    12  2004        0.79
    13    12  2004        0.00
    14    12  2004        0.98
    15    12  2004        0.39
    16    12  2004        0.98
    17    12  2004        0.40
    18    12  2004        0.20
    19    12  2004        2.96
    20    12  2004        1.97
    21    12  2004        3.73
    22    12  2004        2.36
    23    12  2004        0.20
    24    12  2004        0.00
    25    12  2004        2.56
    26    12  2004        0.00
    27    12  2004        3.93
    28    12  2004        0.00
    29    12  2004        1.57
    30    12  2004        0.79
    31    12  2004        0.42
     1     1  2005        0.00
     2     1  2005        0.00
     3     1  2005        0.00
     4     1  2005        0.00
     5     1  2005        0.20
     6     1  2005        2.75
     7     1  2005        0.20
     8     1  2005        0.00
     9     1  2005        0.00
    10     1  2005        0.79
    11     1  2005        0.20
    12     1  2005        2.75
    13     1  2005        0.20
    14     1  2005        0.00
    15     1  2005        0.00
    16     1  2005        0.00
    17     1  2005        3.37
    18     1  2005        0.00
    19     1  2005        0.00
    20     1  2005        0.20
    21     1  2005        0.00
    22     1  2005        0.00
    23     1  2005        0.00
    24     1  2005        0.00
    25     1  2005        0.00
    26     1  2005        0.00
    27     1  2005        0.00
    28     1  2005        0.20
    29     1  2005        0.00
    30     1  2005        0.20
    31     1  2005        0.00
     1     2  2005        0.00
     2     2  2005        1.21
     3     2  2005        0.00
     4     2  2005        0.99
     5     2  2005        0.62
     6     2  2005        0.39
     7     2  2005        0.80
     8     2  2005        0.59
     9     2  2005        0.00
    10     2  2005        0.99
    11     2  2005        1.97
    12     2  2005        0.40
    13     2  2005        2.36
    14     2  2005        3.14
    15     2  2005        1.18
    16     2  2005        2.39
    17     2  2005        0.00
    18     2  2005        0.00
    19     2  2005        0.20
    20     2  2005        0.00
    21     2  2005        2.56
    22     2  2005        1.01
    23     2  2005        0.79
    24     2  2005        3.54
    25     2  2005        1.57
    26     2  2005        5.32
    27     2  2005        0.60
    28     2  2005        0.42
     1     3  2005        0.20
     2     3  2005        0.00
     3     3  2005        0.20
     4     3  2005        0.00
     5     3  2005        0.20
     6     3  2005        0.00
     7     3  2005        0.00
     8     3  2005        1.38
     9     3  2005        3.15
    10     3  2005        0.00
    11     3  2005        0.40
    12     3  2005        4.52
    13     3  2005       28.97
    14     3  2005        0.62
    15     3  2005        0.20
    16     3  2005        0.00
    17     3  2005        0.00
    18     3  2005        0.00
    19     3  2005        0.00
    20     3  2005        0.00
    21     3  2005        0.20
    22     3  2005        0.00
    23     3  2005        0.20
    24     3  2005        0.40
    25     3  2005        0.00
    26     3  2005        0.00
    27     3  2005        0.39
    28     3  2005        0.00
    29     3  2005        0.00
    30     3  2005        1.57
    31     3  2005        0.99
     1     4  2005        0.82
     2     4  2005        0.20
     3     4  2005        0.98
     4     4  2005        2.59
     5     4  2005        1.18
     6     4  2005        0.20
     7     4  2005        0.40
     8     4  2005        1.01
     9     4  2005        0.62
    10     4  2005        0.00
    11     4  2005        0.39
    12     4  2005        0.20
    13     4  2005        0.00
    14     4  2005        0.00
    15     4  2005        1.18
    16     4  2005        0.59
    17     4  2005        0.20
    18     4  2005        0.00
    19     4  2005        0.00
    20     4  2005        0.00
    21     4  2005        0.00
    22     4  2005        0.00
    23     4  2005        0.00
    24     4  2005        0.00
    25     4  2005        0.00
    26     4  2005        0.00
    27     4  2005        0.00
    28     4  2005        0.00
    29     4  2005        0.00
    30     4  2005        0.00
     1     5  2005        0.00
     2     5  2005        0.00
     3     5  2005        0.00
     4     5  2005        0.59
     5     5  2005        0.00
     6     5  2005        0.00
     7     5  2005        0.00
     8     5  2005        0.00
     9     5  2005        0.00
    10     5  2005        0.00
    11     5  2005        0.00
    12     5  2005        0.00
    13     5  2005        4.12
    14     5  2005        0.00
    15     5  2005        0.00
    16     5  2005        0.00
    17     5  2005        0.00
    18     5  2005        0.40
    19     5  2005        1.01
    20     5  2005        0.00
    21     5  2005        0.00
    22     5  2005        0.00
    23     5  2005        0.00
    24     5  2005        0.00
    25     5  2005        0.00
    26     5  2005        0.00
    27     5  2005        0.00
    28     5  2005        0.00
    29     5  2005        0.00
    30     5  2005        0.00
    31     5  2005        0.40
     1     6  2005        0.00
     2     6  2005        0.00
     3     6  2005        0.00
     4     6  2005        0.00
     5     6  2005        0.00
     6     6  2005        0.00
     7     6  2005        0.00
     8     6  2005        0.00
     9     6  2005        1.19
    10     6  2005        1.58
    11     6  2005        5.10
    12     6  2005        2.38
    13     6  2005        0.62
    14     6  2005        0.00
    15     6  2005        0.00
    16     6  2005        0.00
    17     6  2005        0.00
    18     6  2005        0.00
    19     6  2005        0.00
    20     6  2005        0.00
    21     6  2005        0.00
    22     6  2005        0.00
    23     6  2005        0.00
    24     6  2005        0.00
    25     6  2005        0.00
    26     6  2005        0.20
    27     6  2005        0.00
    28     6  2005        0.00
    29     6  2005        0.00
    30     6  2005        0.00
     1     7  2005        0.00
     2     7  2005        0.00
     3     7  2005        0.00
     4     7  2005        0.00
     5     7  2005        0.00
     6     7  2005        0.00
     7     7  2005        0.00
     8     7  2005        0.00
     9     7  2005        0.00
    10     7  2005        0.00
    11     7  2005        0.00
    12     7  2005        0.00
    13     7  2005        0.00
    14     7  2005        0.00
    15     7  2005        0.00
    16     7  2005        0.00
    17     7  2005        0.00
    18     7  2005        0.00
    19     7  2005        0.00
    20     7  2005        0.00
    21     7  2005        0.00
    22     7  2005        0.00
    23     7  2005        0.00
    24     7  2005        0.00
    25     7  2005        0.00
    26     7  2005        0.00
    27     7  2005        0.00
    28     7  2005        0.00
    29     7  2005        0.00
    30     7  2005        0.00
    31     7  2005        0.00
     1     8  2005        0.00
     2     8  2005        0.00
     3     8  2005        0.00
     4     8  2005        0.00
     5     8  2005        0.00
     6     8  2005        0.00
     7     8  2005        0.00
     8     8  2005        0.00
     9     8  2005        0.00
    10     8  2005        0.00
    11     8  2005        0.00
    12     8  2005        0.00
    13     8  2005        0.00
    14     8  2005        0.00
    15     8  2005        0.00
    16     8  2005        0.00
    17     8  2005        0.00
    18     8  2005        0.00
    19     8  2005        0.00
    20     8  2005        0.00
    21     8  2005        0.00
    22     8  2005        0.00
    23     8  2005        0.00
    24     8  2005        0.00
    25     8  2005        0.00
    26     8  2005        0.00
    27     8  2005        0.00
    28     8  2005        0.00
    29     8  2005        0.00
    30     8  2005        0.00
    31     8  2005        0.00
     1     9  2005        0.00
     2     9  2005        0.20
     3     9  2005        0.00
     4     9  2005        0.00
     5     9  2005        0.00
     6     9  2005        0.00
     7     9  2005        0.00
     8     9  2005        0.00
     9     9  2005        0.00
    10     9  2005        0.00
    11     9  2005        0.00
    12     9  2005        0.00
    13     9  2005        0.00
    14     9  2005        0.00
    15     9  2005        0.20
    16     9  2005        0.00
    17     9  2005        0.00
    18     9  2005        0.00
    19     9  2005        0.00
    20     9  2005        0.00
    21     9  2005        0.00
    22     9  2005        0.00
    23     9  2005        0.00
    24     9  2005        0.00
    25     9  2005        0.00
    26     9  2005        0.00
    27     9  2005        0.00
    28     9  2005        0.20
    29     9  2005        2.18
    30     9  2005        4.13
     1    10  2005        0.59
     2    10  2005        0.59
     3    10  2005        0.20
     4    10  2005        0.00
     5    10  2005        0.00
     6    10  2005        0.00
     7    10  2005        0.00
     8    10  2005        0.00
     9    10  2005        0.20
    10    10  2005        0.00
    11    10  2005        0.00
    12    10  2005        0.00
    13    10  2005        0.00
    14    10  2005        0.00
    15    10  2005        0.00
    16    10  2005        0.00
    17    10  2005        0.00
    18    10  2005        0.00
    19    10  2005        0.00
    20    10  2005        0.00
    21    10  2005        1.18
    22    10  2005        0.00
    23    10  2005        0.00
    24    10  2005        0.00
    25    10  2005        0.00
    26    10  2005        0.00
    27    10  2005        0.00
    28    10  2005        0.00
    29    10  2005        0.00
    30    10  2005        0.00
    31    10  2005        0.00
     1    11  2005        0.00
     2    11  2005        0.00
     3    11  2005        0.00
     4    11  2005        0.00
     5    11  2005        0.00
     6    11  2005        0.00
     7    11  2005        0.00
     8    11  2005        0.00
     9    11  2005        0.20
    10    11  2005        0.20
    11    11  2005        0.00
    12    11  2005        0.20
    13    11  2005        0.00
    14    11  2005        0.00
    15    11  2005        0.00
    16    11  2005        0.00
    17    11  2005        0.00
    18    11  2005        0.00
    19    11  2005        0.00
    20    11  2005        0.00
    21    11  2005        0.00
    22    11  2005        0.20
    23    11  2005        0.00
    24    11  2005        0.20
    25    11  2005        0.00
    26    11  2005        0.00
    27    11  2005        0.00
    28    11  2005        0.00
    29    11  2005        0.00
    30    11  2005        0.00
     1    12  2005        0.00
     2    12  2005        0.00
     3    12  2005        0.40
     4    12  2005        3.55
     5    12  2005        0.40
     6    12  2005        0.42
     7    12  2005        0.00
     8    12  2005        0.00
     9    12  2005        0.00
    10    12  2005        0.00
    11    12  2005        0.00
    12    12  2005        0.00
    13    12  2005        0.00
    14    12  2005        0.00
    15    12  2005        0.59
    16    12  2005        0.00
    17    12  2005        0.20
    18    12  2005        0.00
    19    12  2005        0.00
    20    12  2005        0.40
    21    12  2005        0.59
    22    12  2005        1.18
    23    12  2005        0.20
    24    12  2005        0.00
    25    12  2005        0.00
    26    12  2005        0.00
    27    12  2005        0.00
    28    12  2005        0.79
    29    12  2005        0.20
    30    12  2005        0.40
    31    12  2005        0.98
     1     1  2006        0.40
     2     1  2006        3.94
     3     1  2006        1.77
     4     1  2006        1.97
     5     1  2006        0.59
     6     1  2006        0.00
     7     1  2006        0.00
     8     1  2006        0.00
     9     1  2006        0.00
    10     1  2006        0.00
    11     1  2006        0.00
    12     1  2006        0.39
    13     1  2006        0.60
    14     1  2006        0.00
    15     1  2006        0.00
    16     1  2006        0.40
    17     1  2006       12.09
    18     1  2006        0.00
    19     1  2006        0.59
    20     1  2006        1.02
    21     1  2006        0.40
    22     1  2006        3.73
    23     1  2006        0.59
    24     1  2006        0.00
    25     1  2006        0.00
    26     1  2006        0.20
    27     1  2006        0.00
    28     1  2006        0.00
    29     1  2006        0.00
    30     1  2006        0.00
    31     1  2006        0.00
     1     2  2006        0.00
     2     2  2006        0.00
     3     2  2006        0.00
     4     2  2006        0.00
     5     2  2006        0.00
     6     2  2006        0.00
     7     2  2006        0.00
     8     2  2006        0.00
     9     2  2006        0.00
    10     2  2006        0.00
    11     2  2006        0.00
    12     2  2006        0.20
    13     2  2006        0.00
    14     2  2006        0.00
    15     2  2006        0.00
    16     2  2006        0.00
    17     2  2006        0.00
    18     2  2006        0.00
    19     2  2006        0.00
    20     2  2006        0.00
    21     2  2006        0.00
    22     2  2006        0.20
    23     2  2006        0.00
    24     2  2006        0.00
    25     2  2006        0.00
    26     2  2006        0.00
    27     2  2006        0.20
    28     2  2006        0.59
     1     3  2006        0.00
     2     3  2006        0.00
     3     3  2006        0.00
     4     3  2006        0.00
     5     3  2006        0.00
     6     3  2006        0.00
     7     3  2006        0.00
     8     3  2006        0.00
     9     3  2006        0.80
    10     3  2006        0.62
    11     3  2006        0.00
    12     3  2006        1.42
    13     3  2006        0.99
    14     3  2006        2.36
    15     3  2006        0.79
    16     3  2006        1.21
    17     3  2006        2.96
    18     3  2006        0.00
    19     3  2006        0.00
    20     3  2006        0.20
    21     3  2006        0.00
    22     3  2006        0.00
    23     3  2006        0.00
    24     3  2006        0.00
    25     3  2006        0.00
    26     3  2006        0.00
    27     3  2006        0.00
    28     3  2006        0.00
    29     3  2006        0.00
    30     3  2006        0.00
    31     3  2006        0.00
     1     4  2006        0.00
     2     4  2006        0.00
     3     4  2006        0.00
     4     4  2006        0.00
     5     4  2006        0.00
     6     4  2006        0.00
     7     4  2006        0.00
     8     4  2006        0.00
     9     4  2006        0.00
    10     4  2006        0.00
    11     4  2006        0.00
    12     4  2006        0.00
    13     4  2006        0.00
    14     4  2006        0.00
    15     4  2006        0.20
    16     4  2006        0.20
    17     4  2006        0.00
    18     4  2006        0.00
    19     4  2006        0.00
    20     4  2006        0.00
    21     4  2006        0.00
    22     4  2006        0.00
    23     4  2006        0.42
    24     4  2006        0.00
    25     4  2006        0.00
    26     4  2006        0.20
    27     4  2006        2.37
    28     4  2006        0.00
    29     4  2006        0.00
    30     4  2006        0.00
     1     5  2006        0.00
     2     5  2006        0.00
     3     5  2006        0.00
     4     5  2006        0.00
     5     5  2006        0.20
     6     5  2006        0.00
     7     5  2006        0.40
     8     5  2006        0.00
     9     5  2006        0.00
    10     5  2006        0.00
    11     5  2006        0.00
    12     5  2006        0.00
    13     5  2006        0.20
    14     5  2006        0.42
    15     5  2006        0.00
    16     5  2006        0.00
    17     5  2006        0.00
    18     5  2006        0.20
    19     5  2006        0.00
    20     5  2006        0.00
    21     5  2006        0.00
    22     5  2006        0.00
    23     5  2006        0.00
    24     5  2006        0.20
    25     5  2006        1.02
    26     5  2006        0.00
    27     5  2006        0.00
    28     5  2006        0.00
    29     5  2006        1.40
    30     5  2006        0.40
    31     5  2006        0.00
     1     6  2006        0.00
     2     6  2006        0.79
     3     6  2006        0.62
     4     6  2006        0.00
     5     6  2006        0.00
     6     6  2006        1.39
     7     6  2006        0.00
     8     6  2006        5.11
     9     6  2006        1.38
    10     6  2006        0.39
    11     6  2006        1.19
    12     6  2006        0.00
    13     6  2006        0.00
    14     6  2006        0.00
    15     6  2006        0.40
    16     6  2006        2.00
    17     6  2006        0.79
    18     6  2006        0.42
    19     6  2006        0.78
    20     6  2006        1.01
    21     6  2006        0.00
    22     6  2006        0.00
    23     6  2006        0.20
    24     6  2006        0.20
    25     6  2006        0.00
    26     6  2006        0.00
    27     6  2006        0.79
    28     6  2006        2.39
    29     6  2006        0.20
    30     6  2006        3.14
     1     7  2006        0.79
     2     7  2006        0.00
     3     7  2006        0.00
     4     7  2006        0.00
     5     7  2006        0.00
     6     7  2006        0.00
     7     7  2006        4.38
     8     7  2006        0.00
     9     7  2006        0.00
    10     7  2006        2.17
    11     7  2006        0.00
    12     7  2006        0.20
    13     7  2006        0.00
    14     7  2006        0.00
    15     7  2006        0.42
    16     7  2006        0.00
    17     7  2006        1.97
    18     7  2006        0.20
    19     7  2006        0.00
    20     7  2006        0.00
    21     7  2006        0.20
    22     7  2006        0.00
    23     7  2006        0.00
    24     7  2006        0.00
    25     7  2006        0.00
    26     7  2006        0.20
    27     7  2006        0.00
    28     7  2006        0.00
    29     7  2006        0.00
    30     7  2006        0.00
    31     7  2006        0.00
     1     8  2006        0.00
     2     8  2006        0.00
     3     8  2006        0.00
     4     8  2006        0.00
     5     8  2006        0.00
     6     8  2006        0.00
     7     8  2006        0.00
     8     8  2006        0.00
     9     8  2006        0.00
    10     8  2006        0.00
    11     8  2006        0.20
    12     8  2006        0.00
    13     8  2006        0.00
    14     8  2006        0.00
    15     8  2006        0.00
    16     8  2006        0.00
    17     8  2006        0.00
    18     8  2006       57.95
    19     8  2006       -1.00
    20     8  2006       -1.00
    21     8  2006       -1.00
    22     8  2006       -1.00
    23     8  2006       -1.00
    24     8  2006       -1.00
    25     8  2006       -1.00
    26     8  2006       -1.00
    27     8  2006       -1.00
    28     8  2006       -1.00
    29     8  2006       -1.00
    30     8  2006       -1.00
    31     8  2006       -1.00
     1     9  2006       -1.00
     2     9  2006       -1.00
     3     9  2006       -1.00
     4     9  2006       -1.00
     5     9  2006       -1.00
     6     9  2006       -1.00
     7     9  2006       -1.00
     8     9  2006       -1.00
     9     9  2006       -1.00
    10     9  2006       -1.00
    11     9  2006       -1.00
    12     9  2006       -1.00
    13     9  2006       -1.00
    14     9  2006       -1.00
    15     9  2006       -1.00
    16     9  2006       -1.00
    17     9  2006       -1.00
    18     9  2006       -1.00
    19     9  2006       -1.00
    20     9  2006       -1.00
    21     9  2006       -1.00
    22     9  2006       -1.00
    23     9  2006       -1.00
    24     9  2006       -1.00
    25     9  2006       -1.00
    26     9  2006       -1.00
    27     9  2006       -1.00
    28     9  2006       -1.00
    29     9  2006       -1.00
    30     9  2006       -1.00
     1    10  2006       -1.00
     2    10  2006       -1.00
     3    10  2006       -1.00
     4    10  2006       -1.00
     5    10  2006       -1.00
     6    10  2006       -1.00
     7    10  2006       -1.00
     8    10  2006       -1.00
     9    10  2006       -1.00
    10    10  2006       -1.00
    11    10  2006       -1.00
    12    10  2006       -1.00
    13    10  2006       -1.00
    14    10  2006       -1.00
    15    10  2006       -1.00
    16    10  2006       -1.00
    17    10  2006       -1.00
    18    10  2006       -1.00
    19    10  2006       -1.00
    20    10  2006       -1.00
    21    10  2006       -1.00
    22    10  2006       -1.00
    23    10  2006       -1.00
    24    10  2006       -1.00
    25    10  2006       -1.00
    26    10  2006       -1.00
    27    10  2006       -1.00
    28    10  2006       -1.00
    29    10  2006       -1.00
    30    10  2006       -1.00
    31    10  2006       -1.00
     1    11  2006       -1.00
     2    11  2006       -1.00
     3    11  2006       -1.00
     4    11  2006       -1.00
     5    11  2006       -1.00
     6    11  2006       -1.00
     7    11  2006       -1.00
     8    11  2006       -1.00
     9    11  2006       -1.00
    10    11  2006       -1.00
    11    11  2006       -1.00
    12    11  2006       -1.00
    13    11  2006       -1.00
    14    11  2006       -1.00
    15    11  2006       -1.00
    16    11  2006       -1.00
    17    11  2006       -1.00
    18    11  2006       -1.00
    19    11  2006       -1.00
    20    11  2006       -1.00
    21    11  2006       -1.00
    22    11  2006       -1.00
    23    11  2006       -1.00
    24    11  2006       -1.00
    25    11  2006       -1.00
    26    11  2006       -1.00
    27    11  2006       -1.00
    28    11  2006       -1.00
    29    11  2006       -1.00
    30    11  2006       -1.00
     1    12  2006       -1.00
     2    12  2006       -1.00
     3    12  2006       -1.00
     4    12  2006       -1.00
     5    12  2006       -1.00
     6    12  2006       -1.00
     7    12  2006       -1.00
     8    12  2006       -1.00
     9    12  2006       -1.00
    10    12  2006       -1.00
    11    12  2006       -1.00
    12    12  2006       -1.00
    13    12  2006       -1.00
    14    12  2006       -1.00
    15    12  2006       -1.00
    16    12  2006       -1.00
    17    12  2006       -1.00
    18    12  2006       -1.00
    19    12  2006       -1.00
    20    12  2006       -1.00
    21    12  2006       -1.00
    22    12  2006       -1.00
    23    12  2006       -1.00
    24    12  2006       -1.00
    25    12  2006       -1.00
    26    12  2006       -1.00
    27    12  2006       -1.00
    28    12  2006       -1.00
    29    12  2006       -1.00
    30    12  2006       -1.00
    31    12  2006       -1.00
     1     1  2007       -1.00
     2     1  2007       -1.00
     3     1  2007       -1.00
     4     1  2007       -1.00
     5     1  2007       -1.00
     6     1  2007       -1.00
     7     1  2007       -1.00
     8     1  2007       -1.00
     9     1  2007       -1.00
    10     1  2007       -1.00
    11     1  2007       -1.00
    12     1  2007       -1.00
    13     1  2007       -1.00
    14     1  2007       -1.00
    15     1  2007       -1.00
    16     1  2007       -1.00
    17     1  2007       -1.00
