     1     1  2001        0.00
     2     1  2001        0.00
     3     1  2001        0.00
     4     1  2001        0.00
     5     1  2001        0.00
     6     1  2001        0.00
     7     1  2001        0.00
     8     1  2001        0.00
     9     1  2001        0.00
    10     1  2001        0.00
    11     1  2001        0.00
    12     1  2001        0.00
    13     1  2001        0.00
    14     1  2001        0.00
    15     1  2001        0.00
    16     1  2001        0.00
    17     1  2001        0.00
    18     1  2001        0.00
    19     1  2001        0.00
    20     1  2001        0.00
    21     1  2001        0.00
    22     1  2001        0.00
    23     1  2001        0.00
    24     1  2001        0.00
    25     1  2001        0.00
    26     1  2001        0.00
    27     1  2001        0.00
    28     1  2001        0.00
    29     1  2001        0.00
    30     1  2001        0.00
    31     1  2001        0.00
     1     2  2001        0.00
     2     2  2001        0.00
     3     2  2001        0.00
     4     2  2001        0.00
     5     2  2001        0.00
     6     2  2001        0.00
     7     2  2001        0.00
     8     2  2001        0.00
     9     2  2001        0.00
    10     2  2001        0.00
    11     2  2001        0.00
    12     2  2001        0.00
    13     2  2001        0.00
    14     2  2001        0.00
    15     2  2001        0.00
    16     2  2001        0.00
    17     2  2001        0.00
    18     2  2001        0.00
    19     2  2001        0.00
    20     2  2001        0.00
    21     2  2001        0.00
    22     2  2001        0.00
    23     2  2001        0.00
    24     2  2001        2.55
    25     2  2001        0.99
    26     2  2001        0.00
    27     2  2001        0.00
    28     2  2001        0.00
     1     3  2001        0.00
     2     3  2001        0.20
     3     3  2001        0.00
     4     3  2001        0.00
     5     3  2001        0.00
     6     3  2001        0.00
     7     3  2001        0.00
     8     3  2001        0.39
     9     3  2001        5.30
    10     3  2001        0.20
    11     3  2001        0.40
    12     3  2001        0.00
    13     3  2001        0.00
    14     3  2001        0.39
    15     3  2001        0.00
    16     3  2001        0.00
    17     3  2001        0.00
    18     3  2001        1.97
    19     3  2001        0.20
    20     3  2001        0.20
    21     3  2001        0.00
    22     3  2001        0.00
    23     3  2001        0.00
    24     3  2001        0.40
    25     3  2001        0.00
    26     3  2001        0.00
    27     3  2001        0.00
    28     3  2001        0.00
    29     3  2001        0.00
    30     3  2001        0.20
    31     3  2001        0.00
     1     4  2001        0.00
     2     4  2001        0.00
     3     4  2001        0.00
     4     4  2001        0.00
     5     4  2001        0.00
     6     4  2001        0.00
     7     4  2001        0.20
     8     4  2001        0.00
     9     4  2001        0.00
    10     4  2001        0.00
    11     4  2001        0.00
    12     4  2001        0.00
    13     4  2001        0.00
    14     4  2001        0.00
    15     4  2001        0.00
    16     4  2001        0.00
    17     4  2001        0.00
    18     4  2001        0.00
    19     4  2001        0.00
    20     4  2001        0.00
    21     4  2001        0.00
    22     4  2001        0.00
    23     4  2001        0.00
    24     4  2001        0.00
    25     4  2001        0.00
    26     4  2001        0.00
    27     4  2001        0.00
    28     4  2001        0.00
    29     4  2001        0.00
    30     4  2001        0.00
     1     5  2001        0.00
     2     5  2001        0.00
     3     5  2001        0.00
     4     5  2001        0.00
     5     5  2001        0.00
     6     5  2001        0.00
     7     5  2001        0.00
     8     5  2001        0.00
     9     5  2001        0.00
    10     5  2001        0.00
    11     5  2001        0.00
    12     5  2001        0.00
    13     5  2001        0.00
    14     5  2001        0.00
    15     5  2001        0.00
    16     5  2001        0.00
    17     5  2001        0.00
    18     5  2001        0.00
    19     5  2001        0.00
    20     5  2001        0.00
    21     5  2001        0.00
    22     5  2001        0.00
    23     5  2001        0.00
    24     5  2001        0.00
    25     5  2001        0.00
    26     5  2001        0.00
    27     5  2001        0.00
    28     5  2001        0.00
    29     5  2001        0.00
    30     5  2001        0.00
    31     5  2001        0.00
     1     6  2001        0.00
     2     6  2001        1.19
     3     6  2001        0.00
     4     6  2001        0.00
     5     6  2001        0.00
     6     6  2001        0.00
     7     6  2001        0.00
     8     6  2001        0.00
     9     6  2001        0.00
    10     6  2001        0.00
    11     6  2001        0.00
    12     6  2001        0.00
    13     6  2001        0.00
    14     6  2001        0.00
    15     6  2001        0.00
    16     6  2001        0.00
    17     6  2001        0.00
    18     6  2001        0.00
    19     6  2001        0.00
    20     6  2001        0.00
    21     6  2001        0.00
    22     6  2001        0.00
    23     6  2001        0.00
    24     6  2001        0.00
    25     6  2001        0.00
    26     6  2001        0.00
    27     6  2001        0.00
    28     6  2001        0.00
    29     6  2001        0.00
    30     6  2001        0.00
     1     7  2001        0.00
     2     7  2001        0.00
     3     7  2001        0.00
     4     7  2001        0.00
     5     7  2001        0.00
     6     7  2001        0.00
     7     7  2001        0.00
     8     7  2001        0.00
     9     7  2001        0.00
    10     7  2001        0.00
    11     7  2001        0.00
    12     7  2001        0.00
    13     7  2001        0.00
    14     7  2001        1.97
    15     7  2001        1.57
    16     7  2001        0.20
    17     7  2001        0.00
    18     7  2001        0.00
    19     7  2001        0.00
    20     7  2001        0.00
    21     7  2001        0.00
    22     7  2001        0.00
    23     7  2001        0.79
    24     7  2001        0.00
    25     7  2001        0.00
    26     7  2001        0.00
    27     7  2001        0.00
    28     7  2001        0.00
    29     7  2001        0.00
    30     7  2001        0.00
    31     7  2001        0.00
     1     8  2001        0.00
     2     8  2001        0.00
     3     8  2001        0.00
     4     8  2001        0.00
     5     8  2001        0.00
     6     8  2001        0.20
     7     8  2001        0.00
     8     8  2001        0.00
     9     8  2001        0.20
    10     8  2001        0.00
    11     8  2001        2.36
    12     8  2001        7.68
    13     8  2001        0.20
    14     8  2001        0.00
    15     8  2001        0.00
    16     8  2001        0.98
    17     8  2001        0.00
    18     8  2001        0.00
    19     8  2001        0.00
    20     8  2001        0.00
    21     8  2001        0.00
    22     8  2001        0.00
    23     8  2001        0.00
    24     8  2001        0.00
    25     8  2001        0.00
    26     8  2001        0.00
    27     8  2001        0.00
    28     8  2001        0.00
    29     8  2001        0.00
    30     8  2001        0.00
    31     8  2001        0.00
     1     9  2001        0.00
     2     9  2001        0.00
     3     9  2001        0.00
     4     9  2001        0.00
     5     9  2001        0.20
     6     9  2001        0.00
     7     9  2001        0.00
     8     9  2001        0.00
     9     9  2001        0.00
    10     9  2001        0.00
    11     9  2001        0.00
    12     9  2001        0.00
    13     9  2001        0.00
    14     9  2001        0.00
    15     9  2001        0.00
    16     9  2001        0.00
    17     9  2001        0.00
    18     9  2001        0.00
    19     9  2001        0.00
    20     9  2001        0.00
    21     9  2001        0.00
    22     9  2001        0.00
    23     9  2001        0.00
    24     9  2001        0.00
    25     9  2001        0.00
    26     9  2001        0.00
    27     9  2001        0.00
    28     9  2001        0.00
    29     9  2001        0.00
    30     9  2001        0.00
     1    10  2001        0.00
     2    10  2001        0.00
     3    10  2001        0.00
     4    10  2001        0.00
     5    10  2001        0.00
     6    10  2001        0.00
     7    10  2001        0.00
     8    10  2001        0.00
     9    10  2001        0.00
    10    10  2001        0.00
    11    10  2001        0.00
    12    10  2001        0.00
    13    10  2001        0.00
    14    10  2001        0.00
    15    10  2001        0.00
    16    10  2001        0.00
    17    10  2001        0.00
    18    10  2001        0.00
    19    10  2001        0.00
    20    10  2001        0.00
    21    10  2001        0.00
    22    10  2001        0.00
    23    10  2001        0.00
    24    10  2001        0.00
    25    10  2001        0.00
    26    10  2001        0.00
    27    10  2001        0.00
    28    10  2001        0.00
    29    10  2001        0.00
    30    10  2001        0.00
    31    10  2001        0.00
     1    11  2001        0.00
     2    11  2001        0.00
     3    11  2001        0.00
     4    11  2001        1.97
     5    11  2001        0.20
     6    11  2001        0.00
     7    11  2001        0.00
     8    11  2001        0.00
     9    11  2001        0.00
    10    11  2001        0.00
    11    11  2001        4.72
    12    11  2001        0.00
    13    11  2001        0.00
    14    11  2001        0.00
    15    11  2001        0.00
    16    11  2001        0.79
    17    11  2001        0.00
    18    11  2001        0.20
    19    11  2001        0.00
    20    11  2001        0.00
    21    11  2001        0.00
    22    11  2001        0.00
    23    11  2001        0.00
    24    11  2001        0.00
    25    11  2001        0.00
    26    11  2001        0.00
    27    11  2001        0.00
    28    11  2001        0.00
    29    11  2001        0.00
    30    11  2001        0.00
     1    12  2001        0.00
     2    12  2001        0.00
     3    12  2001        0.00
     4    12  2001        0.00
     5    12  2001        0.00
     6    12  2001        0.00
     7    12  2001        0.00
     8    12  2001        0.00
     9    12  2001        0.00
    10    12  2001        0.00
    11    12  2001        0.00
    12    12  2001        1.18
    13    12  2001        0.20
    14    12  2001        0.00
    15    12  2001        0.00
    16    12  2001        0.00
    17    12  2001        0.00
    18    12  2001        0.00
    19    12  2001        0.00
    20    12  2001        0.00
    21    12  2001        0.00
    22    12  2001        0.00
    23    12  2001        0.00
    24    12  2001        0.00
    25    12  2001        0.00
    26    12  2001        0.00
    27    12  2001        0.00
    28    12  2001        0.00
    29    12  2001        0.00
    30    12  2001        0.00
    31    12  2001        0.00
     1     1  2002        0.00
     2     1  2002        0.00
     3     1  2002        0.00
     4     1  2002        0.00
     5     1  2002        0.00
     6     1  2002        0.00
     7     1  2002        0.00
     8     1  2002        0.00
     9     1  2002        0.00
    10     1  2002        0.00
    11     1  2002        0.00
    12     1  2002        0.00
    13     1  2002        0.00
    14     1  2002        0.00
    15     1  2002        0.00
    16     1  2002        0.00
    17     1  2002        0.00
    18     1  2002        0.00
    19     1  2002        0.00
    20     1  2002        0.00
    21     1  2002        0.00
    22     1  2002        0.00
    23     1  2002        0.00
    24     1  2002        0.00
    25     1  2002        0.00
    26     1  2002        0.00
    27     1  2002        0.00
    28     1  2002        0.00
    29     1  2002        0.00
    30     1  2002        0.00
    31     1  2002        0.00
     1     2  2002        0.00
     2     2  2002        0.00
     3     2  2002        0.00
     4     2  2002        0.00
     5     2  2002        0.00
     6     2  2002        0.00
     7     2  2002        0.00
     8     2  2002        0.00
     9     2  2002        0.00
    10     2  2002        0.00
    11     2  2002        0.00
    12     2  2002        0.00
    13     2  2002        0.00
    14     2  2002        0.79
    15     2  2002        0.00
    16     2  2002        0.00
    17     2  2002        0.20
    18     2  2002        7.29
    19     2  2002        0.99
    20     2  2002        0.60
    21     2  2002        0.20
    22     2  2002        0.00
    23     2  2002        0.00
    24     2  2002        0.00
    25     2  2002        0.00
    26     2  2002        0.00
    27     2  2002        0.00
    28     2  2002        0.00
     1     3  2002        0.00
     2     3  2002        0.00
     3     3  2002        0.00
     4     3  2002        0.00
     5     3  2002        0.00
     6     3  2002        0.00
     7     3  2002        0.00
     8     3  2002        0.00
     9     3  2002        0.00
    10     3  2002        0.00
    11     3  2002        0.40
    12     3  2002        0.00
    13     3  2002        0.00
    14     3  2002        0.00
    15     3  2002        0.00
    16     3  2002        0.59
    17     3  2002        0.00
    18     3  2002        0.00
    19     3  2002        0.79
    20     3  2002        0.20
    21     3  2002        0.00
    22     3  2002        0.00
    23     3  2002        0.00
    24     3  2002        0.00
    25     3  2002        0.00
    26     3  2002        0.00
    27     3  2002        0.00
    28     3  2002        0.00
    29     3  2002        0.00
    30     3  2002        0.00
    31     3  2002        0.00
     1     4  2002        0.00
     2     4  2002        0.00
     3     4  2002        1.77
     4     4  2002        0.00
     5     4  2002        0.00
     6     4  2002        0.00
     7     4  2002        0.00
     8     4  2002        0.00
     9     4  2002        0.00
    10     4  2002        0.00
    11     4  2002        0.00
    12     4  2002        0.00
    13     4  2002        0.00
    14     4  2002        0.00
    15     4  2002        0.00
    16     4  2002        0.00
    17     4  2002        0.00
    18     4  2002        0.00
    19     4  2002        0.00
    20     4  2002        0.00
    21     4  2002        0.00
    22     4  2002        0.00
    23     4  2002        0.00
    24     4  2002        0.00
    25     4  2002        0.00
    26     4  2002        0.00
    27     4  2002        0.00
    28     4  2002        0.00
    29     4  2002        0.00
    30     4  2002        0.00
     1     5  2002        3.35
     2     5  2002        0.00
     3     5  2002        0.00
     4     5  2002        0.00
     5     5  2002        0.00
     6     5  2002        2.17
     7     5  2002        0.00
     8     5  2002        0.00
     9     5  2002        0.00
    10     5  2002        0.00
    11     5  2002        2.76
    12     5  2002        0.00
    13     5  2002        0.00
    14     5  2002        0.00
    15     5  2002        0.00
    16     5  2002        0.00
    17     5  2002        0.00
    18     5  2002        0.00
    19     5  2002        0.00
    20     5  2002        0.00
    21     5  2002        0.00
    22     5  2002        0.00
    23     5  2002        0.20
    24     5  2002        0.00
    25     5  2002        0.00
    26     5  2002        0.99
    27     5  2002        0.00
    28     5  2002        0.00
    29     5  2002        0.00
    30     5  2002        0.40
    31     5  2002        9.54
     1     6  2002        0.00
     2     6  2002        2.75
     3     6  2002        0.00
     4     6  2002        0.00
     5     6  2002        0.00
     6     6  2002        1.18
     7     6  2002        8.47
     8     6  2002        0.00
     9     6  2002        0.00
    10     6  2002        0.00
    11     6  2002        6.96
    12     6  2002        0.20
    13     6  2002        0.20
    14     6  2002        0.00
    15     6  2002        5.91
    16     6  2002        8.88
    17     6  2002        0.00
    18     6  2002        6.69
    19     6  2002        1.38
    20     6  2002        0.39
    21     6  2002        1.18
    22     6  2002        0.39
    23     6  2002        0.00
    24     6  2002        0.39
    25     6  2002        0.00
    26     6  2002        0.00
    27     6  2002        0.00
    28     6  2002        0.00
    29     6  2002        0.00
    30     6  2002        0.00
     1     7  2002        0.00
     2     7  2002        0.00
     3     7  2002        0.00
     4     7  2002        0.00
     5     7  2002        0.00
     6     7  2002        0.00
     7     7  2002        0.00
     8     7  2002        0.00
     9     7  2002        0.00
    10     7  2002        0.00
    11     7  2002        0.00
    12     7  2002        2.36
    13     7  2002        0.00
    14     7  2002        0.00
    15     7  2002        0.59
    16     7  2002        0.00
    17     7  2002        0.00
    18     7  2002        6.71
    19     7  2002        0.00
    20     7  2002        0.00
    21     7  2002        0.00
    22     7  2002        0.00
    23     7  2002        0.00
    24     7  2002        0.00
    25     7  2002        0.00
    26     7  2002        0.00
    27     7  2002        0.00
    28     7  2002        0.00
    29     7  2002        0.00
    30     7  2002        0.00
    31     7  2002        0.00
     1     8  2002        0.00
     2     8  2002        0.00
     3     8  2002        0.00
     4     8  2002        0.00
     5     8  2002        0.00
     6     8  2002        0.00
     7     8  2002        0.00
     8     8  2002        0.00
     9     8  2002        0.00
    10     8  2002        0.00
    11     8  2002        0.00
    12     8  2002        0.00
    13     8  2002        0.00
    14     8  2002        0.00
    15     8  2002        0.00
    16     8  2002        0.00
    17     8  2002        0.00
    18     8  2002        0.00
    19     8  2002        0.00
    20     8  2002        0.00
    21     8  2002        0.00
    22     8  2002        0.00
    23     8  2002        0.00
    24     8  2002        0.00
    25     8  2002        0.00
    26     8  2002        0.20
    27     8  2002        0.00
    28     8  2002        0.00
    29     8  2002       10.42
    30     8  2002        0.20
    31     8  2002        0.00
     1     9  2002        0.39
     2     9  2002        0.20
     3     9  2002        0.00
     4     9  2002        0.00
     5     9  2002        0.00
     6     9  2002        0.00
     7     9  2002        0.00
     8     9  2002        0.00
     9     9  2002        0.00
    10     9  2002        0.00
    11     9  2002        0.00
    12     9  2002        0.00
    13     9  2002        0.00
    14     9  2002        0.00
    15     9  2002        0.00
    16     9  2002        0.00
    17     9  2002        0.00
    18     9  2002        0.00
    19     9  2002        0.00
    20     9  2002        0.00
    21     9  2002        0.00
    22     9  2002        0.00
    23     9  2002        0.00
    24     9  2002        0.00
    25     9  2002        0.00
    26     9  2002        0.00
    27     9  2002        0.00
    28     9  2002        0.00
    29     9  2002        0.00
    30     9  2002        0.00
     1    10  2002        0.00
     2    10  2002        0.00
     3    10  2002        0.00
     4    10  2002        0.00
     5    10  2002        0.00
     6    10  2002        0.00
     7    10  2002        0.00
     8    10  2002        0.00
     9    10  2002        0.00
    10    10  2002        0.00
    11    10  2002        0.00
    12    10  2002        0.00
    13    10  2002        0.00
    14    10  2002        0.00
    15    10  2002        0.00
    16    10  2002        0.00
    17    10  2002        0.00
    18    10  2002        0.00
    19    10  2002        2.95
    20    10  2002        0.00
    21    10  2002        0.20
    22    10  2002        0.20
    23    10  2002        0.00
    24    10  2002        0.00
    25    10  2002        0.00
    26    10  2002        0.00
    27    10  2002        0.00
    28    10  2002        0.00
    29    10  2002        0.00
    30    10  2002        0.00
    31    10  2002        0.00
     1    11  2002        0.00
     2    11  2002        0.00
     3    11  2002        0.00
     4    11  2002        0.00
     5    11  2002        0.00
     6    11  2002        0.00
     7    11  2002        0.00
     8    11  2002        0.00
     9    11  2002        0.00
    10    11  2002        0.00
    11    11  2002        0.00
    12    11  2002        0.00
    13    11  2002        0.00
    14    11  2002        0.00
    15    11  2002        0.00
    16    11  2002        0.00
    17    11  2002        0.00
    18    11  2002        0.00
    19    11  2002        0.00
    20    11  2002        0.00
    21    11  2002        0.00
    22    11  2002        0.00
    23    11  2002        0.00
    24    11  2002        0.00
    25    11  2002        0.00
    26    11  2002        0.00
    27    11  2002        0.00
    28    11  2002        0.00
    29    11  2002        0.00
    30    11  2002        0.00
     1    12  2002        0.00
     2    12  2002        0.00
     3    12  2002        0.00
     4    12  2002        0.00
     5    12  2002        0.00
     6    12  2002        0.40
     7    12  2002        0.00
     8    12  2002        0.00
     9    12  2002        0.00
    10    12  2002        0.00
    11    12  2002        0.00
    12    12  2002        0.00
    13    12  2002        0.00
    14    12  2002        0.00
    15    12  2002        0.00
    16    12  2002        0.00
    17    12  2002        0.00
    18    12  2002        0.00
    19    12  2002        0.00
    20    12  2002        0.00
    21    12  2002        0.00
    22    12  2002        0.00
    23    12  2002        0.00
    24    12  2002        0.00
    25    12  2002        0.00
    26    12  2002        0.00
    27    12  2002        0.00
    28    12  2002        0.40
    29    12  2002        0.00
    30    12  2002        0.00
    31    12  2002        0.00
     1     1  2003        0.00
     2     1  2003        0.20
     3     1  2003        0.00
     4     1  2003        0.00
     5     1  2003        0.00
     6     1  2003        0.00
     7     1  2003        0.00
     8     1  2003        0.00
     9     1  2003        0.00
    10     1  2003        0.00
    11     1  2003        0.00
    12     1  2003        0.00
    13     1  2003        0.00
    14     1  2003        0.00
    15     1  2003        0.00
    16     1  2003        0.00
    17     1  2003        0.00
    18     1  2003        0.00
    19     1  2003        0.00
    20     1  2003        0.00
    21     1  2003        0.00
    22     1  2003        0.00
    23     1  2003        0.00
    24     1  2003        0.00
    25     1  2003        0.00
    26     1  2003        0.79
    27     1  2003        0.20
    28     1  2003        0.00
    29     1  2003        0.00
    30     1  2003        0.00
    31     1  2003        0.00
     1     2  2003        0.00
     2     2  2003        0.39
     3     2  2003        0.00
     4     2  2003        0.00
     5     2  2003        0.00
     6     2  2003        0.00
     7     2  2003        0.00
     8     2  2003        0.00
     9     2  2003        0.59
    10     2  2003        0.00
    11     2  2003        0.00
    12     2  2003        0.00
    13     2  2003        0.00
    14     2  2003        0.00
    15     2  2003        0.39
    16     2  2003        0.20
    17     2  2003        0.00
    18     2  2003        0.00
    19     2  2003        0.59
    20     2  2003        0.00
    21     2  2003        0.00
    22     2  2003        0.00
    23     2  2003        0.00
    24     2  2003        0.00
    25     2  2003        0.00
    26     2  2003        0.00
    27     2  2003        0.00
    28     2  2003        0.00
     1     3  2003        0.00
     2     3  2003        0.00
     3     3  2003        0.20
     4     3  2003        0.59
     5     3  2003        0.00
     6     3  2003        0.00
     7     3  2003        0.00
     8     3  2003        0.00
     9     3  2003        0.00
    10     3  2003        0.00
    11     3  2003        0.00
    12     3  2003        0.00
    13     3  2003        0.00
    14     3  2003        0.00
    15     3  2003        0.00
    16     3  2003        1.77
    17     3  2003        0.00
    18     3  2003        0.00
    19     3  2003        0.00
    20     3  2003        0.20
    21     3  2003        0.00
    22     3  2003        0.00
    23     3  2003        0.00
    24     3  2003        0.00
    25     3  2003        0.00
    26     3  2003        3.34
    27     3  2003        1.78
    28     3  2003        0.20
    29     3  2003        2.56
    30     3  2003        5.51
    31     3  2003        8.46
     1     4  2003        0.00
     2     4  2003        0.00
     3     4  2003        0.00
     4     4  2003        0.39
     5     4  2003        0.00
     6     4  2003        0.00
     7     4  2003        0.00
     8     4  2003        0.00
     9     4  2003        0.00
    10     4  2003        0.00
    11     4  2003        0.00
    12     4  2003        0.00
    13     4  2003        0.00
    14     4  2003        0.00
    15     4  2003        0.00
    16     4  2003        0.00
    17     4  2003        0.00
    18     4  2003        0.00
    19     4  2003        0.00
    20     4  2003        0.00
    21     4  2003        0.00
    22     4  2003        0.00
    23     4  2003        0.00
    24     4  2003        0.20
    25     4  2003        1.38
    26     4  2003        0.79
    27     4  2003        0.00
    28     4  2003        0.00
    29     4  2003        4.40
    30     4  2003        6.11
     1     5  2003        1.58
     2     5  2003        2.96
     3     5  2003        0.00
     4     5  2003        0.98
     5     5  2003        0.00
     6     5  2003        0.00
     7     5  2003        0.00
     8     5  2003        0.00
     9     5  2003        0.00
    10     5  2003        0.00
    11     5  2003        0.00
    12     5  2003        0.00
    13     5  2003        0.00
    14     5  2003        0.00
    15     5  2003        0.00
    16     5  2003        0.00
    17     5  2003        0.00
    18     5  2003        0.00
    19     5  2003        0.00
    20     5  2003        0.20
    21     5  2003        0.00
    22     5  2003        0.39
    23     5  2003        5.11
    24     5  2003        0.59
    25     5  2003        3.16
    26     5  2003        0.00
    27     5  2003        0.00
    28     5  2003        0.00
    29     5  2003        0.00
    30     5  2003        0.00
    31     5  2003        0.00
     1     6  2003        0.00
     2     6  2003        0.00
     3     6  2003        0.00
     4     6  2003        0.00
     5     6  2003        0.00
     6     6  2003        0.00
     7     6  2003        0.00
     8     6  2003        0.00
     9     6  2003        0.00
    10     6  2003        0.59
    11     6  2003        0.00
    12     6  2003        0.00
    13     6  2003        0.00
    14     6  2003        0.00
    15     6  2003        0.20
    16     6  2003        0.00
    17     6  2003        2.17
    18     6  2003        0.00
    19     6  2003        0.00
    20     6  2003        1.18
    21     6  2003        0.00
    22     6  2003        0.00
    23     6  2003        0.00
    24     6  2003        0.00
    25     6  2003        0.00
    26     6  2003        0.00
    27     6  2003        0.00
    28     6  2003        0.00
    29     6  2003        0.00
    30     6  2003        0.98
     1     7  2003        5.32
     2     7  2003        0.40
     3     7  2003        2.36
     4     7  2003        0.00
     5     7  2003        0.00
     6     7  2003        0.00
     7     7  2003        0.00
     8     7  2003        0.00
     9     7  2003        0.00
    10     7  2003        0.00
    11     7  2003        0.00
    12     7  2003        0.00
    13     7  2003        0.00
    14     7  2003        0.00
    15     7  2003        0.00
    16     7  2003        0.00
    17     7  2003        0.00
    18     7  2003        0.00
    19     7  2003        0.00
    20     7  2003        2.76
    21     7  2003        0.00
    22     7  2003        0.00
    23     7  2003        0.00
    24     7  2003        1.57
    25     7  2003        0.00
    26     7  2003        0.79
    27     7  2003        2.16
    28     7  2003        2.56
    29     7  2003        0.00
    30     7  2003        0.79
    31     7  2003        0.00
     1     8  2003        0.20
     2     8  2003        0.00
     3     8  2003        0.00
     4     8  2003        0.00
     5     8  2003        0.00
     6     8  2003        0.00
     7     8  2003        0.00
     8     8  2003        0.00
     9     8  2003        0.00
    10     8  2003        0.00
    11     8  2003        0.00
    12     8  2003        0.00
    13     8  2003        0.00
    14     8  2003        0.00
    15     8  2003        0.00
    16     8  2003        0.00
    17     8  2003        0.00
    18     8  2003        0.00
    19     8  2003        0.00
    20     8  2003        0.00
    21     8  2003        0.00
    22     8  2003        0.00
    23     8  2003        0.00
    24     8  2003        6.57
    25     8  2003        4.33
    26     8  2003        0.20
    27     8  2003        0.00
    28     8  2003        0.00
    29     8  2003        0.00
    30     8  2003        0.00
    31     8  2003        0.00
     1     9  2003        0.00
     2     9  2003        0.00
     3     9  2003        0.00
     4     9  2003        0.00
     5     9  2003        0.00
     6     9  2003        0.00
     7     9  2003        0.00
     8     9  2003        0.00
     9     9  2003        0.00
    10     9  2003        0.00
    11     9  2003        0.00
    12     9  2003        0.00
    13     9  2003        2.17
    14     9  2003        0.00
    15     9  2003        0.00
    16     9  2003        0.40
    17     9  2003        0.20
    18     9  2003        0.00
    19     9  2003        0.00
    20     9  2003        0.00
    21     9  2003        0.00
    22     9  2003        0.00
    23     9  2003        0.00
    24     9  2003        0.00
    25     9  2003        0.00
    26     9  2003        0.00
    27     9  2003        0.20
    28     9  2003        0.00
    29     9  2003        0.00
    30     9  2003        0.00
     1    10  2003        0.00
     2    10  2003        0.00
     3    10  2003        0.00
     4    10  2003        0.00
     5    10  2003        0.00
     6    10  2003        0.00
     7    10  2003        0.00
     8    10  2003        0.20
     9    10  2003        0.20
    10    10  2003        0.20
    11    10  2003        0.00
    12    10  2003        0.00
    13    10  2003        0.00
    14    10  2003        0.99
    15    10  2003       14.24
    16    10  2003        5.10
    17    10  2003        0.79
    18    10  2003        0.00
    19    10  2003        0.00
    20    10  2003        0.00
    21    10  2003        0.00
    22    10  2003        0.00
    23    10  2003        0.00
    24    10  2003        0.00
    25    10  2003        0.00
    26    10  2003        0.00
    27    10  2003        0.00
    28    10  2003        0.00
    29    10  2003        0.00
    30    10  2003        0.00
    31    10  2003        0.00
     1    11  2003        0.00
     2    11  2003        0.00
     3    11  2003        0.00
     4    11  2003        0.00
     5    11  2003        0.00
     6    11  2003        0.00
     7    11  2003        0.00
     8    11  2003        0.00
     9    11  2003        0.00
    10    11  2003        0.00
    11    11  2003        0.00
    12    11  2003        0.00
    13    11  2003        0.00
    14    11  2003        0.00
    15    11  2003        0.00
    16    11  2003        0.00
    17    11  2003        0.00
    18    11  2003        0.00
    19    11  2003        0.00
    20    11  2003        0.00
    21    11  2003        0.00
    22    11  2003        0.00
    23    11  2003        0.20
    24    11  2003        0.39
    25    11  2003        0.20
    26    11  2003        0.20
    27    11  2003        0.00
    28    11  2003        0.00
    29    11  2003        0.00
    30    11  2003        0.00
     1    12  2003        0.00
     2    12  2003        0.20
     3    12  2003        0.00
     4    12  2003        0.00
     5    12  2003        0.20
     6    12  2003        0.00
     7    12  2003        0.00
     8    12  2003        0.00
     9    12  2003        0.00
    10    12  2003        0.00
    11    12  2003        0.00
    12    12  2003        0.79
    13    12  2003        0.20
    14    12  2003        0.00
    15    12  2003        0.00
    16    12  2003        0.00
    17    12  2003        0.00
    18    12  2003        0.00
    19    12  2003        0.00
    20    12  2003        0.00
    21    12  2003        0.00
    22    12  2003        0.00
    23    12  2003        0.00
    24    12  2003        0.00
    25    12  2003        0.39
    26    12  2003        0.00
    27    12  2003        0.00
    28    12  2003        0.20
    29    12  2003        0.00
    30    12  2003        0.00
    31    12  2003        0.00
     1     1  2004        0.00
     2     1  2004        0.00
     3     1  2004        0.00
     4     1  2004        0.00
     5     1  2004        0.00
     6     1  2004        0.00
     7     1  2004        0.00
     8     1  2004        0.00
     9     1  2004        0.00
    10     1  2004        0.00
    11     1  2004        0.00
    12     1  2004        0.00
    13     1  2004        0.00
    14     1  2004        0.00
    15     1  2004        0.00
    16     1  2004        0.00
    17     1  2004        0.00
    18     1  2004        0.00
    19     1  2004        0.00
    20     1  2004        0.00
    21     1  2004        0.00
    22     1  2004        0.00
    23     1  2004        0.00
    24     1  2004        0.00
    25     1  2004        0.00
    26     1  2004        0.00
    27     1  2004        0.00
    28     1  2004        0.00
    29     1  2004        0.00
    30     1  2004        0.00
    31     1  2004        0.00
     1     2  2004        0.00
     2     2  2004        0.00
     3     2  2004        0.00
     4     2  2004        0.00
     5     2  2004        0.00
     6     2  2004        0.00
     7     2  2004        0.59
     8     2  2004        0.00
     9     2  2004        0.00
    10     2  2004        0.00
    11     2  2004        0.00
    12     2  2004        0.00
    13     2  2004        0.00
    14     2  2004        1.18
    15     2  2004        0.20
    16     2  2004        0.00
    17     2  2004        0.00
    18     2  2004        0.00
    19     2  2004        0.00
    20     2  2004        0.00
    21     2  2004        0.00
    22     2  2004        0.00
    23     2  2004        0.00
    24     2  2004        0.00
    25     2  2004        0.00
    26     2  2004        0.00
    27     2  2004        0.00
    28     2  2004        0.00
    29     2  2004        0.00
     1     3  2004        0.00
     2     3  2004        0.59
     3     3  2004        2.17
     4     3  2004        1.18
     5     3  2004        2.94
     6     3  2004        0.40
     7     3  2004        0.00
     8     3  2004        0.79
     9     3  2004        1.97
    10     3  2004        2.76
    11     3  2004        3.74
    12     3  2004        0.79
    13     3  2004        0.00
    14     3  2004        0.00
    15     3  2004        0.00
    16     3  2004        0.00
    17     3  2004        0.00
    18     3  2004        0.00
    19     3  2004        0.00
    20     3  2004        0.00
    21     3  2004        0.00
    22     3  2004        0.00
    23     3  2004        0.00
    24     3  2004        0.00
    25     3  2004        0.00
    26     3  2004        0.00
    27     3  2004        0.00
    28     3  2004        0.00
    29     3  2004        0.00
    30     3  2004        0.00
    31     3  2004        0.00
     1     4  2004        0.79
     2     4  2004        0.00
     3     4  2004        0.00
     4     4  2004        0.00
     5     4  2004        0.00
     6     4  2004        0.00
     7     4  2004        0.00
     8     4  2004        0.59
     9     4  2004        0.00
    10     4  2004        0.00
    11     4  2004        0.00
    12     4  2004        0.00
    13     4  2004        0.00
    14     4  2004        0.00
    15     4  2004        0.00
    16     4  2004        0.00
    17     4  2004        0.00
    18     4  2004        0.20
    19     4  2004        0.00
    20     4  2004        0.00
    21     4  2004        0.00
    22     4  2004        0.00
    23     4  2004        0.00
    24     4  2004        0.00
    25     4  2004        0.00
    26     4  2004        0.00
    27     4  2004        0.00
    28     4  2004        0.00
    29     4  2004        0.79
    30     4  2004        0.00
     1     5  2004        0.00
     2     5  2004        0.00
     3     5  2004        0.00
     4     5  2004        0.00
     5     5  2004        0.00
     6     5  2004        0.00
     7     5  2004        0.00
     8     5  2004        0.00
     9     5  2004        0.40
    10     5  2004        0.20
    11     5  2004        0.00
    12     5  2004        0.00
    13     5  2004        0.00
    14     5  2004        0.20
    15     5  2004        0.00
    16     5  2004        0.00
    17     5  2004        0.00
    18     5  2004        0.00
    19     5  2004        0.00
    20     5  2004        0.00
    21     5  2004        0.00
    22     5  2004        0.00
    23     5  2004        0.00
    24     5  2004        0.00
    25     5  2004        0.00
    26     5  2004        0.00
    27     5  2004        0.00
    28     5  2004        0.00
    29     5  2004        0.00
    30     5  2004        0.00
    31     5  2004        0.00
     1     6  2004        0.00
     2     6  2004        0.00
     3     6  2004        0.00
     4     6  2004        1.18
     5     6  2004        0.79
     6     6  2004        0.40
     7     6  2004        0.78
     8     6  2004        0.98
     9     6  2004        0.00
    10     6  2004        0.00
    11     6  2004        0.00
    12     6  2004        0.00
    13     6  2004        0.00
    14     6  2004        0.00
    15     6  2004        0.00
    16     6  2004        0.00
    17     6  2004        0.00
    18     6  2004        0.00
    19     6  2004        0.00
    20     6  2004        0.00
    21     6  2004        0.00
    22     6  2004        0.00
    23     6  2004        0.00
    24     6  2004        1.77
    25     6  2004        0.00
    26     6  2004        0.00
    27     6  2004        0.00
    28     6  2004        0.00
    29     6  2004        0.00
    30     6  2004        0.00
     1     7  2004        0.00
     2     7  2004        0.79
     3     7  2004        0.20
     4     7  2004        0.20
     5     7  2004        0.00
     6     7  2004        0.79
     7     7  2004        0.40
     8     7  2004        0.60
     9     7  2004        0.40
    10     7  2004        0.00
    11     7  2004        0.00
    12     7  2004        0.00
    13     7  2004        0.00
    14     7  2004        0.00
    15     7  2004        0.00
    16     7  2004        0.00
    17     7  2004        0.00
    18     7  2004        4.91
    19     7  2004        1.18
    20     7  2004        1.38
    21     7  2004        7.09
    22     7  2004        6.30
    23     7  2004        1.17
    24     7  2004        0.20
    25     7  2004        0.00
    26     7  2004        0.98
    27     7  2004        0.00
    28     7  2004        0.00
    29     7  2004        0.00
    30     7  2004        0.00
    31     7  2004        0.00
     1     8  2004        0.00
     2     8  2004        0.00
     3     8  2004        0.00
     4     8  2004        0.00
     5     8  2004        0.99
     6     8  2004        6.10
     7     8  2004       17.90
     8     8  2004        0.00
     9     8  2004        0.00
    10     8  2004        0.00
    11     8  2004        2.95
    12     8  2004        0.20
    13     8  2004        0.00
    14     8  2004       21.96
    15     8  2004        4.13
    16     8  2004        2.75
    17     8  2004        0.80
    18     8  2004        0.40
    19     8  2004        4.33
    20     8  2004        6.70
    21     8  2004        0.59
    22     8  2004        0.00
    23     8  2004        0.00
    24     8  2004        0.00
    25     8  2004        0.00
    26     8  2004        0.00
    27     8  2004        0.00
    28     8  2004        0.00
    29     8  2004        0.00
    30     8  2004        0.00
    31     8  2004        0.00
     1     9  2004        0.00
     2     9  2004        2.56
     3     9  2004        0.00
     4     9  2004        0.00
     5     9  2004        0.00
     6     9  2004        0.00
     7     9  2004        0.00
     8     9  2004        0.00
     9     9  2004        0.59
    10     9  2004        0.00
    11     9  2004        0.00
    12     9  2004        0.00
    13     9  2004        0.00
    14     9  2004        0.00
    15     9  2004        0.00
    16     9  2004        0.00
    17     9  2004        0.00
    18     9  2004        0.00
    19     9  2004        0.00
    20     9  2004        0.00
    21     9  2004        0.00
    22     9  2004        0.00
    23     9  2004        0.00
    24     9  2004        0.00
    25     9  2004        0.00
    26     9  2004        0.00
    27     9  2004        0.00
    28     9  2004        0.00
    29     9  2004        0.00
    30     9  2004        0.00
     1    10  2004        0.00
     2    10  2004        0.00
     3    10  2004        0.00
     4    10  2004        0.00
     5    10  2004        0.00
     6    10  2004        1.99
     7    10  2004        0.00
     8    10  2004        4.52
     9    10  2004        0.00
    10    10  2004        0.00
    11    10  2004        0.00
    12    10  2004        0.00
    13    10  2004        0.00
    14    10  2004        0.00
    15    10  2004        0.00
    16    10  2004        2.16
    17    10  2004        1.57
    18    10  2004        0.00
    19    10  2004        0.00
    20    10  2004        0.00
    21    10  2004        0.00
    22    10  2004        0.00
    23    10  2004        0.20
    24    10  2004        0.00
    25    10  2004        0.00
    26    10  2004        0.00
    27    10  2004        0.00
    28    10  2004        0.98
    29    10  2004        0.59
    30    10  2004        0.00
    31    10  2004        0.00
     1    11  2004        0.00
     2    11  2004        0.00
     3    11  2004        0.00
     4    11  2004        0.00
     5    11  2004        0.00
     6    11  2004        0.00
     7    11  2004        0.00
     8    11  2004        1.77
     9    11  2004        2.18
    10    11  2004        0.20
    11    11  2004        0.20
    12    11  2004        0.00
    13    11  2004        0.20
    14    11  2004        0.00
    15    11  2004        0.00
    16    11  2004        0.00
    17    11  2004        0.00
    18    11  2004        0.00
    19    11  2004        0.00
    20    11  2004        0.20
    21    11  2004        0.39
    22    11  2004        0.00
    23    11  2004        0.00
    24    11  2004        3.54
    25    11  2004        0.00
    26    11  2004        4.73
    27    11  2004        0.60
    28    11  2004        0.00
    29    11  2004        0.60
    30    11  2004        0.00
     1    12  2004        4.34
     2    12  2004        4.54
     3    12  2004        0.00
     4    12  2004        0.20
     5    12  2004        0.20
     6    12  2004        0.00
     7    12  2004        0.00
     8    12  2004        0.00
     9    12  2004        0.00
    10    12  2004        0.00
    11    12  2004        0.00
    12    12  2004        1.78
    13    12  2004        0.00
    14    12  2004        0.00
    15    12  2004        0.00
    16    12  2004        0.00
    17    12  2004        0.00
    18    12  2004        3.73
    19    12  2004        0.00
    20    12  2004        0.59
    21    12  2004        1.58
    22    12  2004        5.10
    23    12  2004        1.97
    24    12  2004        0.00
    25    12  2004        0.00
    26    12  2004        0.00
    27    12  2004        0.00
    28    12  2004        0.00
    29    12  2004        0.00
    30    12  2004        0.00
    31    12  2004        1.37
     1     1  2005        0.00
     2     1  2005        0.00
     3     1  2005        0.00
     4     1  2005        0.00
     5     1  2005        0.20
     6     1  2005        0.00
     7     1  2005        0.00
     8     1  2005        0.00
     9     1  2005        0.00
    10     1  2005        0.00
    11     1  2005        0.00
    12     1  2005        0.00
    13     1  2005        0.00
    14     1  2005        0.00
    15     1  2005        0.00
    16     1  2005        0.00
    17     1  2005        0.00
    18     1  2005        0.00
    19     1  2005        0.00
    20     1  2005        0.00
    21     1  2005        0.00
    22     1  2005        0.00
    23     1  2005        0.00
    24     1  2005        0.00
    25     1  2005        0.00
    26     1  2005        0.00
    27     1  2005        0.00
    28     1  2005        0.00
    29     1  2005        0.00
    30     1  2005        0.00
    31     1  2005        0.00
     1     2  2005        0.00
     2     2  2005        0.00
     3     2  2005        0.00
     4     2  2005        0.00
     5     2  2005        0.20
     6     2  2005        0.40
     7     2  2005        0.20
     8     2  2005        0.20
     9     2  2005        0.00
    10     2  2005        4.52
    11     2  2005        5.30
    12     2  2005        1.58
    13     2  2005        0.20
    14     2  2005        0.00
    15     2  2005        0.00
    16     2  2005        4.72
    17     2  2005        2.95
    18     2  2005        3.74
    19     2  2005        1.77
    20     2  2005       12.59
    21     2  2005        0.79
    22     2  2005        0.00
    23     2  2005        0.00
    24     2  2005        0.20
    25     2  2005        0.00
    26     2  2005        0.00
    27     2  2005        0.00
    28     2  2005        0.00
     1     3  2005        0.00
     2     3  2005        0.39
     3     3  2005        0.00
     4     3  2005        0.98
     5     3  2005        3.34
     6     3  2005        0.20
     7     3  2005        0.00
     8     3  2005        0.00
     9     3  2005        0.00
    10     3  2005        0.00
    11     3  2005        0.20
    12     3  2005        6.88
    13     3  2005        0.98
    14     3  2005        0.39
    15     3  2005        0.00
    16     3  2005        0.00
    17     3  2005        0.00
    18     3  2005        0.00
    19     3  2005        0.00
    20     3  2005        0.20
    21     3  2005        0.00
    22     3  2005        0.40
    23     3  2005        0.00
    24     3  2005        0.00
    25     3  2005        0.00
    26     3  2005        0.00
    27     3  2005        0.00
    28     3  2005        0.20
    29     3  2005        0.00
    30     3  2005        2.75
    31     3  2005        3.15
     1     4  2005       24.01
     2     4  2005       12.97
     3     4  2005        7.86
     4     4  2005        5.31
     5     4  2005        3.34
     6     4  2005        2.35
     7     4  2005        0.60
     8     4  2005        0.00
     9     4  2005        1.18
    10     4  2005        0.39
    11     4  2005        0.20
    12     4  2005        0.39
    13     4  2005        0.00
    14     4  2005        0.00
    15     4  2005        0.20
    16     4  2005        0.00
    17     4  2005        0.00
    18     4  2005        0.00
    19     4  2005        0.00
    20     4  2005        0.00
    21     4  2005        0.00
    22     4  2005        0.00
    23     4  2005        0.00
    24     4  2005        0.00
    25     4  2005        0.00
    26     4  2005        0.00
    27     4  2005        0.00
    28     4  2005        0.00
    29     4  2005        0.00
    30     4  2005        0.00
     1     5  2005        0.00
     2     5  2005        2.75
     3     5  2005        0.00
     4     5  2005        0.00
     5     5  2005        0.00
     6     5  2005        0.00
     7     5  2005        0.00
     8     5  2005        0.00
     9     5  2005        0.00
    10     5  2005        0.00
    11     5  2005        0.00
    12     5  2005        0.00
    13     5  2005        0.00
    14     5  2005        0.00
    15     5  2005        0.00
    16     5  2005        0.00
    17     5  2005        0.00
    18     5  2005        0.00
    19     5  2005        0.00
    20     5  2005        0.00
    21     5  2005        0.00
    22     5  2005        0.00
    23     5  2005        0.00
    24     5  2005        0.00
    25     5  2005        0.00
    26     5  2005        0.00
    27     5  2005        0.00
    28     5  2005        0.00
    29     5  2005        0.98
    30     5  2005        0.20
    31     5  2005        0.00
     1     6  2005        0.00
     2     6  2005        0.00
     3     6  2005        0.00
     4     6  2005        5.31
     5     6  2005        0.00
     6     6  2005        3.35
     7     6  2005        3.35
     8     6  2005        3.14
     9     6  2005        7.67
    10     6  2005        5.32
    11     6  2005        1.18
    12     6  2005        0.20
    13     6  2005        0.00
    14     6  2005        0.00
    15     6  2005        0.00
    16     6  2005        0.00
    17     6  2005        0.00
    18     6  2005        0.00
    19     6  2005        0.00
    20     6  2005        0.00
    21     6  2005        0.00
    22     6  2005        0.00
    23     6  2005        0.00
    24     6  2005        0.39
    25     6  2005        0.00
    26     6  2005        0.00
    27     6  2005        0.00
    28     6  2005        0.00
    29     6  2005        0.00
    30     6  2005        0.00
     1     7  2005        0.00
     2     7  2005        0.00
     3     7  2005        0.00
     4     7  2005        0.00
     5     7  2005        0.00
     6     7  2005        0.00
     7     7  2005        0.00
     8     7  2005        0.00
     9     7  2005        0.00
    10     7  2005        0.00
    11     7  2005        0.00
    12     7  2005        0.00
    13     7  2005        0.00
    14     7  2005        0.00
    15     7  2005        0.00
    16     7  2005        0.00
    17     7  2005        0.00
    18     7  2005        0.59
    19     7  2005        0.79
    20     7  2005        0.00
    21     7  2005        0.00
    22     7  2005        0.00
    23     7  2005        0.00
    24     7  2005        0.00
    25     7  2005        0.00
    26     7  2005        0.00
    27     7  2005        0.00
    28     7  2005        0.00
    29     7  2005        0.00
    30     7  2005        0.00
    31     7  2005        0.00
     1     8  2005        0.00
     2     8  2005        0.00
     3     8  2005        0.00
     4     8  2005        0.00
     5     8  2005        0.00
     6     8  2005        0.00
     7     8  2005        0.00
     8     8  2005        0.00
     9     8  2005        0.00
    10     8  2005        0.00
    11     8  2005        0.00
    12     8  2005        0.00
    13     8  2005        0.00
    14     8  2005        0.00
    15     8  2005        0.00
    16     8  2005        0.00
    17     8  2005        0.00
    18     8  2005        0.00
    19     8  2005        0.00
    20     8  2005        0.00
    21     8  2005        0.00
    22     8  2005        0.00
    23     8  2005        0.00
    24     8  2005        0.00
    25     8  2005        0.00
    26     8  2005        0.00
    27     8  2005        0.00
    28     8  2005        0.00
    29     8  2005        0.00
    30     8  2005        0.00
    31     8  2005        0.00
     1     9  2005        0.00
     2     9  2005        0.00
     3     9  2005        0.00
     4     9  2005        0.00
     5     9  2005        0.00
     6     9  2005        0.00
     7     9  2005        0.00
     8     9  2005        0.00
     9     9  2005        0.00
    10     9  2005        0.00
    11     9  2005        0.00
    12     9  2005        0.00
    13     9  2005        0.00
    14     9  2005        0.00
    15     9  2005        0.00
    16     9  2005        0.00
    17     9  2005        0.00
    18     9  2005        0.00
    19     9  2005        0.00
    20     9  2005        0.00
    21     9  2005        0.00
    22     9  2005        0.00
    23     9  2005        0.00
    24     9  2005        0.00
    25     9  2005        0.00
    26     9  2005        0.00
    27     9  2005        0.00
    28     9  2005        0.00
    29     9  2005        0.00
    30     9  2005        0.00
     1    10  2005        0.00
     2    10  2005        0.00
     3    10  2005        0.39
     4    10  2005        0.00
     5    10  2005        1.78
     6    10  2005        0.00
     7    10  2005        0.00
     8    10  2005        0.00
     9    10  2005        0.00
    10    10  2005        0.00
    11    10  2005        0.00
    12    10  2005        0.00
    13    10  2005        0.00
    14    10  2005        0.00
    15    10  2005        0.00
    16    10  2005        0.00
    17    10  2005        0.00
    18    10  2005        0.00
    19    10  2005        0.00
    20    10  2005        0.00
    21    10  2005        0.00
    22    10  2005        0.00
    23    10  2005        0.00
    24    10  2005        0.00
    25    10  2005        0.00
    26    10  2005        0.00
    27    10  2005        0.00
    28    10  2005        0.00
    29    10  2005        0.00
    30    10  2005        1.18
    31    10  2005        0.00
     1    11  2005        0.00
     2    11  2005        0.00
     3    11  2005        0.00
     4    11  2005        0.00
     5    11  2005        0.00
     6    11  2005        0.00
     7    11  2005        0.00
     8    11  2005        0.00
     9    11  2005        0.00
    10    11  2005        0.00
    11    11  2005        0.00
    12    11  2005        0.00
    13    11  2005        0.59
    14    11  2005        0.00
    15    11  2005        0.00
    16    11  2005        0.00
    17    11  2005        0.00
    18    11  2005        0.00
    19    11  2005        0.00
    20    11  2005        0.00
    21    11  2005        0.00
    22    11  2005        0.00
    23    11  2005        0.00
    24    11  2005        0.00
    25    11  2005        0.00
    26    11  2005        0.00
    27    11  2005        0.00
    28    11  2005        0.00
    29    11  2005        0.00
    30    11  2005        0.00
     1    12  2005        0.99
     2    12  2005        0.78
     3    12  2005        0.40
     4    12  2005        0.00
     5    12  2005        0.00
     6    12  2005        0.00
     7    12  2005        0.00
     8    12  2005        0.00
     9    12  2005        0.00
    10    12  2005        0.00
    11    12  2005        0.00
    12    12  2005        0.00
    13    12  2005        0.00
    14    12  2005        0.00
    15    12  2005        0.39
    16    12  2005        0.39
    17    12  2005        0.40
    18    12  2005        2.56
    19    12  2005        0.00
    20    12  2005        0.00
    21    12  2005        0.00
    22    12  2005        0.00
    23    12  2005        0.00
    24    12  2005        0.00
    25    12  2005        0.00
    26    12  2005        0.00
    27    12  2005        0.98
    28    12  2005        0.00
    29    12  2005        0.00
    30    12  2005        0.00
    31    12  2005        0.00
     1     1  2006        0.00
     2     1  2006        0.20
     3     1  2006        0.00
     4     1  2006        0.00
     5     1  2006        0.42
     6     1  2006        0.00
     7     1  2006        0.00
     8     1  2006        0.00
     9     1  2006        0.00
    10     1  2006        0.00
    11     1  2006        0.00
    12     1  2006        0.00
    13     1  2006        0.00
    14     1  2006        0.00
    15     1  2006        0.79
    16     1  2006        0.00
    17     1  2006        0.00
    18     1  2006        0.00
    19     1  2006        0.60
    20     1  2006        0.00
    21     1  2006        0.00
    22     1  2006        0.00
    23     1  2006        0.00
    24     1  2006        0.00
    25     1  2006        0.00
    26     1  2006        0.00
    27     1  2006        0.00
    28     1  2006        0.00
    29     1  2006        0.00
    30     1  2006        0.00
    31     1  2006        0.00
     1     2  2006        0.00
     2     2  2006        0.00
     3     2  2006        0.00
     4     2  2006        0.00
     5     2  2006        0.00
     6     2  2006        0.00
     7     2  2006        0.00
     8     2  2006        0.00
     9     2  2006        0.00
    10     2  2006        0.00
    11     2  2006        0.00
    12     2  2006        0.00
    13     2  2006        0.00
    14     2  2006        0.00
    15     2  2006        0.00
    16     2  2006        0.00
    17     2  2006        0.00
    18     2  2006        0.00
    19     2  2006        0.00
    20     2  2006        0.00
    21     2  2006        0.00
    22     2  2006        0.00
    23     2  2006        0.00
    24     2  2006        0.00
    25     2  2006        0.00
    26     2  2006        0.00
    27     2  2006        0.00
    28     2  2006        0.00
     1     3  2006        0.00
     2     3  2006        0.00
     3     3  2006        0.00
     4     3  2006        0.00
     5     3  2006        0.00
     6     3  2006        0.00
     7     3  2006        1.57
     8     3  2006        0.20
     9     3  2006        0.99
    10     3  2006        0.00
    11     3  2006        1.38
    12     3  2006        0.00
    13     3  2006        0.39
    14     3  2006        0.39
    15     3  2006        0.00
    16     3  2006        0.00
    17     3  2006        0.00
    18     3  2006        0.00
    19     3  2006        0.00
    20     3  2006        0.00
    21     3  2006        0.00
    22     3  2006        0.00
    23     3  2006        0.00
    24     3  2006        0.00
    25     3  2006        0.00
    26     3  2006        0.00
    27     3  2006        0.00
    28     3  2006        0.00
    29     3  2006        0.00
    30     3  2006        0.00
    31     3  2006        0.00
     1     4  2006        0.00
     2     4  2006        0.20
     3     4  2006        0.40
     4     4  2006        0.00
     5     4  2006        0.59
     6     4  2006        0.00
     7     4  2006        0.98
     8     4  2006        1.57
     9     4  2006        0.00
    10     4  2006        0.00
    11     4  2006        0.00
    12     4  2006        0.00
    13     4  2006        0.00
    14     4  2006        0.00
    15     4  2006        0.00
    16     4  2006        2.95
    17     4  2006        0.00
    18     4  2006        0.00
    19     4  2006        0.00
    20     4  2006        0.00
    21     4  2006        0.00
    22     4  2006        0.00
    23     4  2006        0.00
    24     4  2006        0.00
    25     4  2006        0.00
    26     4  2006        0.00
    27     4  2006        0.00
    28     4  2006        0.00
    29     4  2006        0.00
    30     4  2006        0.00
     1     5  2006        0.20
     2     5  2006        0.00
     3     5  2006        0.00
     4     5  2006        0.00
     5     5  2006        0.00
     6     5  2006        0.00
     7     5  2006        0.00
     8     5  2006        0.00
     9     5  2006        0.00
    10     5  2006        0.59
    11     5  2006        0.00
    12     5  2006        0.20
    13     5  2006        0.00
    14     5  2006        0.00
    15     5  2006        0.00
    16     5  2006        0.00
    17     5  2006        0.00
    18     5  2006        0.00
    19     5  2006        0.00
    20     5  2006        0.00
    21     5  2006        0.00
    22     5  2006        0.00
    23     5  2006        0.00
    24     5  2006        0.00
    25     5  2006        0.00
    26     5  2006        0.20
    27     5  2006        2.37
    28     5  2006        0.60
    29     5  2006        1.39
    30     5  2006        0.00
    31     5  2006        2.36
     1     6  2006        0.60
     2     6  2006        0.40
     3     6  2006        2.16
     4     6  2006        0.00
     5     6  2006        0.39
     6     6  2006        8.07
     7     6  2006       12.39
     8     6  2006        6.67
     9     6  2006        0.20
    10     6  2006        0.00
    11     6  2006        2.95
    12     6  2006        0.20
    13     6  2006        0.00
    14     6  2006        0.00
    15     6  2006        4.33
    16     6  2006        2.35
    17     6  2006        1.96
    18     6  2006        0.79
    19     6  2006        0.20
    20     6  2006        0.00
    21     6  2006        0.00
    22     6  2006        0.99
    23     6  2006        0.00
    24     6  2006        0.79
    25     6  2006        0.99
    26     6  2006        1.19
    27     6  2006        2.75
    28     6  2006        0.79
    29     6  2006        0.78
    30     6  2006        0.00
     1     7  2006        0.00
     2     7  2006        0.39
     3     7  2006        0.00
     4     7  2006        0.00
     5     7  2006        0.00
     6     7  2006        0.00
     7     7  2006        0.00
     8     7  2006        0.00
     9     7  2006        0.00
    10     7  2006        0.98
    11     7  2006        0.00
    12     7  2006        0.00
    13     7  2006        0.00
    14     7  2006        0.00
    15     7  2006        0.00
    16     7  2006        0.00
    17     7  2006        0.00
    18     7  2006        0.00
    19     7  2006        0.00
    20     7  2006        0.00
    21     7  2006        0.00
    22     7  2006        0.00
    23     7  2006        0.00
    24     7  2006        0.00
    25     7  2006        0.00
    26     7  2006        0.00
    27     7  2006        0.00
    28     7  2006        0.00
    29     7  2006        0.00
    30     7  2006        0.00
    31     7  2006        0.00
     1     8  2006        0.00
     2     8  2006        0.00
     3     8  2006        0.00
     4     8  2006        0.00
     5     8  2006        0.00
     6     8  2006        0.00
     7     8  2006        0.00
     8     8  2006        0.00
     9     8  2006        0.00
    10     8  2006        0.00
    11     8  2006        0.00
    12     8  2006        0.00
    13     8  2006        0.00
    14     8  2006        0.00
    15     8  2006        0.00
    16     8  2006        0.00
    17     8  2006        0.00
    18     8  2006        0.00
    19     8  2006        1.77
    20     8  2006        0.20
    21     8  2006        0.00
    22     8  2006        0.00
    23     8  2006        0.00
    24     8  2006        0.00
    25     8  2006        0.00
    26     8  2006        0.00
    27     8  2006        0.00
    28     8  2006        0.00
    29     8  2006        0.00
    30     8  2006        2.76
    31     8  2006        0.00
     1     9  2006        0.00
     2     9  2006        1.77
     3     9  2006        0.40
     4     9  2006        0.40
     5     9  2006        0.39
     6     9  2006        0.39
     7     9  2006        0.00
     8     9  2006        0.20
     9     9  2006        0.00
    10     9  2006        0.00
    11     9  2006        0.00
    12     9  2006        0.00
    13     9  2006        0.00
    14     9  2006        0.00
    15     9  2006        0.00
    16     9  2006        0.20
    17     9  2006        0.00
    18     9  2006        0.00
    19     9  2006        0.00
    20     9  2006        0.00
    21     9  2006        1.18
    22     9  2006        0.00
    23     9  2006        0.00
    24     9  2006        0.59
    25     9  2006        0.20
    26     9  2006        0.00
    27     9  2006        0.00
    28     9  2006        0.00
    29     9  2006        0.00
    30     9  2006        0.00
     1    10  2006        0.39
     2    10  2006        0.00
     3    10  2006        0.20
     4    10  2006        0.00
     5    10  2006        0.00
     6    10  2006        0.00
     7    10  2006        0.00
     8    10  2006        0.00
     9    10  2006        0.00
    10    10  2006        0.00
    11    10  2006        0.00
    12    10  2006        0.00
    13    10  2006        0.00
    14    10  2006        0.00
    15    10  2006        0.00
    16    10  2006        0.00
    17    10  2006        0.20
    18    10  2006        0.00
    19    10  2006        0.00
    20    10  2006        0.00
    21    10  2006        0.00
    22    10  2006        0.00
    23    10  2006        0.00
    24    10  2006        0.00
    25    10  2006        0.00
    26    10  2006        0.00
    27    10  2006        0.00
    28    10  2006        0.00
    29    10  2006        0.00
    30    10  2006        1.38
    31    10  2006        0.00
     1    11  2006        0.00
     2    11  2006        0.00
     3    11  2006        0.00
     4    11  2006        0.00
     5    11  2006        0.00
     6    11  2006        0.00
     7    11  2006        0.00
     8    11  2006        0.00
     9    11  2006        0.00
    10    11  2006        0.00
    11    11  2006        0.00
    12    11  2006        0.00
    13    11  2006        0.00
    14    11  2006        0.00
    15    11  2006        0.20
    16    11  2006       11.51
    17    11  2006        0.20
    18    11  2006        0.79
    19    11  2006        0.40
    20    11  2006        0.00
    21    11  2006        0.00
    22    11  2006        1.77
    23    11  2006        1.58
    24    11  2006        1.96
    25    11  2006        0.00
    26    11  2006        0.00
    27    11  2006        0.00
    28    11  2006        0.00
    29    11  2006        0.00
    30    11  2006        0.00
     1    12  2006        0.00
     2    12  2006        0.00
     3    12  2006        0.00
     4    12  2006        0.00
     5    12  2006        0.00
     6    12  2006        0.00
     7    12  2006        0.00
     8    12  2006        0.00
     9    12  2006        0.00
    10    12  2006        0.00
    11    12  2006        0.00
    12    12  2006        0.00
    13    12  2006        0.00
    14    12  2006        0.00
    15    12  2006        0.00
    16    12  2006        0.00
    17    12  2006        0.00
    18    12  2006        0.00
    19    12  2006        0.00
    20    12  2006        0.59
    21    12  2006        0.00
    22    12  2006        0.00
    23    12  2006        0.00
    24    12  2006        0.00
    25    12  2006        1.38
    26    12  2006        0.39
    27    12  2006        0.59
    28    12  2006        0.99
    29    12  2006        0.40
    30    12  2006       13.43
    31    12  2006        0.59
     1     1  2007        1.77
     2     1  2007        0.20
     3     1  2007        0.00
     4     1  2007        0.00
     5     1  2007        0.00
     6     1  2007        0.00
     7     1  2007        0.00
     8     1  2007        0.00
     9     1  2007        0.00
    10     1  2007        0.00
    11     1  2007        0.00
    12     1  2007        0.00
    13     1  2007        0.00
    14     1  2007        0.00
    15     1  2007        0.00
    16     1  2007        0.39
    17     1  2007        0.98
