     1     1  2001        0.00
     2     1  2001        0.00
     3     1  2001        0.00
     4     1  2001        0.00
     5     1  2001        0.00
     6     1  2001        0.00
     7     1  2001        0.00
     8     1  2001        0.00
     9     1  2001        0.00
    10     1  2001        0.00
    11     1  2001        0.00
    12     1  2001        0.00
    13     1  2001        0.00
    14     1  2001        0.00
    15     1  2001        0.00
    16     1  2001        0.00
    17     1  2001        0.00
    18     1  2001        0.00
    19     1  2001        0.00
    20     1  2001        0.00
    21     1  2001        0.00
    22     1  2001        0.00
    23     1  2001        0.00
    24     1  2001        0.00
    25     1  2001        0.00
    26     1  2001        0.00
    27     1  2001        0.00
    28     1  2001        0.00
    29     1  2001        0.00
    30     1  2001        0.00
    31     1  2001        0.00
     1     2  2001        0.00
     2     2  2001        0.00
     3     2  2001        0.00
     4     2  2001        0.00
     5     2  2001        0.00
     6     2  2001        0.00
     7     2  2001        0.00
     8     2  2001        0.00
     9     2  2001        0.00
    10     2  2001        0.00
    11     2  2001        0.00
    12     2  2001        0.00
    13     2  2001        0.00
    14     2  2001        0.00
    15     2  2001        0.00
    16     2  2001        0.00
    17     2  2001        0.00
    18     2  2001        0.00
    19     2  2001        0.00
    20     2  2001        0.00
    21     2  2001        0.00
    22     2  2001        0.00
    23     2  2001        0.00
    24     2  2001        0.00
    25     2  2001        0.00
    26     2  2001        0.00
    27     2  2001        0.00
    28     2  2001        0.00
     1     3  2001        0.00
     2     3  2001        0.00
     3     3  2001        0.20
     4     3  2001        0.00
     5     3  2001        0.00
     6     3  2001        0.00
     7     3  2001        0.00
     8     3  2001        0.00
     9     3  2001        4.72
    10     3  2001        6.69
    11     3  2001        0.79
    12     3  2001        1.00
    13     3  2001        0.20
    14     3  2001        0.00
    15     3  2001        0.00
    16     3  2001        0.00
    17     3  2001        0.00
    18     3  2001        0.00
    19     3  2001        0.00
    20     3  2001        0.00
    21     3  2001        0.00
    22     3  2001        0.00
    23     3  2001        0.00
    24     3  2001        0.00
    25     3  2001        0.00
    26     3  2001        0.20
    27     3  2001        0.00
    28     3  2001        0.00
    29     3  2001        0.00
    30     3  2001        0.00
    31     3  2001        0.00
     1     4  2001        0.00
     2     4  2001        0.00
     3     4  2001        0.00
     4     4  2001        0.00
     5     4  2001        0.00
     6     4  2001        0.00
     7     4  2001        0.00
     8     4  2001        0.00
     9     4  2001        0.00
    10     4  2001        0.20
    11     4  2001        0.00
    12     4  2001        0.00
    13     4  2001        0.00
    14     4  2001        0.00
    15     4  2001        0.00
    16     4  2001        0.00
    17     4  2001        0.00
    18     4  2001        0.00
    19     4  2001        0.00
    20     4  2001        0.00
    21     4  2001        0.00
    22     4  2001        0.00
    23     4  2001        0.00
    24     4  2001        0.00
    25     4  2001        0.00
    26     4  2001        0.00
    27     4  2001        0.00
    28     4  2001        0.00
    29     4  2001        0.00
    30     4  2001        0.00
     1     5  2001        0.00
     2     5  2001        0.00
     3     5  2001        0.00
     4     5  2001        0.00
     5     5  2001        0.00
     6     5  2001        0.00
     7     5  2001        0.00
     8     5  2001        0.00
     9     5  2001        0.00
    10     5  2001        0.00
    11     5  2001        0.00
    12     5  2001        0.00
    13     5  2001        0.00
    14     5  2001        0.00
    15     5  2001        0.00
    16     5  2001        0.00
    17     5  2001        0.00
    18     5  2001        0.00
    19     5  2001        0.00
    20     5  2001        0.00
    21     5  2001        0.00
    22     5  2001        0.00
    23     5  2001        0.00
    24     5  2001        0.00
    25     5  2001        0.00
    26     5  2001        0.00
    27     5  2001        0.00
    28     5  2001        0.00
    29     5  2001        0.00
    30     5  2001        0.00
    31     5  2001        0.00
     1     6  2001        0.00
     2     6  2001        0.00
     3     6  2001        0.00
     4     6  2001        0.00
     5     6  2001        0.00
     6     6  2001        0.00
     7     6  2001        0.00
     8     6  2001        0.00
     9     6  2001        0.00
    10     6  2001        0.00
    11     6  2001        0.00
    12     6  2001        0.00
    13     6  2001        0.00
    14     6  2001        0.00
    15     6  2001        0.00
    16     6  2001        0.00
    17     6  2001        0.00
    18     6  2001        0.00
    19     6  2001        0.00
    20     6  2001        0.00
    21     6  2001        0.00
    22     6  2001        0.00
    23     6  2001        0.00
    24     6  2001        0.00
    25     6  2001        0.00
    26     6  2001        0.00
    27     6  2001        0.00
    28     6  2001        0.00
    29     6  2001        0.00
    30     6  2001        0.00
     1     7  2001        0.00
     2     7  2001        0.00
     3     7  2001        0.00
     4     7  2001        0.00
     5     7  2001        0.00
     6     7  2001        0.00
     7     7  2001        0.00
     8     7  2001        0.00
     9     7  2001        0.00
    10     7  2001        0.00
    11     7  2001        0.20
    12     7  2001        0.59
    13     7  2001        0.00
    14     7  2001        0.20
    15     7  2001        3.53
    16     7  2001        0.00
    17     7  2001        0.00
    18     7  2001        0.00
    19     7  2001        0.00
    20     7  2001        0.00
    21     7  2001        0.00
    22     7  2001        0.00
    23     7  2001        0.00
    24     7  2001        0.20
    25     7  2001        0.00
    26     7  2001        0.00
    27     7  2001        0.00
    28     7  2001        0.00
    29     7  2001        0.00
    30     7  2001        0.00
    31     7  2001        0.00
     1     8  2001        0.00
     2     8  2001        0.00
     3     8  2001        0.00
     4     8  2001        0.00
     5     8  2001        0.00
     6     8  2001        0.00
     7     8  2001        0.00
     8     8  2001        0.00
     9     8  2001        0.00
    10     8  2001        0.00
    11     8  2001        0.79
    12     8  2001        0.00
    13     8  2001        0.00
    14     8  2001        1.57
    15     8  2001        0.20
    16     8  2001        0.00
    17     8  2001        0.00
    18     8  2001        0.20
    19     8  2001        0.00
    20     8  2001        0.00
    21     8  2001        0.00
    22     8  2001        0.00
    23     8  2001        0.00
    24     8  2001        0.00
    25     8  2001        0.00
    26     8  2001        0.00
    27     8  2001        0.00
    28     8  2001        0.00
    29     8  2001        0.00
    30     8  2001        0.00
    31     8  2001        0.00
     1     9  2001        0.00
     2     9  2001        0.00
     3     9  2001        0.00
     4     9  2001        0.00
     5     9  2001        0.00
     6     9  2001        0.00
     7     9  2001        0.00
     8     9  2001        0.00
     9     9  2001        0.00
    10     9  2001        0.00
    11     9  2001        0.00
    12     9  2001        0.00
    13     9  2001        0.00
    14     9  2001        0.00
    15     9  2001        0.00
    16     9  2001        0.00
    17     9  2001        0.00
    18     9  2001        0.00
    19     9  2001        0.00
    20     9  2001        0.00
    21     9  2001        0.00
    22     9  2001        0.00
    23     9  2001        0.00
    24     9  2001        0.00
    25     9  2001        0.00
    26     9  2001        0.00
    27     9  2001        0.00
    28     9  2001        0.00
    29     9  2001        0.00
    30     9  2001        0.00
     1    10  2001        0.00
     2    10  2001        0.00
     3    10  2001        0.00
     4    10  2001        0.00
     5    10  2001        0.00
     6    10  2001        0.00
     7    10  2001        0.00
     8    10  2001        0.00
     9    10  2001        0.00
    10    10  2001        0.00
    11    10  2001        0.00
    12    10  2001        0.00
    13    10  2001        0.00
    14    10  2001        0.00
    15    10  2001        0.00
    16    10  2001        0.00
    17    10  2001        0.00
    18    10  2001        0.00
    19    10  2001        0.00
    20    10  2001        0.00
    21    10  2001        0.00
    22    10  2001        0.00
    23    10  2001        0.00
    24    10  2001        0.00
    25    10  2001        0.00
    26    10  2001        0.00
    27    10  2001        0.00
    28    10  2001        0.00
    29    10  2001        0.00
    30    10  2001        0.00
    31    10  2001        0.00
     1    11  2001        0.00
     2    11  2001        0.00
     3    11  2001        0.00
     4    11  2001        0.00
     5    11  2001        0.00
     6    11  2001        0.00
     7    11  2001        0.00
     8    11  2001        0.00
     9    11  2001        0.00
    10    11  2001        0.00
    11    11  2001        0.00
    12    11  2001        0.00
    13    11  2001        0.00
    14    11  2001        0.00
    15    11  2001        0.00
    16    11  2001        0.00
    17    11  2001        0.00
    18    11  2001        0.00
    19    11  2001        0.00
    20    11  2001        0.00
    21    11  2001        0.00
    22    11  2001        0.00
    23    11  2001        0.39
    24    11  2001        0.00
    25    11  2001        0.00
    26    11  2001        0.00
    27    11  2001        0.00
    28    11  2001        0.00
    29    11  2001        0.00
    30    11  2001        0.00
     1    12  2001        0.00
     2    12  2001        0.00
     3    12  2001        0.00
     4    12  2001        0.00
     5    12  2001        0.00
     6    12  2001        0.00
     7    12  2001        0.00
     8    12  2001        0.00
     9    12  2001        0.00
    10    12  2001        0.00
    11    12  2001        0.00
    12    12  2001        0.00
    13    12  2001        0.00
    14    12  2001        0.00
    15    12  2001        0.00
    16    12  2001        0.00
    17    12  2001        0.20
    18    12  2001        2.36
    19    12  2001        0.00
    20    12  2001        0.00
    21    12  2001        0.00
    22    12  2001        0.00
    23    12  2001        0.00
    24    12  2001        0.00
    25    12  2001        0.00
    26    12  2001        0.00
    27    12  2001        0.00
    28    12  2001        0.00
    29    12  2001        0.00
    30    12  2001        0.00
    31    12  2001        0.79
     1     1  2002        0.40
     2     1  2002        0.00
     3     1  2002        0.00
     4     1  2002        0.00
     5     1  2002        0.00
     6     1  2002        0.00
     7     1  2002        0.00
     8     1  2002        0.00
     9     1  2002        0.00
    10     1  2002        0.00
    11     1  2002        0.00
    12     1  2002        0.00
    13     1  2002        0.00
    14     1  2002        0.00
    15     1  2002        0.00
    16     1  2002        0.00
    17     1  2002        0.00
    18     1  2002        0.00
    19     1  2002        0.00
    20     1  2002        0.00
    21     1  2002        0.00
    22     1  2002        0.00
    23     1  2002        0.00
    24     1  2002        0.00
    25     1  2002        0.00
    26     1  2002        0.00
    27     1  2002        0.00
    28     1  2002        0.00
    29     1  2002        0.00
    30     1  2002        0.00
    31     1  2002        0.00
     1     2  2002        0.00
     2     2  2002        0.00
     3     2  2002        0.00
     4     2  2002        0.00
     5     2  2002        0.00
     6     2  2002        0.00
     7     2  2002        0.00
     8     2  2002        0.00
     9     2  2002        0.00
    10     2  2002        0.00
    11     2  2002        0.00
    12     2  2002        0.00
    13     2  2002        0.00
    14     2  2002        0.00
    15     2  2002        0.00
    16     2  2002        0.00
    17     2  2002        0.00
    18     2  2002        0.00
    19     2  2002        0.00
    20     2  2002        0.00
    21     2  2002        0.00
    22     2  2002        0.20
    23     2  2002        1.96
    24     2  2002        0.00
    25     2  2002        0.20
    26     2  2002        0.00
    27     2  2002        0.00
    28     2  2002        0.20
     1     3  2002        0.00
     2     3  2002        0.00
     3     3  2002        0.00
     4     3  2002        0.00
     5     3  2002        0.00
     6     3  2002        0.00
     7     3  2002        0.00
     8     3  2002        0.00
     9     3  2002        0.00
    10     3  2002        0.00
    11     3  2002        0.00
    12     3  2002        0.00
    13     3  2002        0.00
    14     3  2002        0.00
    15     3  2002        1.19
    16     3  2002        0.00
    17     3  2002        0.00
    18     3  2002        0.00
    19     3  2002        0.00
    20     3  2002        0.00
    21     3  2002        0.00
    22     3  2002        1.18
    23     3  2002        0.00
    24     3  2002        0.40
    25     3  2002        5.90
    26     3  2002        0.40
    27     3  2002        0.00
    28     3  2002        0.00
    29     3  2002        0.00
    30     3  2002        0.00
    31     3  2002        0.00
     1     4  2002        0.00
     2     4  2002        0.00
     3     4  2002        0.00
     4     4  2002        0.00
     5     4  2002        0.20
     6     4  2002        0.00
     7     4  2002        0.00
     8     4  2002        0.00
     9     4  2002        0.20
    10     4  2002        0.20
    11     4  2002        0.00
    12     4  2002        0.00
    13     4  2002        0.00
    14     4  2002        0.00
    15     4  2002        0.00
    16     4  2002        0.00
    17     4  2002        0.00
    18     4  2002        0.00
    19     4  2002        0.00
    20     4  2002        0.00
    21     4  2002        0.00
    22     4  2002        0.00
    23     4  2002        0.00
    24     4  2002        0.00
    25     4  2002        0.00
    26     4  2002        0.00
    27     4  2002        0.00
    28     4  2002        0.00
    29     4  2002        0.00
    30     4  2002        0.00
     1     5  2002        0.00
     2     5  2002        0.00
     3     5  2002        0.00
     4     5  2002        0.00
     5     5  2002        0.00
     6     5  2002        0.00
     7     5  2002        0.00
     8     5  2002        0.00
     9     5  2002        0.00
    10     5  2002        0.00
    11     5  2002        0.00
    12     5  2002        0.00
    13     5  2002        0.00
    14     5  2002        0.00
    15     5  2002        0.00
    16     5  2002        0.00
    17     5  2002        0.00
    18     5  2002        0.00
    19     5  2002        0.00
    20     5  2002        0.00
    21     5  2002        0.00
    22     5  2002        0.00
    23     5  2002        0.00
    24     5  2002        0.00
    25     5  2002        0.00
    26     5  2002        0.98
    27     5  2002        0.20
    28     5  2002        0.00
    29     5  2002        0.00
    30     5  2002        0.00
    31     5  2002        0.00
     1     6  2002        0.20
     2     6  2002        0.00
     3     6  2002        1.18
     4     6  2002        0.00
     5     6  2002        5.71
     6     6  2002        7.28
     7     6  2002        0.00
     8     6  2002        3.35
     9     6  2002        0.00
    10     6  2002        0.00
    11     6  2002        0.00
    12     6  2002        0.00
    13     6  2002        0.00
    14     6  2002        2.17
    15     6  2002        0.00
    16     6  2002        0.00
    17     6  2002        0.20
    18     6  2002        0.00
    19     6  2002        0.20
    20     6  2002        0.00
    21     6  2002        0.99
    22     6  2002        0.99
    23     6  2002        0.00
    24     6  2002        0.00
    25     6  2002        0.00
    26     6  2002        0.00
    27     6  2002        0.00
    28     6  2002        0.00
    29     6  2002        0.00
    30     6  2002        0.59
     1     7  2002        0.20
     2     7  2002        3.35
     3     7  2002        0.99
     4     7  2002        2.96
     5     7  2002        0.00
     6     7  2002        0.00
     7     7  2002        0.00
     8     7  2002        0.00
     9     7  2002        0.00
    10     7  2002        0.00
    11     7  2002        0.00
    12     7  2002        0.00
    13     7  2002        0.00
    14     7  2002        0.00
    15     7  2002        0.00
    16     7  2002        0.00
    17     7  2002        0.00
    18     7  2002        0.00
    19     7  2002        0.00
    20     7  2002        0.79
    21     7  2002        2.56
    22     7  2002        4.53
    23     7  2002        1.38
    24     7  2002        0.00
    25     7  2002        0.00
    26     7  2002        0.00
    27     7  2002        0.00
    28     7  2002        0.00
    29     7  2002        0.00
    30     7  2002        0.00
    31     7  2002        0.00
     1     8  2002        0.00
     2     8  2002        0.00
     3     8  2002        0.00
     4     8  2002        0.00
     5     8  2002        0.00
     6     8  2002        0.00
     7     8  2002        0.00
     8     8  2002        0.42
     9     8  2002        0.00
    10     8  2002        0.00
    11     8  2002        0.00
    12     8  2002        0.00
    13     8  2002        0.00
    14     8  2002        0.00
    15     8  2002        0.00
    16     8  2002        0.00
    17     8  2002        0.00
    18     8  2002        0.00
    19     8  2002        0.00
    20     8  2002        0.00
    21     8  2002        0.00
    22     8  2002        0.00
    23     8  2002        0.00
    24     8  2002        0.00
    25     8  2002        0.00
    26     8  2002        0.00
    27     8  2002        0.00
    28     8  2002        0.00
    29     8  2002        0.00
    30     8  2002        0.00
    31     8  2002        0.00
     1     9  2002        0.00
     2     9  2002        2.95
     3     9  2002        2.16
     4     9  2002        0.00
     5     9  2002        0.20
     6     9  2002        0.00
     7     9  2002        0.00
     8     9  2002        0.00
     9     9  2002        0.00
    10     9  2002        0.00
    11     9  2002        0.00
    12     9  2002        0.00
    13     9  2002        0.00
    14     9  2002        0.00
    15     9  2002        0.00
    16     9  2002        0.00
    17     9  2002        0.00
    18     9  2002        0.00
    19     9  2002        0.00
    20     9  2002        0.00
    21     9  2002        0.00
    22     9  2002        0.39
    23     9  2002        1.78
    24     9  2002        0.00
    25     9  2002        0.00
    26     9  2002        0.00
    27     9  2002        0.00
    28     9  2002        0.00
    29     9  2002        0.00
    30     9  2002        0.00
     1    10  2002        0.00
     2    10  2002        0.20
     3    10  2002        0.20
     4    10  2002        0.00
     5    10  2002        0.00
     6    10  2002        0.00
     7    10  2002        0.00
     8    10  2002        0.00
     9    10  2002        0.00
    10    10  2002        0.00
    11    10  2002        0.00
    12    10  2002        0.00
    13    10  2002        0.00
    14    10  2002        0.00
    15    10  2002        0.00
    16    10  2002        0.00
    17    10  2002        0.00
    18    10  2002        0.00
    19    10  2002        0.00
    20    10  2002        1.18
    21    10  2002        0.42
    22    10  2002        0.40
    23    10  2002        1.18
    24    10  2002        0.00
    25    10  2002        0.39
    26    10  2002        0.59
    27    10  2002        0.00
    28    10  2002        0.00
    29    10  2002        0.20
    30    10  2002        1.58
    31    10  2002        0.59
     1    11  2002        0.20
     2    11  2002        0.42
     3    11  2002        0.00
     4    11  2002        0.00
     5    11  2002        0.00
     6    11  2002        0.00
     7    11  2002        0.00
     8    11  2002        0.00
     9    11  2002        0.00
    10    11  2002        0.00
    11    11  2002        0.00
    12    11  2002        0.00
    13    11  2002        0.00
    14    11  2002        0.00
    15    11  2002        0.00
    16    11  2002        0.00
    17    11  2002        0.00
    18    11  2002        0.00
    19    11  2002        0.00
    20    11  2002        0.00
    21    11  2002        0.00
    22    11  2002        0.00
    23    11  2002        0.00
    24    11  2002        0.00
    25    11  2002        0.00
    26    11  2002        0.00
    27    11  2002        0.00
    28    11  2002        0.00
    29    11  2002        0.00
    30    11  2002        0.00
     1    12  2002        0.00
     2    12  2002        0.00
     3    12  2002        0.00
     4    12  2002        0.00
     5    12  2002        0.00
     6    12  2002        0.00
     7    12  2002        0.00
     8    12  2002        0.00
     9    12  2002        0.00
    10    12  2002        0.00
    11    12  2002        0.20
    12    12  2002        0.00
    13    12  2002        0.20
    14    12  2002        0.00
    15    12  2002        0.00
    16    12  2002        0.20
    17    12  2002        0.00
    18    12  2002        0.00
    19    12  2002        0.00
    20    12  2002        0.00
    21    12  2002        0.00
    22    12  2002        0.00
    23    12  2002        0.00
    24    12  2002        0.00
    25    12  2002        0.00
    26    12  2002        0.00
    27    12  2002        0.00
    28    12  2002        0.00
    29    12  2002        0.00
    30    12  2002        0.00
    31    12  2002        2.95
     1     1  2003        0.00
     2     1  2003        0.00
     3     1  2003        0.00
     4     1  2003        0.20
     5     1  2003        0.00
     6     1  2003        0.00
     7     1  2003        0.00
     8     1  2003        0.00
     9     1  2003        0.00
    10     1  2003        0.00
    11     1  2003        0.00
    12     1  2003        0.00
    13     1  2003        0.00
    14     1  2003        0.00
    15     1  2003        0.00
    16     1  2003        0.00
    17     1  2003        0.00
    18     1  2003        0.00
    19     1  2003        0.00
    20     1  2003        0.00
    21     1  2003        0.00
    22     1  2003        0.00
    23     1  2003        0.39
    24     1  2003        0.00
    25     1  2003        0.00
    26     1  2003        3.34
    27     1  2003        0.20
    28     1  2003        1.79
    29     1  2003        0.00
    30     1  2003        0.00
    31     1  2003        0.00
     1     2  2003        0.00
     2     2  2003        0.00
     3     2  2003        0.00
     4     2  2003        0.00
     5     2  2003        0.00
     6     2  2003        0.00
     7     2  2003        0.00
     8     2  2003        0.00
     9     2  2003        0.00
    10     2  2003        0.00
    11     2  2003        0.20
    12     2  2003        0.00
    13     2  2003        0.00
    14     2  2003        0.20
    15     2  2003        0.00
    16     2  2003        0.40
    17     2  2003        0.00
    18     2  2003        0.00
    19     2  2003        0.00
    20     2  2003        0.00
    21     2  2003        0.20
    22     2  2003        0.00
    23     2  2003        0.00
    24     2  2003        0.20
    25     2  2003        0.20
    26     2  2003        0.20
    27     2  2003        0.00
    28     2  2003        0.00
     1     3  2003        0.00
     2     3  2003        0.00
     3     3  2003        0.00
     4     3  2003        0.00
     5     3  2003        0.00
     6     3  2003        0.00
     7     3  2003        0.00
     8     3  2003        0.00
     9     3  2003        0.00
    10     3  2003        0.00
    11     3  2003        0.20
    12     3  2003        0.00
    13     3  2003        0.00
    14     3  2003        0.00
    15     3  2003        0.20
    16     3  2003        0.00
    17     3  2003        0.20
    18     3  2003        0.20
    19     3  2003        0.00
    20     3  2003        1.37
    21     3  2003        0.59
    22     3  2003        0.00
    23     3  2003        0.00
    24     3  2003        0.00
    25     3  2003        0.00
    26     3  2003        0.00
    27     3  2003        0.00
    28     3  2003        0.00
    29     3  2003        0.42
    30     3  2003        0.20
    31     3  2003        0.20
     1     4  2003        1.58
     2     4  2003        2.18
     3     4  2003        0.20
     4     4  2003        0.00
     5     4  2003        0.00
     6     4  2003        0.79
     7     4  2003        0.39
     8     4  2003        0.20
     9     4  2003        0.00
    10     4  2003        0.00
    11     4  2003        0.00
    12     4  2003        0.00
    13     4  2003        0.00
    14     4  2003        0.00
    15     4  2003        0.00
    16     4  2003        0.00
    17     4  2003        0.00
    18     4  2003        0.00
    19     4  2003        0.00
    20     4  2003        0.00
    21     4  2003        0.00
    22     4  2003        1.18
    23     4  2003        0.00
    24     4  2003        0.00
    25     4  2003        0.79
    26     4  2003        0.00
    27     4  2003        1.57
    28     4  2003        3.74
    29     4  2003        1.96
    30     4  2003        0.00
     1     5  2003        0.00
     2     5  2003        0.42
     3     5  2003        0.00
     4     5  2003        0.00
     5     5  2003        0.20
     6     5  2003        0.00
     7     5  2003        0.00
     8     5  2003        0.20
     9     5  2003        0.00
    10     5  2003        0.00
    11     5  2003        0.00
    12     5  2003        0.00
    13     5  2003        0.00
    14     5  2003        0.00
    15     5  2003        0.00
    16     5  2003        0.00
    17     5  2003        0.00
    18     5  2003        0.00
    19     5  2003        0.00
    20     5  2003        0.00
    21     5  2003        0.00
    22     5  2003        0.59
    23     5  2003        0.00
    24     5  2003        0.00
    25     5  2003        0.20
    26     5  2003        0.00
    27     5  2003        0.20
    28     5  2003        0.00
    29     5  2003        0.00
    30     5  2003        1.38
    31     5  2003        0.00
     1     6  2003        0.00
     2     6  2003        0.00
     3     6  2003        0.00
     4     6  2003        0.00
     5     6  2003        0.00
     6     6  2003        0.00
     7     6  2003        0.20
     8     6  2003        1.01
     9     6  2003        0.99
    10     6  2003        0.00
    11     6  2003        0.00
    12     6  2003        0.00
    13     6  2003        1.77
    14     6  2003        0.00
    15     6  2003        1.78
    16     6  2003        0.00
    17     6  2003        0.98
    18     6  2003        0.20
    19     6  2003        0.20
    20     6  2003        0.42
    21     6  2003        0.59
    22     6  2003        0.20
    23     6  2003        0.00
    24     6  2003        0.00
    25     6  2003        0.00
    26     6  2003        0.00
    27     6  2003        0.00
    28     6  2003        0.00
    29     6  2003        0.00
    30     6  2003        0.00
     1     7  2003        0.00
     2     7  2003        0.00
     3     7  2003        0.60
     4     7  2003        0.00
     5     7  2003        1.19
     6     7  2003        0.00
     7     7  2003        0.00
     8     7  2003        0.00
     9     7  2003        0.00
    10     7  2003        0.00
    11     7  2003        0.00
    12     7  2003        0.00
    13     7  2003        0.00
    14     7  2003        0.00
    15     7  2003        0.00
    16     7  2003        0.00
    17     7  2003        0.00
    18     7  2003        0.00
    19     7  2003        0.00
    20     7  2003        0.00
    21     7  2003        0.00
    22     7  2003        0.00
    23     7  2003        0.00
    24     7  2003        0.00
    25     7  2003        0.00
    26     7  2003        0.00
    27     7  2003        0.00
    28     7  2003        0.20
    29     7  2003        0.20
    30     7  2003        0.59
    31     7  2003        1.77
     1     8  2003        0.00
     2     8  2003        0.00
     3     8  2003        0.00
     4     8  2003        0.00
     5     8  2003        0.00
     6     8  2003        0.00
     7     8  2003        0.00
     8     8  2003        0.20
     9     8  2003        0.00
    10     8  2003        0.00
    11     8  2003        0.00
    12     8  2003        0.00
    13     8  2003        0.59
    14     8  2003        0.00
    15     8  2003        0.00
    16     8  2003        0.00
    17     8  2003        0.00
    18     8  2003        0.00
    19     8  2003        0.00
    20     8  2003        0.00
    21     8  2003        0.00
    22     8  2003        0.00
    23     8  2003        0.00
    24     8  2003        0.00
    25     8  2003        0.00
    26     8  2003        0.00
    27     8  2003        0.00
    28     8  2003        0.00
    29     8  2003        0.00
    30     8  2003        0.00
    31     8  2003        0.00
     1     9  2003        0.20
     2     9  2003        0.00
     3     9  2003        0.00
     4     9  2003        0.00
     5     9  2003        0.00
     6     9  2003        0.00
     7     9  2003        0.00
     8     9  2003        0.00
     9     9  2003        0.00
    10     9  2003        0.00
    11     9  2003        0.00
    12     9  2003        0.00
    13     9  2003        0.00
    14     9  2003        0.00
    15     9  2003        0.00
    16     9  2003        0.20
    17     9  2003        0.00
    18     9  2003        0.00
    19     9  2003        0.00
    20     9  2003        0.00
    21     9  2003        0.00
    22     9  2003        0.00
    23     9  2003        0.20
    24     9  2003        0.00
    25     9  2003        0.00
    26     9  2003        0.00
    27     9  2003        0.00
    28     9  2003        0.20
    29     9  2003        3.74
    30     9  2003        1.77
     1    10  2003        0.99
     2    10  2003        1.38
     3    10  2003        0.20
     4    10  2003        0.00
     5    10  2003        0.00
     6    10  2003        0.00
     7    10  2003        0.00
     8    10  2003        0.00
     9    10  2003        0.00
    10    10  2003        0.59
    11    10  2003        0.00
    12    10  2003        0.40
    13    10  2003        0.00
    14    10  2003        1.37
    15    10  2003        1.22
    16    10  2003        1.38
    17    10  2003        2.56
    18    10  2003        0.79
    19    10  2003        0.00
    20    10  2003        0.00
    21    10  2003        0.00
    22    10  2003        0.20
    23    10  2003        0.00
    24    10  2003        0.00
    25    10  2003        0.00
    26    10  2003        0.00
    27    10  2003        0.00
    28    10  2003        0.00
    29    10  2003        0.00
    30    10  2003        0.00
    31    10  2003        0.00
     1    11  2003        0.00
     2    11  2003        0.00
     3    11  2003        0.00
     4    11  2003        0.00
     5    11  2003        0.00
     6    11  2003        0.00
     7    11  2003        0.00
     8    11  2003        0.00
     9    11  2003        0.00
    10    11  2003        0.00
    11    11  2003        0.00
    12    11  2003        0.00
    13    11  2003        1.39
    14    11  2003        0.20
    15    11  2003        0.00
    16    11  2003        0.00
    17    11  2003        0.00
    18    11  2003        0.00
    19    11  2003        0.00
    20    11  2003        0.00
    21    11  2003        0.00
    22    11  2003        0.00
    23    11  2003        0.00
    24    11  2003        0.00
    25    11  2003        0.00
    26    11  2003        0.00
    27    11  2003        0.00
    28    11  2003        0.00
    29    11  2003        0.00
    30    11  2003        0.20
     1    12  2003        0.00
     2    12  2003        0.00
     3    12  2003        0.00
     4    12  2003        0.00
     5    12  2003        0.00
     6    12  2003        0.00
     7    12  2003        0.00
     8    12  2003        0.00
     9    12  2003        0.00
    10    12  2003        0.00
    11    12  2003        0.00
    12    12  2003        0.00
    13    12  2003        0.00
    14    12  2003        0.00
    15    12  2003        0.00
    16    12  2003        0.00
    17    12  2003        0.00
    18    12  2003        0.00
    19    12  2003        0.00
    20    12  2003        0.00
    21    12  2003        0.20
    22    12  2003        0.00
    23    12  2003        0.20
    24    12  2003        4.74
    25    12  2003        2.16
    26    12  2003        0.60
    27    12  2003        0.20
    28    12  2003        0.39
    29    12  2003        0.00
    30    12  2003        0.00
    31    12  2003        0.00
     1     1  2004        0.20
     2     1  2004        0.98
     3     1  2004        0.00
     4     1  2004        0.00
     5     1  2004        0.00
     6     1  2004        0.00
     7     1  2004        0.00
     8     1  2004        0.00
     9     1  2004        0.00
    10     1  2004        0.00
    11     1  2004        0.00
    12     1  2004        0.00
    13     1  2004        0.00
    14     1  2004        0.00
    15     1  2004        0.00
    16     1  2004        0.00
    17     1  2004        0.00
    18     1  2004        0.20
    19     1  2004        0.00
    20     1  2004        0.00
    21     1  2004        0.00
    22     1  2004        0.00
    23     1  2004        0.00
    24     1  2004        0.00
    25     1  2004        0.00
    26     1  2004        0.00
    27     1  2004        0.00
    28     1  2004        0.00
    29     1  2004        0.00
    30     1  2004        0.00
    31     1  2004        0.00
     1     2  2004        0.00
     2     2  2004        0.00
     3     2  2004        0.00
     4     2  2004        0.00
     5     2  2004        0.00
     6     2  2004        0.00
     7     2  2004        0.00
     8     2  2004        0.00
     9     2  2004        0.00
    10     2  2004        0.60
    11     2  2004        0.00
    12     2  2004        0.00
    13     2  2004        0.00
    14     2  2004        0.00
    15     2  2004        0.00
    16     2  2004        0.00
    17     2  2004        0.20
    18     2  2004        0.00
    19     2  2004        0.00
    20     2  2004        0.00
    21     2  2004        0.00
    22     2  2004        0.00
    23     2  2004        0.00
    24     2  2004        0.00
    25     2  2004        0.00
    26     2  2004        0.00
    27     2  2004        0.00
    28     2  2004        0.00
    29     2  2004        0.00
     1     3  2004        0.00
     2     3  2004        0.00
     3     3  2004        0.00
     4     3  2004        0.00
     5     3  2004        0.00
     6     3  2004        0.20
     7     3  2004        1.77
     8     3  2004        0.39
     9     3  2004        0.00
    10     3  2004        0.00
    11     3  2004        0.00
    12     3  2004        0.00
    13     3  2004        0.20
    14     3  2004        0.00
    15     3  2004        0.00
    16     3  2004        0.00
    17     3  2004        0.00
    18     3  2004        0.00
    19     3  2004        0.00
    20     3  2004        0.00
    21     3  2004        0.00
    22     3  2004        0.00
    23     3  2004        0.00
    24     3  2004        0.00
    25     3  2004        0.00
    26     3  2004        0.00
    27     3  2004        0.00
    28     3  2004        0.00
    29     3  2004        0.00
    30     3  2004        0.00
    31     3  2004        0.00
     1     4  2004        0.00
     2     4  2004        0.00
     3     4  2004        0.00
     4     4  2004        0.78
     5     4  2004        0.00
     6     4  2004        0.00
     7     4  2004        0.00
     8     4  2004        0.00
     9     4  2004        0.00
    10     4  2004        0.00
    11     4  2004        0.00
    12     4  2004        0.00
    13     4  2004        0.00
    14     4  2004        0.00
    15     4  2004        0.00
    16     4  2004        0.20
    17     4  2004        0.60
    18     4  2004        0.00
    19     4  2004        1.57
    20     4  2004        0.00
    21     4  2004        0.00
    22     4  2004        0.20
    23     4  2004        0.00
    24     4  2004        0.00
    25     4  2004        0.00
    26     4  2004        0.00
    27     4  2004        0.00
    28     4  2004        0.00
    29     4  2004        0.00
    30     4  2004        0.00
     1     5  2004        0.00
     2     5  2004        0.00
     3     5  2004        0.00
     4     5  2004        0.00
     5     5  2004        0.00
     6     5  2004        0.00
     7     5  2004        0.00
     8     5  2004        0.20
     9     5  2004        1.97
    10     5  2004        3.93
    11     5  2004        0.20
    12     5  2004        0.99
    13     5  2004        2.16
    14     5  2004        2.18
    15     5  2004        1.97
    16     5  2004        0.20
    17     5  2004        0.20
    18     5  2004        0.00
    19     5  2004        0.00
    20     5  2004        0.00
    21     5  2004        0.00
    22     5  2004        0.00
    23     5  2004        0.00
    24     5  2004        0.00
    25     5  2004        0.00
    26     5  2004        0.00
    27     5  2004        0.00
    28     5  2004        0.00
    29     5  2004        0.00
    30     5  2004        0.00
    31     5  2004        0.00
     1     6  2004        0.00
     2     6  2004        0.00
     3     6  2004        0.00
     4     6  2004        0.00
     5     6  2004        0.00
     6     6  2004        2.56
     7     6  2004        7.47
     8     6  2004        1.21
     9     6  2004        1.38
    10     6  2004        1.41
    11     6  2004        0.40
    12     6  2004        2.39
    13     6  2004        2.75
    14     6  2004        0.39
    15     6  2004        0.00
    16     6  2004        0.59
    17     6  2004        0.00
    18     6  2004        0.00
    19     6  2004        0.00
    20     6  2004        0.20
    21     6  2004        0.00
    22     6  2004        0.00
    23     6  2004        0.00
    24     6  2004        0.00
    25     6  2004        0.79
    26     6  2004        0.00
    27     6  2004        0.00
    28     6  2004        0.20
    29     6  2004        0.00
    30     6  2004        0.00
     1     7  2004        1.19
     2     7  2004        0.00
     3     7  2004        0.00
     4     7  2004        0.79
     5     7  2004        0.20
     6     7  2004        0.00
     7     7  2004        0.00
     8     7  2004        0.79
     9     7  2004        0.00
    10     7  2004        0.00
    11     7  2004        0.00
    12     7  2004        0.00
    13     7  2004        0.20
    14     7  2004        0.00
    15     7  2004        0.00
    16     7  2004        0.00
    17     7  2004        0.00
    18     7  2004        0.00
    19     7  2004        0.00
    20     7  2004        0.00
    21     7  2004        0.40
    22     7  2004        0.00
    23     7  2004        0.00
    24     7  2004        0.00
    25     7  2004        0.20
    26     7  2004        0.00
    27     7  2004        0.00
    28     7  2004        0.00
    29     7  2004        0.00
    30     7  2004        0.00
    31     7  2004        0.00
     1     8  2004        0.00
     2     8  2004        0.00
     3     8  2004        0.00
     4     8  2004        0.00
     5     8  2004        0.00
     6     8  2004        1.97
     7     8  2004        0.20
     8     8  2004        0.00
     9     8  2004        0.00
    10     8  2004        0.00
    11     8  2004        0.99
    12     8  2004        0.60
    13     8  2004        0.80
    14     8  2004        0.20
    15     8  2004        0.00
    16     8  2004        0.00
    17     8  2004        1.18
    18     8  2004        2.99
    19     8  2004        0.62
    20     8  2004        0.00
    21     8  2004        0.59
    22     8  2004        2.75
    23     8  2004        0.20
    24     8  2004        0.00
    25     8  2004        0.20
    26     8  2004        0.00
    27     8  2004        0.00
    28     8  2004        0.20
    29     8  2004        0.00
    30     8  2004        0.00
    31     8  2004        0.59
     1     9  2004        0.00
     2     9  2004        0.00
     3     9  2004        0.00
     4     9  2004        0.00
     5     9  2004        0.00
     6     9  2004        0.00
     7     9  2004        0.00
     8     9  2004        0.00
     9     9  2004        0.00
    10     9  2004        0.00
    11     9  2004        0.00
    12     9  2004        0.00
    13     9  2004        0.00
    14     9  2004        0.00
    15     9  2004        0.00
    16     9  2004        0.62
    17     9  2004        0.00
    18     9  2004        1.18
    19     9  2004        0.20
    20     9  2004        0.00
    21     9  2004        0.00
    22     9  2004        0.00
    23     9  2004        0.00
    24     9  2004        0.00
    25     9  2004        0.00
    26     9  2004        0.00
    27     9  2004        0.00
    28     9  2004        0.00
    29     9  2004        0.00
    30     9  2004        0.00
     1    10  2004        0.00
     2    10  2004        0.00
     3    10  2004        0.00
     4    10  2004        0.00
     5    10  2004        0.00
     6    10  2004        0.00
     7    10  2004        0.00
     8    10  2004        0.20
     9    10  2004        0.00
    10    10  2004        0.00
    11    10  2004        0.00
    12    10  2004        0.00
    13    10  2004        0.42
    14    10  2004        0.00
    15    10  2004        0.00
    16    10  2004        0.59
    17    10  2004        0.00
    18    10  2004        0.00
    19    10  2004        0.40
    20    10  2004        0.00
    21    10  2004        0.00
    22    10  2004        0.00
    23    10  2004        0.00
    24    10  2004        0.00
    25    10  2004        0.00
    26    10  2004        0.20
    27    10  2004        0.00
    28    10  2004        0.00
    29    10  2004        0.00
    30    10  2004        0.20
    31    10  2004        0.20
     1    11  2004        0.00
     2    11  2004        0.00
     3    11  2004        0.20
     4    11  2004        0.00
     5    11  2004        0.00
     6    11  2004        0.00
     7    11  2004        0.00
     8    11  2004        1.38
     9    11  2004        0.00
    10    11  2004        4.14
    11    11  2004        1.38
    12    11  2004        3.35
    13    11  2004        0.80
    14    11  2004        0.40
    15    11  2004        1.39
    16    11  2004       15.14
    17    11  2004        1.59
    18    11  2004        0.00
    19    11  2004        0.00
    20    11  2004        0.20
    21    11  2004        0.00
    22    11  2004        0.99
    23    11  2004        0.98
    24    11  2004        7.47
    25    11  2004        1.38
    26    11  2004        1.19
    27    11  2004        2.36
    28    11  2004        2.56
    29    11  2004        0.62
    30    11  2004        0.20
     1    12  2004        0.98
     2    12  2004        0.00
     3    12  2004        0.00
     4    12  2004        0.00
     5    12  2004        0.00
     6    12  2004        0.20
     7    12  2004        0.00
     8    12  2004        0.00
     9    12  2004        0.00
    10    12  2004        0.00
    11    12  2004        0.00
    12    12  2004        0.00
    13    12  2004        0.20
    14    12  2004        1.37
    15    12  2004        0.00
    16    12  2004        1.96
    17    12  2004        0.20
    18    12  2004        1.18
    19    12  2004        0.00
    20    12  2004        0.60
    21    12  2004        0.00
    22    12  2004        1.77
    23    12  2004        0.62
    24    12  2004        0.59
    25    12  2004        0.00
    26    12  2004        0.39
    27    12  2004        0.98
    28    12  2004        6.28
    29    12  2004        1.97
    30    12  2004        0.00
    31    12  2004        1.37
     1     1  2005        1.57
     2     1  2005        1.18
     3     1  2005        0.20
     4     1  2005        0.00
     5     1  2005        0.00
     6     1  2005        1.19
     7     1  2005        1.37
     8     1  2005        0.20
     9     1  2005        0.00
    10     1  2005        0.00
    11     1  2005        0.20
    12     1  2005        0.20
    13     1  2005        0.00
    14     1  2005        0.00
    15     1  2005        0.00
    16     1  2005        0.00
    17     1  2005        0.00
    18     1  2005        0.00
    19     1  2005        0.00
    20     1  2005        0.00
    21     1  2005        0.00
    22     1  2005        0.00
    23     1  2005        0.00
    24     1  2005        0.00
    25     1  2005        0.00
    26     1  2005        0.00
    27     1  2005        0.00
    28     1  2005        0.20
    29     1  2005        0.20
    30     1  2005        0.00
    31     1  2005        0.00
     1     2  2005        1.19
     2     2  2005        0.40
     3     2  2005        0.00
     4     2  2005        0.00
     5     2  2005        0.60
     6     2  2005        0.60
     7     2  2005        0.82
     8     2  2005        0.59
     9     2  2005        0.20
    10     2  2005        0.78
    11     2  2005        0.20
    12     2  2005        0.59
    13     2  2005        0.59
    14     2  2005        0.00
    15     2  2005        0.40
    16     2  2005        0.20
    17     2  2005        0.79
    18     2  2005        1.18
    19     2  2005        1.58
    20     2  2005        0.99
    21     2  2005        4.91
    22     2  2005        1.18
    23     2  2005        0.40
    24     2  2005        0.20
    25     2  2005        1.57
    26     2  2005        0.39
    27     2  2005        0.20
    28     2  2005        0.00
     1     3  2005        0.60
     2     3  2005        0.20
     3     3  2005        0.00
     4     3  2005        0.20
     5     3  2005        0.00
     6     3  2005        0.00
     7     3  2005        0.00
     8     3  2005        2.56
     9     3  2005        0.00
    10     3  2005        0.20
    11     3  2005        0.00
    12     3  2005        0.00
    13     3  2005        0.20
    14     3  2005        4.72
    15     3  2005        3.94
    16     3  2005        0.20
    17     3  2005        0.39
    18     3  2005        0.59
    19     3  2005        0.00
    20     3  2005        0.00
    21     3  2005        0.00
    22     3  2005        0.00
    23     3  2005        0.00
    24     3  2005        0.20
    25     3  2005        0.20
    26     3  2005        0.79
    27     3  2005        0.00
    28     3  2005        0.20
    29     3  2005        0.00
    30     3  2005        3.73
    31     3  2005       11.38
     1     4  2005       20.40
     2     4  2005        1.59
     3     4  2005        0.40
     4     4  2005        0.00
     5     4  2005        0.00
     6     4  2005        0.00
     7     4  2005        0.20
     8     4  2005        0.40
     9     4  2005        1.19
    10     4  2005        2.17
    11     4  2005        2.75
    12     4  2005        0.99
    13     4  2005        0.00
    14     4  2005        0.20
    15     4  2005        0.20
    16     4  2005        0.40
    17     4  2005        0.60
    18     4  2005        1.22
    19     4  2005        0.20
    20     4  2005        0.00
    21     4  2005        0.00
    22     4  2005        0.00
    23     4  2005        0.20
    24     4  2005        0.00
    25     4  2005        0.00
    26     4  2005        0.00
    27     4  2005        0.00
    28     4  2005        0.00
    29     4  2005        0.00
    30     4  2005        0.00
     1     5  2005        0.00
     2     5  2005        0.00
     3     5  2005        0.00
     4     5  2005        0.00
     5     5  2005        0.20
     6     5  2005        0.20
     7     5  2005        0.00
     8     5  2005        0.00
     9     5  2005        0.00
    10     5  2005        0.00
    11     5  2005        0.00
    12     5  2005        0.00
    13     5  2005        0.20
    14     5  2005        0.00
    15     5  2005        0.20
    16     5  2005        0.00
    17     5  2005        0.00
    18     5  2005        0.39
    19     5  2005        0.00
    20     5  2005        0.00
    21     5  2005        0.00
    22     5  2005        0.00
    23     5  2005        0.00
    24     5  2005        0.00
    25     5  2005        0.00
    26     5  2005        0.00
    27     5  2005        0.00
    28     5  2005        0.00
    29     5  2005        0.00
    30     5  2005        0.00
    31     5  2005        0.00
     1     6  2005        0.20
     2     6  2005        0.00
     3     6  2005        0.20
     4     6  2005        0.40
     5     6  2005        0.00
     6     6  2005        0.42
     7     6  2005        0.00
     8     6  2005        0.00
     9     6  2005        0.00
    10     6  2005        1.97
    11     6  2005        1.97
    12     6  2005        0.00
    13     6  2005        0.98
    14     6  2005        0.00
    15     6  2005        0.00
    16     6  2005        0.20
    17     6  2005        0.20
    18     6  2005        0.00
    19     6  2005        0.00
    20     6  2005        0.00
    21     6  2005        0.00
    22     6  2005        0.00
    23     6  2005        0.00
    24     6  2005        0.00
    25     6  2005        0.00
    26     6  2005        0.00
    27     6  2005        0.20
    28     6  2005        0.00
    29     6  2005        0.00
    30     6  2005        0.00
     1     7  2005        0.00
     2     7  2005        0.00
     3     7  2005        0.00
     4     7  2005        0.20
     5     7  2005        0.00
     6     7  2005        0.00
     7     7  2005        0.00
     8     7  2005        0.00
     9     7  2005        0.00
    10     7  2005        0.00
    11     7  2005        0.00
    12     7  2005        0.00
    13     7  2005        0.00
    14     7  2005        0.00
    15     7  2005        0.00
    16     7  2005        0.00
    17     7  2005        0.00
    18     7  2005        0.00
    19     7  2005        0.00
    20     7  2005        0.00
    21     7  2005        0.00
    22     7  2005        0.00
    23     7  2005        0.00
    24     7  2005        0.00
    25     7  2005        0.00
    26     7  2005        0.00
    27     7  2005        0.00
    28     7  2005        0.00
    29     7  2005        0.00
    30     7  2005        0.00
    31     7  2005        0.00
     1     8  2005        0.00
     2     8  2005        0.00
     3     8  2005        0.00
     4     8  2005        0.00
     5     8  2005        0.00
     6     8  2005        0.00
     7     8  2005        0.00
     8     8  2005        0.00
     9     8  2005        0.00
    10     8  2005        0.00
    11     8  2005        0.00
    12     8  2005        0.00
    13     8  2005        0.00
    14     8  2005        0.00
    15     8  2005        0.00
    16     8  2005        0.00
    17     8  2005        0.00
    18     8  2005        0.00
    19     8  2005        0.00
    20     8  2005        0.00
    21     8  2005        0.00
    22     8  2005        0.00
    23     8  2005        0.00
    24     8  2005        0.00
    25     8  2005        0.00
    26     8  2005        0.00
    27     8  2005        0.00
    28     8  2005        0.00
    29     8  2005        0.00
    30     8  2005        0.00
    31     8  2005        0.00
     1     9  2005        0.00
     2     9  2005        0.00
     3     9  2005        0.00
     4     9  2005        0.00
     5     9  2005        0.00
     6     9  2005        0.00
     7     9  2005        0.00
     8     9  2005        0.00
     9     9  2005        0.00
    10     9  2005        0.00
    11     9  2005        0.00
    12     9  2005        0.00
    13     9  2005        0.00
    14     9  2005        0.00
    15     9  2005        0.00
    16     9  2005        0.00
    17     9  2005        0.00
    18     9  2005        0.00
    19     9  2005        0.00
    20     9  2005        0.00
    21     9  2005        0.00
    22     9  2005        0.00
    23     9  2005        0.00
    24     9  2005        0.00
    25     9  2005        0.00
    26     9  2005        0.00
    27     9  2005        0.00
    28     9  2005        0.00
    29     9  2005        0.00
    30     9  2005        0.00
     1    10  2005        0.00
     2    10  2005        0.40
     3    10  2005        1.78
     4    10  2005        2.55
     5    10  2005        0.00
     6    10  2005        0.00
     7    10  2005        0.00
     8    10  2005        0.00
     9    10  2005        0.00
    10    10  2005        0.00
    11    10  2005        0.99
    12    10  2005        4.13
    13    10  2005        0.00
    14    10  2005        0.00
    15    10  2005        0.00
    16    10  2005        0.00
    17    10  2005        0.00
    18    10  2005        0.00
    19    10  2005        0.00
    20    10  2005        0.39
    21    10  2005        0.60
    22    10  2005        1.96
    23    10  2005        0.00
    24    10  2005        0.00
    25    10  2005        1.58
    26    10  2005        0.00
    27    10  2005        0.00
    28    10  2005        0.00
    29    10  2005        0.00
    30    10  2005        0.00
    31    10  2005        0.00
     1    11  2005        0.00
     2    11  2005        0.20
     3    11  2005        0.00
     4    11  2005        0.00
     5    11  2005        0.00
     6    11  2005        0.00
     7    11  2005        0.00
     8    11  2005        0.00
     9    11  2005        0.00
    10    11  2005        0.00
    11    11  2005        0.79
    12    11  2005        0.40
    13    11  2005        0.20
    14    11  2005        0.00
    15    11  2005        1.18
    16    11  2005        0.00
    17    11  2005        0.00
    18    11  2005        0.00
    19    11  2005        0.00
    20    11  2005        0.00
    21    11  2005        0.00
    22    11  2005        0.00
    23    11  2005        1.38
    24    11  2005        0.00
    25    11  2005        0.20
    26    11  2005        0.00
    27    11  2005        0.00
    28    11  2005        0.00
    29    11  2005        0.00
    30    11  2005        0.00
     1    12  2005        0.00
     2    12  2005        0.00
     3    12  2005        0.00
     4    12  2005        0.79
     5    12  2005        2.17
     6    12  2005        0.20
     7    12  2005        0.00
     8    12  2005        0.00
     9    12  2005        0.20
    10    12  2005        0.00
    11    12  2005        0.00
    12    12  2005        0.00
    13    12  2005        0.00
    14    12  2005        0.00
    15    12  2005        0.39
    16    12  2005        0.59
    17    12  2005        1.19
    18    12  2005        0.00
    19    12  2005        2.36
    20    12  2005        1.18
    21    12  2005        0.79
    22    12  2005        0.39
    23    12  2005        0.39
    24    12  2005        0.98
    25    12  2005        0.20
    26    12  2005        0.00
    27    12  2005        2.56
    28    12  2005        0.20
    29    12  2005        0.60
    30    12  2005        0.00
    31    12  2005        0.00
     1     1  2006        1.01
     2     1  2006        0.79
     3     1  2006        0.40
     4     1  2006        0.79
     5     1  2006        0.20
     6     1  2006        0.00
     7     1  2006        0.00
     8     1  2006        0.00
     9     1  2006        0.00
    10     1  2006        0.00
    11     1  2006        0.00
    12     1  2006        0.39
    13     1  2006        0.00
    14     1  2006        0.00
    15     1  2006        0.20
    16     1  2006        0.00
    17     1  2006        0.59
    18     1  2006        0.00
    19     1  2006        0.00
    20     1  2006        0.00
    21     1  2006        3.54
    22     1  2006        0.00
    23     1  2006        4.75
    24     1  2006        1.77
    25     1  2006        0.20
    26     1  2006        0.00
    27     1  2006        3.35
    28     1  2006        0.39
    29     1  2006        0.00
    30     1  2006        0.00
    31     1  2006        0.00
     1     2  2006        0.00
     2     2  2006        0.00
     3     2  2006        0.00
     4     2  2006        0.00
     5     2  2006        0.00
     6     2  2006        0.20
     7     2  2006        0.00
     8     2  2006        0.00
     9     2  2006        0.00
    10     2  2006        0.00
    11     2  2006        0.00
    12     2  2006        0.00
    13     2  2006        0.00
    14     2  2006        0.00
    15     2  2006        0.00
    16     2  2006        0.00
    17     2  2006        0.00
    18     2  2006        0.20
    19     2  2006        0.00
    20     2  2006        0.00
    21     2  2006        0.20
    22     2  2006        0.00
    23     2  2006        0.00
    24     2  2006        0.00
    25     2  2006        0.00
    26     2  2006        0.20
    27     2  2006        0.59
    28     2  2006        0.20
     1     3  2006        0.00
     2     3  2006        0.00
     3     3  2006        0.00
     4     3  2006        0.00
     5     3  2006        0.00
     6     3  2006        0.00
     7     3  2006        0.00
     8     3  2006        0.00
     9     3  2006        0.00
    10     3  2006        0.00
    11     3  2006        0.40
    12     3  2006        0.40
    13     3  2006        0.99
    14     3  2006        1.18
    15     3  2006        0.20
    16     3  2006        0.00
    17     3  2006        0.20
    18     3  2006        0.00
    19     3  2006        0.20
    20     3  2006        0.79
    21     3  2006        0.00
    22     3  2006        0.20
    23     3  2006        0.00
    24     3  2006        0.00
    25     3  2006        0.00
    26     3  2006        0.00
    27     3  2006        0.00
    28     3  2006        0.00
    29     3  2006        0.00
    30     3  2006        0.00
    31     3  2006        0.00
     1     4  2006        0.00
     2     4  2006        0.00
     3     4  2006        0.00
     4     4  2006        0.00
     5     4  2006        0.00
     6     4  2006        0.00
     7     4  2006        0.20
     8     4  2006        0.00
     9     4  2006        0.20
    10     4  2006        0.20
    11     4  2006        0.20
    12     4  2006        0.20
    13     4  2006        0.00
    14     4  2006        0.20
    15     4  2006        0.20
    16     4  2006        0.00
    17     4  2006        0.00
    18     4  2006        0.00
    19     4  2006        0.20
    20     4  2006        0.00
    21     4  2006        0.00
    22     4  2006        0.20
    23     4  2006        0.00
    24     4  2006        0.00
    25     4  2006        0.00
    26     4  2006        0.00
    27     4  2006        0.00
    28     4  2006        0.00
    29     4  2006        0.00
    30     4  2006        0.00
     1     5  2006        0.00
     2     5  2006        0.00
     3     5  2006        0.00
     4     5  2006        0.00
     5     5  2006        0.00
     6     5  2006        0.00
     7     5  2006        0.00
     8     5  2006        0.00
     9     5  2006        0.00
    10     5  2006        0.00
    11     5  2006        0.00
    12     5  2006        0.00
    13     5  2006        0.00
    14     5  2006        0.40
    15     5  2006        0.40
    16     5  2006        0.20
    17     5  2006        0.00
    18     5  2006        0.20
    19     5  2006        0.00
    20     5  2006        0.20
    21     5  2006        0.00
    22     5  2006        0.00
    23     5  2006        0.20
    24     5  2006        0.00
    25     5  2006        0.00
    26     5  2006        0.00
    27     5  2006        0.00
    28     5  2006        0.99
    29     5  2006        0.20
    30     5  2006        0.00
    31     5  2006        0.40
     1     6  2006        0.00
     2     6  2006        0.20
     3     6  2006        0.60
     4     6  2006        0.60
     5     6  2006        0.00
     6     6  2006        0.00
     7     6  2006        2.75
     8     6  2006        0.00
     9     6  2006        0.00
    10     6  2006        1.37
    11     6  2006        0.82
    12     6  2006        0.00
    13     6  2006        0.00
    14     6  2006        0.80
    15     6  2006        0.00
    16     6  2006        0.00
    17     6  2006        0.39
    18     6  2006        3.14
    19     6  2006        0.42
    20     6  2006        0.60
    21     6  2006        0.80
    22     6  2006        0.82
    23     6  2006        0.00
    24     6  2006        0.00
    25     6  2006        0.39
    26     6  2006        0.20
    27     6  2006        0.00
    28     6  2006        1.18
    29     6  2006        2.15
    30     6  2006        0.79
     1     7  2006        0.00
     2     7  2006        0.00
     3     7  2006        0.00
     4     7  2006        1.57
     5     7  2006        0.39
     6     7  2006        0.00
     7     7  2006        0.00
     8     7  2006        0.00
     9     7  2006        0.00
    10     7  2006        0.00
    11     7  2006        0.00
    12     7  2006        0.20
    13     7  2006        0.00
    14     7  2006        0.00
    15     7  2006        0.00
    16     7  2006        0.82
    17     7  2006        0.20
    18     7  2006        0.59
    19     7  2006        0.00
    20     7  2006        0.00
    21     7  2006        1.57
    22     7  2006        0.00
    23     7  2006        0.00
    24     7  2006        0.20
    25     7  2006        0.00
    26     7  2006        0.00
    27     7  2006        0.00
    28     7  2006        0.00
    29     7  2006        0.00
    30     7  2006        0.00
    31     7  2006        0.00
     1     8  2006        0.00
     2     8  2006        0.00
     3     8  2006        0.00
     4     8  2006        0.00
     5     8  2006        0.00
     6     8  2006        0.00
     7     8  2006        0.00
     8     8  2006        0.00
     9     8  2006        0.00
    10     8  2006        0.00
    11     8  2006        0.00
    12     8  2006        0.00
    13     8  2006        0.00
    14     8  2006        0.00
    15     8  2006        0.00
    16     8  2006        0.00
    17     8  2006        0.20
    18     8  2006        0.00
    19     8  2006        0.00
    20     8  2006        0.00
    21     8  2006        0.00
    22     8  2006        0.00
    23     8  2006        0.00
    24     8  2006        0.00
    25     8  2006        0.00
    26     8  2006        0.00
    27     8  2006        0.00
    28     8  2006        1.18
    29     8  2006        0.00
    30     8  2006        0.00
    31     8  2006        0.40
     1     9  2006        0.39
     2     9  2006        1.38
     3     9  2006        1.38
     4     9  2006        1.39
     5     9  2006        0.40
     6     9  2006        1.18
     7     9  2006        0.00
     8     9  2006        0.40
     9     9  2006        0.00
    10     9  2006        0.59
    11     9  2006        0.00
    12     9  2006        0.00
    13     9  2006        0.60
    14     9  2006        0.80
    15     9  2006        0.99
    16     9  2006        0.00
    17     9  2006        0.00
    18     9  2006        1.38
    19     9  2006        0.40
    20     9  2006        0.20
    21     9  2006        0.00
    22     9  2006        1.18
    23     9  2006        0.39
    24     9  2006        0.20
    25     9  2006        0.00
    26     9  2006        0.00
    27     9  2006        0.00
    28     9  2006        0.00
    29     9  2006        0.00
    30     9  2006        0.00
     1    10  2006        0.00
     2    10  2006        0.00
     3    10  2006        0.00
     4    10  2006        0.00
     5    10  2006        0.00
     6    10  2006        0.00
     7    10  2006        0.00
     8    10  2006        0.00
     9    10  2006        0.00
    10    10  2006        0.00
    11    10  2006        0.00
    12    10  2006        0.00
    13    10  2006        0.00
    14    10  2006        0.00
    15    10  2006        0.00
    16    10  2006        0.00
    17    10  2006        0.00
    18    10  2006        0.00
    19    10  2006        0.42
    20    10  2006        0.00
    21    10  2006        0.00
    22    10  2006        0.00
    23    10  2006        0.79
    24    10  2006        0.99
    25    10  2006        0.39
    26    10  2006        0.00
    27    10  2006        0.00
    28    10  2006        0.60
    29    10  2006        0.00
    30    10  2006        0.00
    31    10  2006        0.00
     1    11  2006        0.40
     2    11  2006        0.00
     3    11  2006        0.00
     4    11  2006        0.00
     5    11  2006        0.00
     6    11  2006        0.00
     7    11  2006        0.00
     8    11  2006        0.00
     9    11  2006        0.00
    10    11  2006        0.20
    11    11  2006        0.00
    12    11  2006        0.00
    13    11  2006        0.00
    14    11  2006        0.00
    15    11  2006        0.00
    16    11  2006        0.00
    17    11  2006        0.00
    18    11  2006        0.20
    19    11  2006        0.20
    20    11  2006        0.60
    21    11  2006        0.82
    22    11  2006        0.00
    23    11  2006        1.97
    24    11  2006        0.62
    25    11  2006        0.20
    26    11  2006        0.20
    27    11  2006        0.00
    28    11  2006        0.00
    29    11  2006        0.00
    30    11  2006        0.00
     1    12  2006        0.40
     2    12  2006        0.00
     3    12  2006        0.00
     4    12  2006        0.00
     5    12  2006        0.00
     6    12  2006        0.39
     7    12  2006        0.98
     8    12  2006        0.00
     9    12  2006        0.00
    10    12  2006        0.00
    11    12  2006        0.20
    12    12  2006        0.00
    13    12  2006        0.00
    14    12  2006        0.00
    15    12  2006        0.00
    16    12  2006        0.00
    17    12  2006        0.00
    18    12  2006        0.00
    19    12  2006        0.00
    20    12  2006        0.00
    21    12  2006        0.00
    22    12  2006        0.00
    23    12  2006        1.37
    24    12  2006        0.20
    25    12  2006        0.00
    26    12  2006        0.00
    27    12  2006        0.39
    28    12  2006        0.40
    29    12  2006        1.21
    30    12  2006        2.55
    31    12  2006        5.11
     1     1  2007        1.78
     2     1  2007        0.59
     3     1  2007        4.91
     4     1  2007        0.00
     5     1  2007        0.00
     6     1  2007        0.00
     7     1  2007        0.00
     8     1  2007        0.20
     9     1  2007        0.00
    10     1  2007        0.00
    11     1  2007        0.00
    12     1  2007        0.00
    13     1  2007        0.00
    14     1  2007        0.00
    15     1  2007        0.00
    16     1  2007        0.00
    17     1  2007        0.00
